1 0.33468364197530864 0.796630859375 0.10146604938271606 0.15087890625
1 0.6608796296296297 0.57958984375 0.03009259259259259 0.0419921875
1 0.3618827160493827 0.5673828125 0.030864197530864196 0.02734375
1 0.24440586419753085 0.529296875 0.015046296296296295 0.0234375
1 0.5190972222222222 0.520263671875 0.011188271604938271 0.01904296875
1 0.9066358024691358 0.548828125 0.026234567901234566 0.021484375
1 0.699266975308642 0.51318359375 0.009645061728395061 0.0166015625
1 0.6275077160493827 0.502685546875 0.005015432098765432 0.01220703125
0 0.14641203703703703 0.58349609375 0.03279320987654321 0.048828125
0 0.4253472222222222 0.61767578125 0.03896604938271605 0.0546875
0 0.7075617283950617 0.633056640625 0.05324074074074074 0.04638671875
0 0.5896990740740741 0.5478515625 0.021219135802469136 0.029296875
0 0.3915895061728395 0.534423828125 0.015432098765432098 0.02392578125
0 0.8304398148148148 0.527587890625 0.01427469135802469 0.02294921875
0 0.7432484567901234 0.52587890625 0.016589506172839507 0.0224609375
0 0.6298225308641975 0.509033203125 0.008873456790123456 0.01513671875