1 0.8440625 0.64875 0.066875 0.175
1 0.021875 0.4175 0.02 0.0525
1 0.0646875 0.339375 0.009375 0.02375
1 0.1421875 0.3375 0.009375 0.0225
1 0.205625 0.388125 0.01625 0.04125
1 0.335 0.37 0.015 0.035
1 0.334375 0.326875 0.0075 0.01875
1 0.38 0.325 0.0075 0.0175
1 0.43875 0.353125 0.01125 0.02875
1 0.44375 0.32125 0.00625 0.0175
1 0.4740625 0.32125 0.006875 0.02
1 0.501875 0.33875 0.01 0.025
1 0.49625 0.32125 0.00625 0.02
1 0.528125 0.33125 0.01 0.0225
1 0.5190625 0.32625 0.006875 0.0175
0 0.3940625 0.525 0.045625 0.1075
0 0.20625 0.456875 0.03 0.07375
0 0.0240625 0.336875 0.009375 0.02375
0 0.10125 0.335 0.00875 0.025
0 0.18375 0.331875 0.0075 0.02125
0 0.2834375 0.419375 0.025625 0.05625
0 0.3984375 0.39375 0.018125 0.05
0 0.3325 0.32125 0.00625 0.0175
0 0.435 0.32 0.00625 0.0175
0 0.506875 0.373125 0.01625 0.04125
0 0.514375 0.315625 0.00625 0.01875
0 0.57125 0.314375 0.0075 0.01875
0 0.595 0.316875 0.0075 0.02125
0 0.619375 0.320625 0.0075 0.02125
0 0.601875 0.35125 0.01375 0.0375
0 0.651875 0.338125 0.0125 0.03125
0 0.648125 0.326875 0.0075 0.02375