1 0.3965625 0.441875 0.019375 0.05125
1 0.2771875 0.590625 0.044375 0.11625
1 0.3590625 0.49125 0.028125 0.0725
1 0.41625 0.41375 0.015 0.0425
1 0.43125 0.398125 0.0125 0.03375
1 0.4425 0.386875 0.01 0.02875
1 0.449375 0.37875 0.00875 0.025
1 0.455 0.37125 0.0075 0.0225
0 0.709375 0.488125 0.02875 0.07375
0 0.8346875 0.583125 0.048125 0.11625
0 0.6525 0.440625 0.02 0.05375
0 0.5959375 0.398125 0.013125 0.03625
0 0.6190625 0.415 0.015625 0.0425
0 0.5828125 0.386875 0.010625 0.03125
0 0.5721875 0.379375 0.009375 0.02625
0 0.5640625 0.37375 0.008125 0.0225