1 0.09125 0.448125 0.025 0.06375
1 0.215 0.409375 0.01875 0.04875
1 0.2946875 0.3825 0.014375 0.035
1 0.0690625 0.344375 0.010625 0.02625
1 0.205625 0.335 0.00875 0.025
1 0.3103125 0.32625 0.006875 0.025
1 0.4071875 0.321875 0.006875 0.02125
1 0.3875 0.3575 0.01125 0.03
1 0.4640625 0.343125 0.010625 0.02875
1 0.4746875 0.319375 0.008125 0.02375
1 0.515625 0.33375 0.00875 0.025
1 0.536875 0.3225 0.0075 0.0225
1 0.986875 0.329375 0.01625 0.01875
1 0.9190625 0.316875 0.014375 0.01625
1 0.86 0.304375 0.01125 0.01375
1 0.8303125 0.29875 0.010625 0.0125
0 0.096875 0.33125 0.00875 0.025
0 0.21375 0.32375 0.00875 0.0225
0 0.30625 0.319375 0.00875 0.02375
0 0.3765625 0.313125 0.006875 0.01875
0 0.4721875 0.440625 0.028125 0.06625
0 0.4653125 0.40125 0.016875 0.0475
0 0.488125 0.378125 0.01375 0.03625
0 0.453125 0.310625 0.0075 0.02125
0 0.8253125 0.71875 0.089375 0.2
0 0.5771875 0.35625 0.011875 0.0325
0 0.5325 0.309375 0.0075 0.01875
0 0.595625 0.3125 0.0075 0.02
0 0.645625 0.318125 0.00875 0.02375
0 0.6509375 0.34 0.009375 0.0275
0 0.6834375 0.324375 0.008125 0.02625