1 0.2371875 0.4725 0.026875 0.075
1 0.1425 0.35875 0.015 0.0375
1 0.0746875 0.3425 0.011875 0.035
1 0.1896875 0.384375 0.016875 0.04375
1 0.0075 0.34625 0.01 0.0275
1 0.221875 0.421875 0.0175 0.05625
1 0.3625 0.32 0.00625 0.0175
1 0.23625 0.315625 0.00625 0.01625
1 0.07125 0.311875 0.00625 0.01625
1 0.86625 0.3575 0.015 0.0375
0 0.869375 0.400625 0.02125 0.05125
0 0.4846875 0.404375 0.018125 0.05125
0 0.58375 0.44625 0.02375 0.065
0 0.77 0.56 0.04625 0.1225
0 0.42 0.375625 0.015 0.03625
0 0.273125 0.348125 0.0125 0.03375
0 0.12375 0.3325 0.01 0.0275
0 0.710625 0.36875 0.0175 0.0425
0 0.3578125 0.359375 0.011875 0.03375
0 0.3978125 0.32375 0.009375 0.0225
0 0.1815625 0.335625 0.010625 0.02875
0 0.6146875 0.348125 0.011875 0.03375
0 0.7775 0.344375 0.015 0.03625
0 0.4896875 0.333125 0.009375 0.02875
0 0.5640625 0.34 0.010625 0.0275
0 0.0425 0.331875 0.01 0.02125
0 0.101875 0.316875 0.0075 0.01625
0 0.445625 0.320625 0.00875 0.02375
0 0.30375 0.32125 0.005 0.02
0 0.6503125 0.330625 0.010625 0.02625
0 0.225 0.319375 0.0075 0.01625
0 0.5528125 0.326875 0.010625 0.02625
0 0.005625 0.320625 0.00625 0.01625