1 0.2631172839506173 0.572509765625 0.03009259259259259 0.04052734375
1 0.4722222222222222 0.54296875 0.017746913580246913 0.02734375
1 0.6809413580246914 0.5439453125 0.016203703703703703 0.0263671875
1 0.6693672839506173 0.532958984375 0.013117283950617283 0.02197265625
1 0.7750771604938271 0.51318359375 0.008487654320987654 0.0126953125
1 0.8169367283950617 0.525146484375 0.011188271604938271 0.01806640625
1 0.8339120370370371 0.552734375 0.02044753086419753 0.029296875
1 0.9643132716049383 0.5166015625 0.009645061728395061 0.013671875
1 0.9787808641975309 0.538818359375 0.016203703703703703 0.02294921875
1 0.9911265432098766 0.52978515625 0.014660493827160493 0.01953125
1 0.9944058641975309 0.521728515625 0.010416666666666666 0.01513671875
0 0.2351466049382716 0.773193359375 0.09297839506172839 0.14404296875
0 0.20717592592592593 0.55029296875 0.016975308641975308 0.0322265625
0 0.5343364197530864 0.54638671875 0.020061728395061727 0.029296875
0 0.5387731481481481 0.53662109375 0.013503086419753086 0.0244140625
0 0.7442129629629629 0.527587890625 0.013117283950617283 0.02001953125
0 0.8088348765432098 0.509765625 0.008873456790123456 0.01171875
0 0.9446373456790124 0.64599609375 0.048996913580246916 0.07421875
0 0.919945987654321 0.5107421875 0.008873456790123456 0.0126953125