1 0.01875 0.375625 0.01875 0.05375
1 0.1475 0.38125 0.02 0.0525
1 0.20125 0.316875 0.01 0.01375
1 0.2515625 0.320625 0.011875 0.01625
1 0.3009375 0.325625 0.013125 0.01875
1 0.2196875 0.416875 0.023125 0.05875
1 0.2309375 0.521875 0.041875 0.10625
1 0.4096875 0.336875 0.011875 0.01875
1 0.5165625 0.355625 0.014375 0.02125
0 0.0103125 0.34875 0.014375 0.04
0 0.2046875 0.35125 0.014375 0.0375
0 0.3690625 0.37 0.014375 0.04
0 0.4909375 0.40375 0.018125 0.05
0 0.6221875 0.45875 0.028125 0.075
0 0.7665625 0.60375 0.054375 0.1475