1 0.01 0.524375 0.02 0.09875
1 0.0246875 0.360625 0.010625 0.01875
1 0.143125 0.35625 0.01 0.02
1 0.2759375 0.351875 0.009375 0.02125
1 0.446875 0.34625 0.00875 0.0175
1 0.6346875 0.34625 0.008125 0.0175
1 0.99375 0.386875 0.01125 0.03625
0 0.7128125 0.56625 0.054375 0.13
0 0.3978125 0.415 0.020625 0.0575
0 0.2178125 0.4075 0.019375 0.0525
0 0.4959375 0.44875 0.029375 0.0725
0 0.9846875 0.38375 0.011875 0.0375
0 0.9778125 0.366875 0.008125 0.02375
0 0.973125 0.35875 0.0075 0.0225
0 0.96875 0.35 0.00625 0.02
0 0.96375 0.344375 0.005 0.01625
0 0.9784375 0.331875 0.004375 0.01375
0 0.951875 0.339375 0.005 0.01875
0 0.9215625 0.335625 0.004375 0.01625
0 0.9184375 0.32875 0.003125 0.0125