1 0.3425 0.3825 0.01625 0.04
1 0.2240625 0.500625 0.034375 0.09125
1 0.076875 0.36625 0.01125 0.035
1 0.3859375 0.429375 0.021875 0.06125
1 0.815625 0.35125 0.01125 0.0275
1 0.4046875 0.396875 0.015625 0.04625
1 0.985 0.35875 0.01125 0.03
1 0.2190625 0.374375 0.010625 0.03625
1 0.6053125 0.341875 0.010625 0.02625
1 0.6896875 0.345625 0.009375 0.02625
1 0.540625 0.340625 0.00875 0.02625
0 0.9778125 0.44125 0.026875 0.0675
0 0.63 0.360625 0.01375 0.03375
0 0.880625 0.37875 0.01625 0.04
0 0.5821875 0.36625 0.014375 0.0375
0 0.6959375 0.38125 0.016875 0.045
0 0.7465625 0.365 0.013125 0.0375
0 0.7971875 0.438125 0.025625 0.06625
0 0.7496875 0.48375 0.031875 0.085
0 0.85375 0.5775 0.06125 0.135
0 0.9328125 0.39625 0.020625 0.0475
0 0.7834375 0.405625 0.015625 0.05125
0 0.5034375 0.361875 0.011875 0.03625
0 0.5109375 0.35625 0.009375 0.0325
0 0.3940625 0.358125 0.010625 0.03125
0 0.4296875 0.349375 0.010625 0.02875
0 0.3115625 0.353125 0.010625 0.03125
0 0.34125 0.3375 0.00875 0.025
0 0.2696875 0.34625 0.011875 0.03
0 0.3671875 0.34375 0.009375 0.0275