1 0.7887731481481481 0.618896484375 0.04050925925925926 0.05908203125
1 0.4099151234567901 0.5244140625 0.019675925925925927 0.0166015625
1 0.36574074074074076 0.500244140625 0.008487654320987654 0.01416015625
1 0.3449074074074074 0.4921875 0.006944444444444444 0.01171875
1 0.19232253086419754 0.499267578125 0.010416666666666666 0.01611328125
1 0.14564043209876543 0.530517578125 0.021219135802469136 0.02880859375
0 0.5092592592592593 0.5498046875 0.023919753086419752 0.025390625
0 0.41801697530864196 0.51171875 0.010416666666666666 0.0185546875
0 0.35648148148148145 0.50830078125 0.011574074074074073 0.017578125
0 0.32503858024691357 0.495849609375 0.008101851851851851 0.01318359375
0 0.1732253086419753 0.515625 0.014660493827160493 0.0224609375
0 0.07137345679012345 0.551025390625 0.035493827160493825 0.02783203125
0 0.04918981481481482 0.50439453125 0.015046296296296295 0.01953125