1 0.793016975308642 0.674560546875 0.06597222222222222 0.09716796875
1 0.5733024691358025 0.64404296875 0.05092592592592592 0.083984375
1 0.8659336419753086 0.3876953125 0.04513888888888889 0.06640625
1 0.27411265432098764 0.539306640625 0.03356481481481482 0.04150390625
1 0.27179783950617287 0.49609375 0.01273148148148148 0.021484375
1 0.08043981481481481 0.495849609375 0.016589506172839507 0.02392578125
1 0.16570216049382716 0.452880859375 0.008101851851851851 0.01708984375
0 0.314429012345679 0.923583984375 0.05169753086419753 0.11669921875
0 0.5652006172839507 0.41162109375 0.020833333333333332 0.0361328125
0 0.3425925925925926 0.489501953125 0.011574074074074073 0.02001953125
0 0.10783179012345678 0.512451171875 0.02044753086419753 0.03173828125
0 0.4158950617283951 0.459228515625 0.012345679012345678 0.02197265625