1 0.0146875 0.345625 0.013125 0.03375
1 0.1128125 0.34875 0.015625 0.0375
1 0.19 0.536875 0.04875 0.12125
1 0.2415625 0.360625 0.013125 0.03375
1 0.299375 0.371875 0.015 0.03875
1 0.35625 0.4225 0.025 0.065
1 0.363125 0.379375 0.0175 0.04375
1 0.3878125 0.395625 0.020625 0.05125
1 0.978125 0.356875 0.015 0.02125
0 0.090625 0.331875 0.01125 0.02875
0 0.2090625 0.335625 0.011875 0.03125
0 0.3315625 0.3475 0.013125 0.035
0 0.4478125 0.359375 0.013125 0.03875
0 0.5759375 0.37875 0.016875 0.0425
0 0.6834375 0.398125 0.020625 0.05375
0 0.7653125 0.435 0.025625 0.07
0 0.925 0.553125 0.055 0.12125