1 0.20023148148148148 0.58837890625 0.020061728395061727 0.0302734375
1 0.33892746913580246 0.663330078125 0.04513888888888889 0.06591796875
1 0.5283564814814815 0.567138671875 0.013503086419753086 0.02294921875
1 0.5389660493827161 0.552490234375 0.010802469135802469 0.01708984375
1 0.5748456790123457 0.54345703125 0.008487654320987654 0.013671875
1 0.6209490740740741 0.5791015625 0.018132716049382717 0.029296875
1 0.6234567901234568 0.538330078125 0.006172839506172839 0.01220703125
1 0.7102623456790124 0.5361328125 0.006944444444444444 0.0107421875
1 0.7849151234567902 0.534912109375 0.0073302469135802465 0.01123046875
1 0.8474151234567902 0.566162109375 0.015817901234567902 0.02490234375
1 0.8466435185185185 0.53564453125 0.008873456790123456 0.0126953125
1 0.9006558641975309 0.5380859375 0.008873456790123456 0.0146484375
1 0.9664351851851852 0.541748046875 0.010802469135802469 0.01611328125
1 0.7563657407407407 0.620361328125 0.03279320987654321 0.04931640625
0 0.2679398148148148 0.568603515625 0.015046296296296295 0.02294921875
0 0.4342206790123457 0.556396484375 0.010416666666666666 0.01904296875
0 0.6599151234567902 0.584228515625 0.019675925925925927 0.03173828125
0 0.6404320987654321 0.549560546875 0.010802469135802469 0.01806640625
0 0.8433641975308642 0.55517578125 0.013117283950617283 0.0205078125