1 0.1009375 0.54375 0.043125 0.1075
1 0.273125 0.4325 0.025 0.06
1 0.3953125 0.381875 0.015625 0.04375
1 0.5821875 0.334375 0.010625 0.02875
1 0.5096875 0.353125 0.013125 0.03375
1 0.8478125 0.296875 0.006875 0.01375
1 0.9425 0.298125 0.0075 0.01375
1 0.6521875 0.31375 0.006875 0.0225
1 0.63375 0.320625 0.0075 0.02375
1 0.6171875 0.310625 0.006875 0.01875
1 0.6459375 0.3125 0.005625 0.0225
1 0.58875 0.308125 0.00625 0.01875
1 0.523125 0.304375 0.005 0.01625
1 0.475625 0.3025 0.005 0.015
1 0.4125 0.3 0.005 0.0175
1 0.3525 0.300625 0.005 0.01625
1 0.74125 0.29375 0.00625 0.0125
0 0.6753125 0.39 0.018125 0.05
0 0.7984375 0.325 0.009375 0.025
0 0.7778125 0.339375 0.011875 0.03125
0 0.703125 0.443125 0.02625 0.07375
0 0.8096875 0.5825 0.061875 0.135
0 0.699375 0.35625 0.015 0.04
0 0.76375 0.313125 0.0075 0.01875
0 0.79625 0.31625 0.0075 0.025
0 0.7009375 0.30625 0.006875 0.02
0 0.638125 0.30125 0.005 0.0175
0 0.5696875 0.2975 0.005625 0.015
0 0.5059375 0.296875 0.005625 0.01625
0 0.4196875 0.296875 0.004375 0.01375