1 0.1253125 0.629375 0.063125 0.15625
1 0.7309375 0.345625 0.013125 0.03375
1 0.9015625 0.3325 0.013125 0.0325
1 0.59 0.365625 0.015 0.03875
1 0.341875 0.40875 0.02 0.0625
1 0.1471875 0.361875 0.016875 0.04375
1 0.2740625 0.3825 0.018125 0.05
1 0.3553125 0.47125 0.029375 0.09
0 0.8540625 0.359375 0.018125 0.04375
0 0.700625 0.475625 0.0275 0.08375
0 0.05625 0.335 0.015 0.035
0 0.2565625 0.345625 0.015625 0.03875
0 0.39375 0.36375 0.0125 0.0375
0 0.7484375 0.38 0.016875 0.0475
0 0.9790625 0.610625 0.040625 0.15625
0 0.9940625 0.349375 0.010625 0.04875