1 0.3675 0.453125 0.02 0.05125
1 0.2346875 0.5925 0.046875 0.1125
1 0.3234375 0.494375 0.026875 0.07125
1 0.3915625 0.426875 0.014375 0.04125
1 0.40625 0.411875 0.01125 0.03375
1 0.4171875 0.399375 0.009375 0.02875
1 0.4234375 0.390625 0.008125 0.02625
1 0.4296875 0.38375 0.006875 0.0225
1 0.4353125 0.37875 0.006875 0.02
0 0.784375 0.5825 0.04625 0.1175
0 0.62125 0.445 0.02 0.055
0 0.6678125 0.485 0.028125 0.0725
0 0.5921875 0.423125 0.015625 0.04375
0 0.571875 0.40875 0.0125 0.035
0 0.5578125 0.3975 0.011875 0.0325
0 0.546875 0.39 0.01 0.0275
0 0.5378125 0.38375 0.008125 0.025
0 0.5321875 0.37875 0.008125 0.0225