1 0.4009375 0.396875 0.016875 0.04875
1 0.43125 0.36375 0.01125 0.03
1 0.3140625 0.490625 0.035625 0.08875
1 0.44625 0.34625 0.0075 0.025
1 0.455 0.336875 0.00625 0.02125
1 0.460625 0.328125 0.005 0.01625
1 0.4653125 0.3225 0.004375 0.015
0 0.620625 0.391875 0.01625 0.04625
0 0.58 0.361875 0.01125 0.03125
0 0.73 0.4825 0.03625 0.09
0 0.5584375 0.345 0.006875 0.0225
0 0.5453125 0.335625 0.006875 0.01875
0 0.5359375 0.3275 0.004375 0.015
0 0.529375 0.323125 0.00375 0.01375
0 0.5253125 0.319375 0.003125 0.01125