1 0.5895061728395061 0.661865234375 0.04552469135802469 0.08056640625
1 0.33429783950617287 0.495849609375 0.005015432098765432 0.00927734375
1 0.3933256172839506 0.49658203125 0.005015432098765432 0.0087890625
1 0.4398148148148148 0.498779296875 0.005401234567901234 0.00830078125
1 0.47685185185185186 0.50048828125 0.005401234567901234 0.009765625
1 0.517554012345679 0.503662109375 0.005787037037037037 0.01025390625
1 0.6518132716049383 0.515869140625 0.008873456790123456 0.01416015625
1 0.7048611111111112 0.53515625 0.013888888888888888 0.021484375
1 0.7935956790123457 0.52734375 0.010802469135802469 0.017578125
1 0.7822145061728395 0.554443359375 0.02044753086419753 0.02783203125
1 0.7496141975308642 0.605712890625 0.03935185185185185 0.05322265625
1 0.007908950617283951 0.526611328125 0.015817901234567902 0.02490234375
1 0.2166280864197531 0.5048828125 0.008873456790123456 0.013671875
1 0.23128858024691357 0.498779296875 0.0073302469135802465 0.01123046875
1 0.23630401234567902 0.513671875 0.011188271604938271 0.0166015625
1 0.2650462962962963 0.49609375 0.006172839506172839 0.009765625
1 0.32175925925925924 0.51904296875 0.012345679012345678 0.01953125
1 0.25405092592592593 0.548583984375 0.01890432098765432 0.03173828125
1 0.30073302469135804 0.6279296875 0.048996913580246916 0.0693359375
1 0.4270833333333333 0.532958984375 0.014660493827160493 0.02392578125
1 0.4527391975308642 0.513916015625 0.008873456790123456 0.01513671875
1 0.5420524691358025 0.54833984375 0.016975308641975308 0.029296875
0 0.5615354938271605 0.51416015625 0.009645061728395061 0.0146484375
0 0.6215277777777778 0.51904296875 0.010802469135802469 0.015625
0 0.9907407407407407 0.55078125 0.017746913580246913 0.02734375
0 0.8719135802469136 0.927734375 0.10030864197530864 0.1435546875
0 0.28607253086419754 0.8779296875 0.1253858024691358 0.197265625
0 0.0023148148148148147 0.5146484375 0.004629629629629629 0.01953125
0 0.2993827160493827 0.503662109375 0.007716049382716049 0.01318359375
0 0.35262345679012347 0.521484375 0.012345679012345678 0.01953125
0 0.13097993827160495 0.507080078125 0.008101851851851851 0.01611328125
0 0.2368827160493827 0.573486328125 0.03009259259259259 0.04443359375
0 0.44656635802469136 0.509521484375 0.005787037037037037 0.01416015625