1 0.3275 0.601875 0.0625 0.13875
1 0.5975 0.475 0.03625 0.08
1 0.6490625 0.430625 0.021875 0.05875
1 0.65 0.40375 0.01875 0.0475
1 0.6125 0.38625 0.015 0.04
1 0.3409375 0.34875 0.008125 0.025
1 0.4128125 0.359375 0.011875 0.03125
1 0.329375 0.32875 0.00625 0.0175
1 0.31125 0.3425 0.0075 0.02
1 0.3125 0.335 0.00625 0.02
1 0.373125 0.325 0.00625 0.0175
1 0.4403125 0.32125 0.005625 0.015
1 0.5240625 0.37125 0.011875 0.035
1 0.515 0.32 0.00375 0.015
1 0.5909375 0.319375 0.004375 0.01625
1 0.97 0.33625 0.0075 0.02
1 0.9165625 0.33 0.006875 0.02
1 0.828125 0.32625 0.00625 0.0175
1 0.688125 0.32 0.005 0.015
1 0.7640625 0.3225 0.004375 0.0125
0 0.678125 0.35875 0.01125 0.0325
0 0.4484375 0.335 0.008125 0.0225
0 0.4575 0.32875 0.0075 0.02
0 0.5003125 0.341875 0.009375 0.02375
0 0.529375 0.32625 0.00625 0.0175
0 0.573125 0.349375 0.01 0.02625
0 0.5978125 0.325 0.005625 0.0175
0 0.9525 0.3925 0.01875 0.045
0 0.9471875 0.35875 0.010625 0.03
0 0.8684375 0.34625 0.010625 0.0275
0 0.8271875 0.37375 0.014375 0.0375
0 0.80375 0.33875 0.00875 0.0225
0 0.705625 0.3275 0.0075 0.0175
0 0.753125 0.33125 0.0075 0.02