1 0.4149305555555556 0.5634765625 0.02970679012345679 0.0537109375
1 0.022955246913580248 0.491943359375 0.02044753086419753 0.02685546875
1 0.12692901234567902 0.460693359375 0.010030864197530864 0.01513671875
1 0.24363425925925927 0.470947265625 0.011188271604938271 0.01904296875
1 0.5327932098765432 0.500732421875 0.019290123456790122 0.02197265625
0 0.22511574074074073 0.706298828125 0.07523148148148148 0.10888671875
0 0.2193287037037037 0.52685546875 0.030478395061728395 0.0400390625
0 0.14660493827160495 0.46826171875 0.011574074074074073 0.0185546875
0 0.32947530864197533 0.483642578125 0.016975308641975308 0.02490234375
0 0.4191743827160494 0.481689453125 0.013503086419753086 0.02392578125
0 0.6286651234567902 0.633544921875 0.060570987654320986 0.06201171875
0 0.8196373456790124 0.519775390625 0.03125 0.02783203125