1 0.1371875 0.45875 0.026875 0.0625
1 0.2709375 0.415625 0.016875 0.04875
1 0.3565625 0.384375 0.013125 0.03625
1 0.1375 0.344375 0.01125 0.02625
1 0.2709375 0.335 0.009375 0.025
1 0.3746875 0.326875 0.008125 0.02375
1 0.531875 0.34375 0.01 0.0275
1 0.5425 0.318125 0.0075 0.02125
1 0.473125 0.321875 0.00875 0.02625
1 0.4525 0.36125 0.01125 0.0325
1 0.5859375 0.334375 0.009375 0.02625
1 0.608125 0.323125 0.0075 0.02375
1 0.9578125 0.303125 0.013125 0.01625
1 0.92375 0.298125 0.01125 0.01625
0 0.0534375 0.335 0.010625 0.0275
0 0.1659375 0.33125 0.009375 0.025
0 0.2796875 0.325 0.009375 0.025
0 0.3715625 0.3175 0.008125 0.02
0 0.53375 0.408125 0.01875 0.05125
0 0.5425 0.455625 0.02875 0.07125
0 0.5584375 0.381875 0.014375 0.04125
0 0.5203125 0.31 0.008125 0.0225
0 0.4425 0.3125 0.0075 0.0225
0 0.6025 0.308125 0.0075 0.02125
0 0.6528125 0.36 0.013125 0.035
0 0.6690625 0.31125 0.008125 0.0225
0 0.7234375 0.318125 0.009375 0.02375
0 0.73125 0.34125 0.01125 0.03
0 0.7659375 0.325 0.010625 0.0275