1 0.1221875 0.389375 0.020625 0.05375
1 0.3765625 0.52625 0.049375 0.1125
1 0.476875 0.399375 0.02125 0.05125
1 0.3003125 0.381875 0.018125 0.04625
1 0.4996875 0.454375 0.031875 0.07875
1 0.09375 0.34 0.0125 0.025
1 0.3003125 0.34 0.010625 0.02
1 0.4775 0.336875 0.01 0.01875
1 0.604375 0.331875 0.01 0.01875
1 0.7415625 0.3325 0.011875 0.0175
1 0.8415625 0.343125 0.015625 0.02125
1 0.9275 0.353125 0.01625 0.02125
0 0.96125 0.48 0.03875 0.0825
0 0.835625 0.4075 0.02375 0.055
0 0.04625 0.361875 0.0175 0.04375
0 0.5425 0.365625 0.015 0.04125
0 0.23 0.355 0.01625 0.04
0 0.683125 0.3825 0.01875 0.045
0 0.398125 0.354375 0.015 0.03875