1 0.5015432098765432 0.570068359375 0.023148148148148147 0.03369140625
1 0.4565972222222222 0.54296875 0.015817901234567902 0.021484375
1 0.4575617283950617 0.522216796875 0.008487654320987654 0.01318359375
1 0.44367283950617287 0.509521484375 0.004629629629629629 0.00830078125
1 0.39699074074074076 0.53564453125 0.010802469135802469 0.0185546875
1 0.3275462962962963 0.59033203125 0.029320987654320986 0.041015625
1 0.20582561728395063 0.580322265625 0.025848765432098766 0.03564453125
1 0.10165895061728394 0.541015625 0.01273148148148148 0.017578125
1 0.08564814814814815 0.6728515625 0.05709876543209876 0.0771484375
1 0.2501929012345679 0.548583984375 0.015046296296296295 0.02294921875
1 0.2795138888888889 0.528076171875 0.008101851851851851 0.01318359375
1 0.2752700617283951 0.522216796875 0.006558641975308642 0.01123046875
1 0.2951388888888889 0.51708984375 0.006172839506172839 0.009765625
1 0.3285108024691358 0.513427734375 0.005787037037037037 0.00927734375
1 0.33757716049382713 0.529541015625 0.009259259259259259 0.01513671875
1 0.3915895061728395 0.510986328125 0.004629629629629629 0.00830078125
1 0.4828317901234568 0.509765625 0.004243827160493827 0.0078125
1 0.5133101851851852 0.51025390625 0.005787037037037037 0.0087890625
1 0.5445601851851852 0.510986328125 0.006558641975308642 0.01025390625
1 0.6342592592592593 0.51708984375 0.008487654320987654 0.0126953125
1 0.6302083333333334 0.530517578125 0.01273148148148148 0.01806640625
1 0.6415895061728395 0.541748046875 0.016975308641975308 0.02294921875
1 0.7372685185185185 0.521240234375 0.010030864197530864 0.01513671875
0 0.4635416666666667 0.51904296875 0.008101851851851851 0.0126953125
0 0.22665895061728394 0.642333984375 0.045910493827160496 0.06396484375
0 0.21431327160493827 0.56005859375 0.019675925925925927 0.02734375
0 0.20582561728395063 0.52587890625 0.008873456790123456 0.0126953125
0 0.10474537037037036 0.534423828125 0.010416666666666666 0.01513671875
0 0.09741512345679013 0.62548828125 0.04513888888888889 0.056640625
0 0.3435570987654321 0.518798828125 0.008101851851851851 0.01123046875
0 0.3584104938271605 0.530029296875 0.010802469135802469 0.01611328125
0 0.5540123456790124 0.518310546875 0.008487654320987654 0.01318359375
0 0.5960648148148148 0.5205078125 0.010030864197530864 0.0146484375
0 0.7310956790123457 0.562255859375 0.023148148148148147 0.03564453125
0 0.8489583333333334 0.533203125 0.015817901234567902 0.0234375