1 0.17125 0.63875 0.065 0.145
1 0.3446875 0.43375 0.021875 0.0575
1 0.3759375 0.394375 0.015625 0.04625
1 0.39625 0.3775 0.0125 0.04
1 0.9115625 0.36625 0.011875 0.0325
1 0.4109375 0.3625 0.010625 0.0325
1 0.4221875 0.350625 0.009375 0.02625
1 0.4775 0.34625 0.01 0.025
1 0.5540625 0.346875 0.006875 0.02375
0 0.755 0.364375 0.0125 0.03125
0 0.99 0.383125 0.0175 0.04375
0 0.8803125 0.649375 0.070625 0.16125
0 0.645625 0.44 0.02625 0.0725
0 0.5515625 0.360625 0.011875 0.03625
0 0.8396875 0.374375 0.014375 0.03875
0 0.6759375 0.36 0.010625 0.03
0 0.6203125 0.355625 0.010625 0.02875
0 0.5984375 0.398125 0.020625 0.04875
0 0.5784375 0.37625 0.014375 0.0425
0 0.571875 0.354375 0.01125 0.02625