1 0.2003125 0.37125 0.013125 0.035
1 0.9046875 0.35875 0.014375 0.04
1 0.2403125 0.394375 0.014375 0.04375
1 0.015 0.3425 0.01125 0.025
1 0.1490625 0.3525 0.013125 0.03
1 0.2690625 0.42375 0.019375 0.055
1 0.186875 0.5325 0.0475 0.1075
1 0.083125 0.3425 0.01 0.0275
1 0.279375 0.319375 0.0075 0.01875
1 0.7634375 0.345 0.013125 0.0375
1 0.695625 0.3375 0.01125 0.0325
1 0.410625 0.32 0.0075 0.02
1 0.591875 0.32875 0.00875 0.025
1 0.50625 0.32375 0.00875 0.02
1 0.3325 0.320625 0.00625 0.01625
1 0.21125 0.31375 0.005 0.015
1 0.05125 0.315625 0.00625 0.01625
1 0.13375 0.313125 0.005 0.01375
0 0.446875 0.3825 0.01375 0.04
0 0.5209375 0.408125 0.018125 0.04875
0 0.7478125 0.375 0.018125 0.045
0 0.625625 0.46125 0.025 0.07
0 0.3925 0.365625 0.0125 0.03375
0 0.975 0.398125 0.02125 0.04625
0 0.175 0.335 0.01 0.025
0 0.3365625 0.353125 0.011875 0.02875
0 0.26 0.34375 0.01125 0.0275
0 0.118125 0.331875 0.01 0.02375
0 0.819375 0.57 0.0575 0.125
0 0.6321875 0.355625 0.014375 0.03625
0 0.45 0.33125 0.00875 0.0275
0 0.3671875 0.32375 0.008125 0.02
0 0.5571875 0.3425 0.010625 0.0275
0 0.039375 0.33 0.00875 0.0225
0 0.5159375 0.3375 0.008125 0.0225
0 0.2046875 0.32 0.006875 0.0175
0 0.0840625 0.316875 0.005625 0.01375
0 0.14 0.3175 0.00625 0.015