1 0.2121875 0.6375 0.068125 0.1575
1 0.39 0.483125 0.0325 0.08375
1 0.4096875 0.41625 0.019375 0.0525
1 0.3584375 0.395 0.015625 0.045
1 0.3228125 0.378125 0.011875 0.03375
1 0.31125 0.364375 0.00875 0.02875
1 0.3346875 0.355 0.008125 0.025
1 0.37875 0.34 0.0075 0.02
1 0.4065625 0.331875 0.005625 0.01875
1 0.975 0.33 0.005 0.0175
1 0.8815625 0.3275 0.004375 0.015
1 0.7940625 0.325 0.005625 0.015
0 0.44875 0.353125 0.00875 0.02625
0 0.470625 0.365 0.01 0.03
0 0.4715625 0.34 0.008125 0.02
0 0.5065625 0.378125 0.013125 0.03875
0 0.60375 0.394375 0.015 0.04375
0 0.7190625 0.431875 0.020625 0.05875
0 0.8446875 0.490625 0.033125 0.08625
0 0.4846875 0.331875 0.006875 0.01875
0 0.995 0.38375 0.00875 0.04
0 0.95 0.366875 0.0125 0.03375
0 0.943125 0.35375 0.00875 0.03
0 0.9378125 0.346875 0.009375 0.02625
0 0.9253125 0.339375 0.008125 0.02375
0 0.9071875 0.32875 0.006875 0.02
0 0.86875 0.328125 0.0075 0.01875
0 0.8334375 0.3275 0.005625 0.0175
0 0.7753125 0.325625 0.005625 0.01875