1 0.1034375 0.389375 0.016875 0.03875
1 0.0278125 0.339375 0.008125 0.02125
1 0.235625 0.365 0.015 0.0375
1 0.34125 0.351875 0.0125 0.02875
1 0.2796875 0.32375 0.006875 0.0175
1 0.3453125 0.32 0.006875 0.02
1 0.375 0.319375 0.0075 0.01875
1 0.3975 0.320625 0.00625 0.01875
1 0.40375 0.33625 0.0075 0.025
1 0.429375 0.32875 0.0075 0.0225
1 0.4203125 0.32375 0.006875 0.02
1 0.983125 0.326875 0.015 0.01625
1 0.885 0.320625 0.00875 0.01375
1 0.7809375 0.3125 0.004375 0.0175
1 0.7078125 0.3075 0.005625 0.015
0 0.68875 0.585625 0.0525 0.14125
0 0.300625 0.506875 0.04125 0.10125
0 0.1090625 0.450625 0.031875 0.07125
0 0.188125 0.415 0.025 0.0575
0 0.07125 0.333125 0.00875 0.02375
0 0.3 0.390625 0.02 0.04875
0 0.33625 0.316875 0.0075 0.01875
0 0.4078125 0.368125 0.015625 0.04125
0 0.47125 0.31125 0.00625 0.0175
0 0.494375 0.31375 0.0075 0.02
0 0.4990625 0.345625 0.013125 0.03375
0 0.518125 0.316875 0.0075 0.02125
0 0.5471875 0.33375 0.010625 0.0275
0 0.5446875 0.323125 0.006875 0.02375
0 0.7975 0.3125 0.00625 0.0175
0 0.8146875 0.31 0.005625 0.0175
0 0.826875 0.309375 0.00625 0.01625
0 0.8425 0.30625 0.005 0.015
0 0.85375 0.303125 0.005 0.01375
0 0.7290625 0.305625 0.005625 0.01625
0 0.7521875 0.304375 0.005625 0.01625
0 0.7734375 0.301875 0.004375 0.01375