1 0.02353395061728395 0.770751953125 0.0470679012345679 0.13525390625
1 0.044945987654320986 0.5205078125 0.011188271604938271 0.0166015625
1 0.16203703703703703 0.5185546875 0.009259259259259259 0.015625
1 0.2496141975308642 0.521484375 0.009259259259259259 0.015625
1 0.32407407407407407 0.525146484375 0.009259259259259259 0.01708984375
1 0.41358024691358025 0.531005859375 0.010030864197530864 0.01806640625
1 0.44579475308641975 0.594482421875 0.03125 0.04638671875
1 0.8001543209876543 0.561279296875 0.019290123456790122 0.02783203125
0 0.2341820987654321 0.80419921875 0.10648148148148148 0.154296875
0 0.35146604938271603 0.563232421875 0.020833333333333332 0.03271484375
0 0.6545138888888888 0.56982421875 0.021219135802469136 0.033203125
0 0.8514660493827161 0.582763671875 0.023919753086419752 0.03857421875