1 0.22530864197530864 0.523193359375 0.013888888888888888 0.02099609375
1 0.24170524691358025 0.513916015625 0.010416666666666666 0.01611328125
1 0.27989969135802467 0.5439453125 0.01890432098765432 0.0283203125
1 0.326195987654321 0.510009765625 0.008101851851851851 0.01318359375
1 0.4095293209876543 0.509521484375 0.0073302469135802465 0.01220703125
1 0.4834104938271605 0.511962890625 0.007716049382716049 0.01220703125
1 0.5005787037037037 0.582763671875 0.02662037037037037 0.04248046875
1 0.5516975308641975 0.51513671875 0.007716049382716049 0.0126953125
1 0.6361882716049383 0.519775390625 0.008487654320987654 0.01416015625
1 0.8113425925925926 0.595947265625 0.029320987654320986 0.04833984375
1 0.7918595679012346 0.55322265625 0.015817901234567902 0.02734375
1 0.9747299382716049 0.541748046875 0.01427469135802469 0.02001953125
0 0.14371141975308643 0.5634765625 0.025848765432098766 0.0380859375
0 0.41898148148148145 0.535400390625 0.016975308641975308 0.02490234375
0 0.6745756172839507 0.538818359375 0.01427469135802469 0.02294921875
0 0.8831018518518519 0.5439453125 0.014660493827160493 0.0224609375
0 0.9089506172839507 0.5986328125 0.03009259259259259 0.046875