1 0.2096875 0.7045833333333333 0.049375 0.0725
1 0.2953125 0.6425 0.025625 0.045
1 0.3384375 0.615 0.018125 0.03166666666666667
1 0.3634375 0.5995833333333334 0.014375 0.024166666666666666
1 0.378125 0.5891666666666666 0.01 0.02
1 0.39 0.5816666666666667 0.01 0.018333333333333333
1 0.3765625 0.5791666666666667 0.006875 0.016666666666666666
1 0.3415625 0.5804166666666667 0.008125 0.015833333333333335
1 0.3025 0.5816666666666667 0.0075 0.016666666666666666
1 0.1909375 0.5866666666666667 0.010625 0.018333333333333333
1 0.0515625 0.5975 0.011875 0.02
0 0.70625 0.6975 0.05125 0.075
0 0.603125 0.6375 0.0275 0.04666666666666667
0 0.563125 0.6108333333333333 0.02 0.03166666666666667
0 0.544375 0.5958333333333333 0.01625 0.02666666666666667
0 0.5315625 0.5866666666666667 0.010625 0.021666666666666667
0 0.52125 0.5791666666666667 0.00875 0.018333333333333333
0 0.5046875 0.5766666666666667 0.009375 0.016666666666666666
0 0.4559375 0.575 0.009375 0.018333333333333333
0 0.414375 0.5741666666666667 0.00875 0.015
0 0.351875 0.5766666666666667 0.0075 0.015
0 0.295 0.5775 0.0075 0.016666666666666666
0 0.2453125 0.5795833333333333 0.008125 0.014166666666666666
0 0.1378125 0.5883333333333334 0.010625 0.018333333333333333
0 0.0059375 0.59625 0.010625 0.019166666666666665