1 0.13657407407407407 0.7966666666666666 0.13348765432098766 0.315
1 0.6172839506172839 0.22041666666666668 0.020833333333333332 0.0475
1 0.7966820987654321 0.19166666666666668 0.022376543209876542 0.045
1 0.8736496913580247 0.15708333333333332 0.013503086419753086 0.0375
1 0.36574074074074076 0.23916666666666667 0.018518518518518517 0.045
1 0.2010030864197531 0.24208333333333334 0.020061728395061727 0.04583333333333333
1 0.035493827160493825 0.24125 0.019290123456790122 0.0425
0 0.6466049382716049 0.34291666666666665 0.041666666666666664 0.09916666666666667
0 0.21122685185185186 0.33791666666666664 0.03665123456790124 0.0875
0 0.2604166666666667 0.315 0.033950617283950615 0.07666666666666666
0 0.9733796296296297 0.3670833333333333 0.05169753086419753 0.13083333333333333
0 0.6396604938271605 0.2941666666666667 0.031635802469135804 0.08166666666666667