1 0.35375 0.6229166666666667 0.01875 0.034166666666666665
1 0.201875 0.7341666666666666 0.0575 0.085
1 0.3084375 0.6570833333333334 0.028125 0.049166666666666664
1 0.3803125 0.6058333333333333 0.013125 0.02666666666666667
1 0.0228125 0.6154166666666666 0.015625 0.025833333333333333
1 0.1603125 0.5995833333333334 0.010625 0.020833333333333332
1 0.1728125 0.5941666666666666 0.010625 0.018333333333333333
1 0.394375 0.5954166666666667 0.01125 0.020833333333333332
1 0.0890625 0.59375 0.008125 0.014166666666666666
1 0.29875 0.57625 0.005 0.010833333333333334
1 0.3646875 0.5729166666666666 0.005625 0.010833333333333334
1 0.1009375 0.5925 0.008125 0.015
1 0.126875 0.5933333333333334 0.01 0.016666666666666666
1 0.1359375 0.5879166666666666 0.008125 0.014166666666666666
1 0.2209375 0.5808333333333333 0.005625 0.011666666666666667
1 0.39 0.57125 0.005 0.010833333333333334
1 0.401875 0.5875 0.00875 0.018333333333333333
1 0.4090625 0.5825 0.008125 0.016666666666666666
1 0.4140625 0.5708333333333333 0.004375 0.011666666666666667
1 0.4234375 0.5720833333333334 0.004375 0.0125
1 0.42 0.575 0.005 0.013333333333333334
1 0.416875 0.57875 0.00625 0.014166666666666666
0 0.650625 0.65125 0.03125 0.049166666666666664
0 0.59375 0.6191666666666666 0.025 0.035
0 0.5475 0.59125 0.01125 0.019166666666666665
0 0.7584375 0.7225 0.055625 0.08333333333333333
0 0.565 0.6020833333333333 0.01375 0.024166666666666666
0 0.035 0.5933333333333334 0.0075 0.013333333333333334
0 0.5296875 0.585 0.008125 0.013333333333333334
0 0.005 0.6075 0.01 0.02
0 0.0078125 0.59625 0.008125 0.014166666666666666
0 0.096875 0.5883333333333334 0.00625 0.013333333333333334
0 0.1815625 0.5825 0.005625 0.011666666666666667
0 0.256875 0.5779166666666666 0.00625 0.010833333333333334
0 0.323125 0.5729166666666666 0.005 0.010833333333333334
0 0.355 0.5708333333333333 0.005 0.01
0 0.394375 0.57 0.00375 0.01
0 0.436875 0.56875 0.005 0.010833333333333334
0 0.4659375 0.5695833333333333 0.004375 0.010833333333333334
0 0.4978125 0.5683333333333334 0.004375 0.01
0 0.520625 0.5791666666666667 0.0075 0.015
0 0.508125 0.5704166666666667 0.005 0.010833333333333334
0 0.5125 0.57375 0.005 0.010833333333333334
0 0.5159375 0.5766666666666667 0.005625 0.011666666666666667