1 0.44540895061728397 0.558349609375 0.030478395061728395 0.04345703125
1 0.2013888888888889 0.56298828125 0.023919753086419752 0.0390625
1 0.16763117283950618 0.506591796875 0.008873456790123456 0.01513671875
1 0.4747299382716049 0.5126953125 0.01273148148148148 0.0244140625
1 0.4195601851851852 0.506103515625 0.015046296296296295 0.01416015625
1 0.3854166666666667 0.50048828125 0.009259259259259259 0.017578125
1 0.33796296296296297 0.514892578125 0.012345679012345678 0.02197265625
0 0.7797067901234568 0.88232421875 0.1427469135802469 0.2119140625
0 0.6277006172839507 0.57763671875 0.035493827160493825 0.05859375
0 0.24382716049382716 0.60595703125 0.04552469135802469 0.0595703125
0 0.012924382716049383 0.58251953125 0.025848765432098766 0.041015625
0 0.16280864197530864 0.550048828125 0.022376543209876542 0.03076171875
0 0.21354166666666666 0.5302734375 0.008873456790123456 0.0244140625
0 0.27025462962962965 0.540283203125 0.021219135802469136 0.02978515625
0 0.5077160493827161 0.4736328125 0.010802469135802469 0.01953125
0 0.33352623456790126 0.5078125 0.010416666666666666 0.01953125