1 0.3325 0.5 0.02625 0.0675
1 0.3721875 0.458125 0.018125 0.04875
1 0.3971875 0.435625 0.014375 0.04125
1 0.2465625 0.590625 0.044375 0.10625
1 0.0365625 0.7975 0.073125 0.1975
1 0.41375 0.42 0.01125 0.0325
1 0.42375 0.410625 0.00875 0.02875
1 0.4321875 0.40125 0.008125 0.025
1 0.4371875 0.395 0.006875 0.0225
1 0.4421875 0.39 0.005625 0.02
0 0.6653125 0.49375 0.026875 0.0675
0 0.763125 0.58 0.04625 0.11
0 0.96625 0.779375 0.06625 0.20125
0 0.575625 0.4175 0.0125 0.035
0 0.616875 0.450625 0.01875 0.05125
0 0.5928125 0.43 0.014375 0.0425
0 0.5621875 0.408125 0.010625 0.02875
0 0.5525 0.399375 0.01 0.02625
0 0.5446875 0.394375 0.008125 0.02375
0 0.5378125 0.389375 0.006875 0.02125
0 0.53375 0.38625 0.00625 0.02