1 0.136875 0.575625 0.04625 0.11875
1 0.2959375 0.456875 0.026875 0.06875
1 0.416875 0.403125 0.01875 0.04875
1 0.5459375 0.354375 0.013125 0.03375
1 0.6090625 0.331875 0.009375 0.02625
1 0.6478125 0.3175 0.008125 0.0225
1 0.6640625 0.31125 0.008125 0.0225
1 0.6771875 0.306875 0.006875 0.01875
1 0.6903125 0.3025 0.006875 0.0175
1 0.7009375 0.29875 0.005625 0.015
1 0.73875 0.296875 0.00625 0.01625
1 0.9978125 0.294375 0.003125 0.01625
0 0.7903125 0.603125 0.063125 0.14625
0 0.678125 0.459375 0.03625 0.08125
0 0.6465625 0.3975 0.019375 0.055
0 0.7075 0.35125 0.01375 0.0375
0 0.73625 0.329375 0.01125 0.02875
0 0.7509375 0.315 0.008125 0.025
0 0.7596875 0.3075 0.006875 0.0225
0 0.766875 0.303125 0.00625 0.02125
0 0.7725 0.29875 0.005 0.0175
0 0.78875 0.2975 0.005 0.02
0 0.8196875 0.296875 0.005625 0.01625
0 0.85 0.2975 0.005 0.0175
0 0.8859375 0.296875 0.006875 0.01875
0 0.9165625 0.298125 0.006875 0.02125
0 0.976875 0.2975 0.0075 0.0225