1 0.0603125 0.320625 0.008125 0.02375
1 0.15625 0.323125 0.01 0.02625
1 0.253125 0.329375 0.00875 0.02375
1 0.2615625 0.513125 0.041875 0.10625
1 0.3246875 0.331875 0.009375 0.02375
1 0.42375 0.34125 0.01 0.0275
1 0.4415625 0.41375 0.019375 0.0575
1 0.4690625 0.34875 0.010625 0.03
1 0.518125 0.374375 0.015 0.04125
1 0.51875 0.354375 0.01125 0.03375
1 0.53875 0.36125 0.01375 0.035
0 0.0546875 0.3125 0.006875 0.02
0 0.1753125 0.316875 0.008125 0.02375
0 0.3015625 0.320625 0.008125 0.02375
0 0.3915625 0.32375 0.008125 0.0225
0 0.4896875 0.331875 0.009375 0.02625
0 0.58375 0.343125 0.01 0.02875
0 0.685625 0.35625 0.0125 0.0325
0 0.7628125 0.368125 0.015625 0.03875
0 0.804375 0.3875 0.01875 0.0475
0 0.850625 0.435625 0.0275 0.06625
0 0.820625 0.534375 0.04375 0.11375