1 0.143125 0.388125 0.02125 0.05125
1 0.2146875 0.43125 0.023125 0.0675
1 0.1996875 0.57625 0.053125 0.1275
1 0.008125 0.383125 0.015 0.04875
1 0.27 0.32 0.01125 0.0175
1 0.3203125 0.323125 0.011875 0.01875
1 0.5453125 0.355625 0.014375 0.02125
1 0.4328125 0.335 0.011875 0.0175
1 0.701875 0.37 0.0125 0.025
1 0.2190625 0.315625 0.006875 0.01375
1 0.1259375 0.310625 0.005625 0.01375
0 0.2140625 0.353125 0.014375 0.03875
0 0.6778125 0.488125 0.038125 0.09125
0 0.386875 0.37375 0.0175 0.0425
0 0.519375 0.413125 0.02 0.05625
0 0.9134375 0.73375 0.075625 0.2125
0 0.01125 0.35125 0.015 0.0425