1 0.47183641975308643 0.607177734375 0.031635802469135804 0.04931640625
1 0.4681712962962963 0.5302734375 0.008873456790123456 0.0146484375
1 0.5484182098765432 0.559814453125 0.017361111111111112 0.02783203125
1 0.5858410493827161 0.5380859375 0.011188271604938271 0.01953125
1 0.6138117283950617 0.52197265625 0.006944444444444444 0.01171875
1 0.6103395061728395 0.516845703125 0.004629629629629629 0.01025390625
1 0.6290509259259259 0.512451171875 0.005015432098765432 0.00927734375
1 0.6610725308641975 0.509765625 0.004243827160493827 0.0078125
1 0.6651234567901234 0.523681640625 0.008487654320987654 0.01416015625
1 0.722608024691358 0.507568359375 0.0038580246913580245 0.00732421875
1 0.7177854938271605 0.530029296875 0.010416666666666666 0.01708984375
1 0.7704475308641975 0.53662109375 0.013117283950617283 0.0205078125
1 0.7754629629629629 0.505859375 0.0038580246913580245 0.0078125
1 0.7827932098765432 0.518310546875 0.006944444444444444 0.01318359375
1 0.8167438271604939 0.50634765625 0.0038580246913580245 0.0087890625
1 0.8485725308641975 0.507080078125 0.005015432098765432 0.00927734375
1 0.8831018518518519 0.508056640625 0.005401234567901234 0.01025390625
1 0.9834104938271605 0.51513671875 0.010030864197530864 0.013671875
1 0.9641203703703703 0.529052734375 0.013117283950617283 0.02001953125
1 0.9654706790123457 0.540283203125 0.018132716049382717 0.02392578125
1 0.7995756172839507 0.559814453125 0.02044753086419753 0.03076171875
1 0.6429398148148148 0.570068359375 0.021219135802469136 0.03369140625
1 0.6730324074074074 0.797607421875 0.09297839506172839 0.14013671875
0 0.04398148148148148 0.768310546875 0.08796296296296297 0.12255859375
0 0.47453703703703703 0.583984375 0.02700617283950617 0.0380859375
0 0.4689429012345679 0.525390625 0.0073302469135802465 0.0126953125
0 0.5495756172839507 0.51953125 0.006558641975308642 0.01171875
0 0.5617283950617284 0.59716796875 0.030864197530864196 0.044921875
0 0.5559413580246914 0.54638671875 0.013117283950617283 0.0224609375
0 0.6734182098765432 0.51416015625 0.0073302469135802465 0.0107421875
0 0.6838348765432098 0.524169921875 0.008873456790123456 0.01513671875
0 0.7903163580246914 0.51513671875 0.0073302469135802465 0.0126953125
0 0.8869598765432098 0.515625 0.009259259259259259 0.013671875
0 0.9326774691358025 0.518310546875 0.011188271604938271 0.01513671875