1 0.14814814814814814 0.540283203125 0.016975308641975308 0.02783203125
1 0.14660493827160495 0.52197265625 0.013117283950617283 0.0205078125
1 0.32426697530864196 0.509765625 0.008101851851851851 0.013671875
1 0.41898148148148145 0.51416015625 0.009259259259259259 0.0146484375
1 0.5559413580246914 0.569580078125 0.023919753086419752 0.03759765625
1 0.5738811728395061 0.53857421875 0.01273148148148148 0.0234375
1 0.6095679012345679 0.53125 0.010802469135802469 0.01953125
1 0.7627314814814815 0.636474609375 0.038580246913580245 0.06298828125
1 0.9510030864197531 0.552490234375 0.016975308641975308 0.02490234375
1 0.8049768518518519 0.56298828125 0.01890432098765432 0.03125
1 0.6959876543209876 0.53125 0.010802469135802469 0.01953125
0 0.1724537037037037 0.585205078125 0.03009259259259259 0.05029296875
0 0.22858796296296297 0.508544921875 0.008101851851851851 0.01416015625
0 0.23668981481481483 0.514404296875 0.009645061728395061 0.01708984375
0 0.283179012345679 0.525634765625 0.012345679012345678 0.02099609375
0 0.3871527777777778 0.507080078125 0.006558641975308642 0.01220703125
0 0.4158950617283951 0.53857421875 0.014660493827160493 0.0263671875
0 0.47800925925925924 0.51220703125 0.006944444444444444 0.013671875
0 0.5515046296296297 0.522705078125 0.008873456790123456 0.01708984375
0 0.6070601851851852 0.5224609375 0.008101851851851851 0.0166015625
0 0.8227237654320988 0.540283203125 0.01273148148148148 0.02197265625