1 0.3828125 0.4025 0.016875 0.0475
1 0.313125 0.488125 0.0325 0.08125
1 0.9703125 0.366875 0.013125 0.03125
1 0.8546875 0.363125 0.011875 0.02625
1 0.4003125 0.38125 0.013125 0.0375
1 0.4790625 0.344375 0.006875 0.02375
1 0.4128125 0.369375 0.011875 0.03125
1 0.4234375 0.356875 0.008125 0.02625
1 0.4309375 0.3475 0.008125 0.0225
1 0.548125 0.34625 0.0075 0.02
0 0.9 0.373125 0.015 0.03875
0 0.6065625 0.40625 0.018125 0.0475
0 0.7840625 0.364375 0.013125 0.03875
0 0.7084375 0.491875 0.036875 0.09125
0 0.543125 0.354375 0.01 0.03375
0 0.5775 0.37625 0.01125 0.0325
0 0.6521875 0.35625 0.008125 0.025
0 0.716875 0.360625 0.01 0.03125
0 0.5646875 0.37125 0.010625 0.03
0 0.5628125 0.351875 0.010625 0.02625
0 0.604375 0.35375 0.01 0.025