1 0.225625 0.688125 0.08125 0.18375
1 0.555625 0.4425 0.0225 0.065
1 0.6328125 0.405 0.016875 0.045
1 0.629375 0.3825 0.01125 0.0375
1 0.646875 0.3725 0.01125 0.035
1 0.5775 0.36 0.01125 0.03
1 0.556875 0.35 0.01 0.025
1 0.610625 0.344375 0.0075 0.02375
1 0.6634375 0.34 0.006875 0.02
1 0.7659375 0.335 0.005625 0.015
1 0.7371875 0.33875 0.005625 0.0175
1 0.673125 0.320625 0.005 0.01375
0 0.9578125 0.414375 0.023125 0.05625
0 0.873125 0.385625 0.0175 0.04125
0 0.810625 0.371875 0.0125 0.03375
0 0.7834375 0.3625 0.010625 0.03
0 0.785625 0.354375 0.0075 0.02625
0 0.8378125 0.35 0.009375 0.025
0 0.875 0.345625 0.00875 0.02375
0 0.8903125 0.3425 0.006875 0.0225
0 0.8975 0.339375 0.00625 0.02125
0 0.946875 0.334375 0.00625 0.01875
0 0.8465625 0.32875 0.005625 0.0175
0 0.8115625 0.325 0.005625 0.0175
0 0.91 0.336875 0.00625 0.01875