1 0.08680555555555555 0.51416015625 0.007716049382716049 0.015625
1 0.13001543209876543 0.555419921875 0.020833333333333332 0.03271484375
1 0.16222993827160495 0.52001953125 0.011188271604938271 0.017578125
1 0.2665895061728395 0.5439453125 0.016975308641975308 0.02734375
1 0.2827932098765432 0.527099609375 0.012345679012345678 0.02001953125
1 0.38387345679012347 0.54541015625 0.018518518518518517 0.02734375
1 0.6319444444444444 0.5908203125 0.031635802469135804 0.046875
1 0.5173611111111112 0.699462890625 0.06712962962962964 0.09912109375
1 0.1886574074074074 0.613037109375 0.04089506172839506 0.06005859375
0 0.18981481481481483 0.5107421875 0.010030864197530864 0.0146484375
0 0.25559413580246915 0.517333984375 0.008101851851851851 0.01611328125
0 0.25925925925925924 0.531005859375 0.010030864197530864 0.02197265625
0 0.33217592592592593 0.53125 0.013888888888888888 0.0224609375
0 0.5061728395061729 0.562744140625 0.021604938271604937 0.03466796875