1 0.33719135802469136 0.540771484375 0.018518518518518517 0.02880859375
1 0.3443287037037037 0.523193359375 0.013503086419753086 0.02099609375
1 0.4548611111111111 0.587646484375 0.02854938271604938 0.04736328125
1 0.4386574074074074 0.515869140625 0.010030864197530864 0.01611328125
1 0.5366512345679012 0.5146484375 0.007716049382716049 0.0146484375
1 0.6267361111111112 0.517578125 0.009645061728395061 0.015625
1 0.7154706790123457 0.522216796875 0.009645061728395061 0.01611328125
1 0.8312114197530864 0.529052734375 0.011188271604938271 0.01806640625
0 0.25771604938271603 0.661376953125 0.05246913580246913 0.08349609375
0 0.6379243827160493 0.56396484375 0.02507716049382716 0.037109375
0 0.9801311728395061 0.564697265625 0.02662037037037037 0.03173828125