1 0.4402006172839506 0.775390625 0.08950617283950617 0.1416015625
1 0.6574074074074074 0.5888671875 0.036265432098765434 0.0498046875
1 0.8479938271604939 0.553955078125 0.020833333333333332 0.03173828125
1 0.8323688271604939 0.51708984375 0.009645061728395061 0.015625
1 0.8923611111111112 0.541015625 0.018518518518518517 0.0263671875
1 0.9517746913580247 0.53564453125 0.014660493827160493 0.0234375
1 0.939429012345679 0.577392578125 0.032407407407407406 0.04150390625
0 0.17611882716049382 0.6357421875 0.045910493827160496 0.0751953125
0 0.7123842592592593 0.568359375 0.028935185185185185 0.0400390625
0 0.7698688271604939 0.591796875 0.03125 0.0498046875
0 0.8460648148148148 0.511962890625 0.009259259259259259 0.01416015625
0 0.9565972222222222 0.51220703125 0.0073302469135802465 0.0126953125