1 0.118125 0.6775 0.06625 0.1675
1 0.226875 0.493125 0.02875 0.08125
1 0.171875 0.449375 0.02375 0.06375
1 0.14125 0.4175 0.015 0.045
1 0.13875 0.3975 0.01125 0.035
1 0.1778125 0.381875 0.010625 0.03125
1 0.2390625 0.3625 0.006875 0.0225
1 0.2753125 0.351875 0.006875 0.02375
1 0.2996875 0.344375 0.005625 0.01625
1 0.310625 0.34125 0.005 0.015
1 0.99625 0.370625 0.00625 0.02875
1 0.9475 0.3575 0.00625 0.0225
1 0.9190625 0.355 0.005625 0.0175
1 0.7740625 0.348125 0.004375 0.01625
0 0.9271875 0.658125 0.071875 0.15875
0 0.665 0.50875 0.03375 0.0875
0 0.5028125 0.443125 0.020625 0.05625
0 0.3803125 0.415 0.016875 0.0475
0 0.3396875 0.39625 0.013125 0.04
0 0.316875 0.379375 0.01 0.03125
0 0.3465625 0.36125 0.008125 0.025
0 0.3634375 0.35125 0.008125 0.0225
0 0.9528125 0.42 0.018125 0.05
0 0.8815625 0.395 0.013125 0.04
0 0.86375 0.38 0.01125 0.0325
0 0.85 0.37 0.01 0.03
0 0.83125 0.3625 0.00875 0.0275
0 0.8034375 0.35125 0.005625 0.02
0 0.7646875 0.349375 0.005625 0.01875
0 0.728125 0.3475 0.00625 0.0175
0 0.3740625 0.344375 0.005625 0.01875