1 0.1267361111111111 0.557861328125 0.015817901234567902 0.02197265625
1 0.13503086419753085 0.544921875 0.010802469135802469 0.0166015625
1 0.1722608024691358 0.53564453125 0.008873456790123456 0.013671875
1 0.22164351851851852 0.529296875 0.006558641975308642 0.01171875
1 0.21604938271604937 0.562255859375 0.015432098765432098 0.02490234375
1 0.3175154320987654 0.581787109375 0.023919753086419752 0.03466796875
1 0.30574845679012347 0.524658203125 0.005787037037037037 0.01025390625
1 0.37287808641975306 0.521728515625 0.005787037037037037 0.01025390625
1 0.4074074074074074 0.54443359375 0.011574074074074073 0.0185546875
1 0.42322530864197533 0.521240234375 0.006944444444444444 0.01123046875
1 0.46412037037037035 0.522216796875 0.006944444444444444 0.01123046875
1 0.5084876543209876 0.523193359375 0.007716049382716049 0.01220703125
1 0.6631944444444444 0.53173828125 0.010802469135802469 0.0185546875
1 0.7347608024691358 0.561767578125 0.02044753086419753 0.03173828125
1 0.8535879629629629 0.53857421875 0.015817901234567902 0.0244140625
1 0.8732638888888888 0.60107421875 0.03742283950617284 0.052734375
1 0.9253472222222222 0.89990234375 0.14853395061728394 0.19921875
1 0.45775462962962965 0.611083984375 0.03125 0.05029296875
0 0.016203703703703703 0.5546875 0.013117283950617283 0.01953125
0 0.2368827160493827 0.538818359375 0.010802469135802469 0.01611328125
0 0.2498070987654321 0.56396484375 0.017361111111111112 0.0263671875
0 0.4089506172839506 0.536865234375 0.013117283950617283 0.01708984375
0 0.5474537037037037 0.535888671875 0.013117283950617283 0.01904296875
0 0.6221064814814815 0.53955078125 0.015817901234567902 0.0224609375