1 0.12210648148148148 0.7080078125 0.06905864197530864 0.1103515625
1 0.02353395061728395 0.517333984375 0.013117283950617283 0.01904296875
1 0.16300154320987653 0.51318359375 0.008873456790123456 0.015625
1 0.265625 0.51318359375 0.008873456790123456 0.0146484375
1 0.3452932098765432 0.5166015625 0.008487654320987654 0.0146484375
1 0.41512345679012347 0.5205078125 0.010030864197530864 0.015625
1 0.5 0.52685546875 0.009259259259259259 0.017578125
1 0.5160108024691358 0.584716796875 0.02970679012345679 0.04248046875
1 0.8821373456790124 0.562744140625 0.021219135802469136 0.02978515625
0 0.2978395061728395 0.740966796875 0.08564814814814815 0.12451171875
0 0.078125 0.546142578125 0.02199074074074074 0.03271484375
0 0.43441358024691357 0.555419921875 0.018518518518518517 0.03173828125
0 0.7270447530864198 0.56689453125 0.02199074074074074 0.03515625
0 0.9293981481481481 0.584716796875 0.03009259259259259 0.04052734375