1 0.2234375 0.6175 0.064375 0.1475
1 0.12375 0.34 0.0175 0.04
1 0.5071875 0.4425 0.031875 0.0775
1 0.4809375 0.325625 0.013125 0.03375
1 0.645625 0.39 0.02375 0.055
1 0.3146875 0.331875 0.011875 0.03625
1 0.594375 0.324375 0.0125 0.03375
1 0.724375 0.365625 0.02125 0.04625
1 0.72125 0.3375 0.01375 0.0375
0 0.900625 0.335 0.01625 0.04
0 0.1578125 0.31875 0.014375 0.035
0 0.785 0.32 0.01375 0.0325
0 0.666875 0.309375 0.01375 0.03125
0 0.54125 0.30625 0.01125 0.03
0 0.4221875 0.308125 0.010625 0.02875
0 0.310625 0.31125 0.01125 0.03