1 0.4078125 0.4625 0.031875 0.08
1 0.536875 0.42 0.02 0.0525
1 0.5390625 0.385 0.015625 0.0425
1 0.6146875 0.370625 0.014375 0.03625
1 0.6709375 0.35375 0.010625 0.03
1 0.6928125 0.34375 0.009375 0.0275
1 0.706875 0.335 0.0075 0.025
1 0.669375 0.329375 0.00625 0.01875
1 0.6434375 0.326875 0.006875 0.01875
1 0.9515625 0.318125 0.004375 0.01375
1 0.1440625 0.57125 0.056875 0.1325
0 0.84125 0.404375 0.02125 0.05125
0 0.83375 0.376875 0.01375 0.04125
0 0.8840625 0.3625 0.013125 0.035
0 0.8865625 0.3475 0.010625 0.03
0 0.8634375 0.338125 0.010625 0.02625
0 0.81625 0.330625 0.00875 0.02375
0 0.8303125 0.32 0.005625 0.0175
0 0.730625 0.323125 0.005 0.01875
0 0.73875 0.32125 0.00625 0.0175
0 0.7634375 0.325625 0.006875 0.02125
0 0.7840625 0.320625 0.005625 0.01875
0 0.97625 0.3375 0.01125 0.0275
0 0.9359375 0.33125 0.009375 0.025
0 0.9021875 0.326875 0.008125 0.02125
0 0.8665625 0.32125 0.006875 0.0175
0 0.059375 0.37 0.025 0.07