1 0.06114969135802469 0.514892578125 0.015817901234567902 0.02392578125
1 0.48823302469135804 0.508056640625 0.010416666666666666 0.01806640625
1 0.4913194444444444 0.7958984375 0.08757716049382716 0.15234375
1 0.5881558641975309 0.53564453125 0.016589506172839507 0.0283203125
1 0.6165123456790124 0.50390625 0.009259259259259259 0.015625
1 0.7453703703703703 0.513671875 0.010030864197530864 0.017578125
1 0.8034336419753086 0.49951171875 0.005787037037037037 0.0107421875
1 0.8657407407407407 0.5146484375 0.008487654320987654 0.015625
1 0.8665123456790124 0.505615234375 0.005401234567901234 0.01123046875
1 0.9756944444444444 0.612060546875 0.047839506172839504 0.05810546875
1 0.9074074074074074 0.560546875 0.026234567901234566 0.0361328125
1 0.9419367283950617 0.536376953125 0.01890432098765432 0.02490234375
1 0.9623842592592593 0.527099609375 0.013503086419753086 0.02099609375
1 0.9459876543209876 0.505615234375 0.006944444444444444 0.01123046875
0 0.5025077160493827 0.516357421875 0.01273148148148148 0.02197265625
0 0.28838734567901236 0.6123046875 0.050540123456790126 0.072265625
0 0.39795524691358025 0.5380859375 0.02044753086419753 0.033203125
0 0.5794753086419753 0.51318359375 0.010802469135802469 0.0205078125
0 0.7613811728395061 0.50439453125 0.0073302469135802465 0.0146484375
0 0.8929398148148148 0.551513671875 0.018132716049382717 0.03466796875
0 0.9538966049382716 0.512939453125 0.008873456790123456 0.01611328125
0 0.9793595679012346 0.509521484375 0.008873456790123456 0.01318359375