1 0.03 0.3975 0.01625 0.045
1 0.12125 0.378125 0.00875 0.02375
1 0.2028125 0.36 0.009375 0.0275
1 0.29375 0.3475 0.00875 0.0225
1 0.3634375 0.338125 0.005625 0.01875
1 0.3878125 0.33 0.005625 0.0175
1 0.4415625 0.325 0.006875 0.015
1 0.4940625 0.316875 0.006875 0.01625
1 0.524375 0.31375 0.005 0.0125
1 0.528125 0.30625 0.00375 0.01
1 0.5303125 0.30375 0.003125 0.01
1 0.539375 0.306875 0.00375 0.01125
1 0.9496875 0.399375 0.021875 0.05625
1 0.9075 0.375 0.0175 0.0425
1 0.9284375 0.35875 0.014375 0.0375
1 0.936875 0.344375 0.01125 0.03125
1 0.9203125 0.313125 0.006875 0.01875
1 0.9875 0.31625 0.00875 0.02
1 0.99625 0.331875 0.00625 0.02625
1 0.85 0.30875 0.00625 0.0175
1 0.8384375 0.308125 0.005625 0.01375
0 0.584375 0.583125 0.05875 0.13375
0 0.37875 0.49 0.035 0.09
0 0.375 0.424375 0.025 0.05875
0 0.3978125 0.399375 0.019375 0.04875
0 0.428125 0.384375 0.01625 0.04375
0 0.4609375 0.36375 0.013125 0.035
0 0.4946875 0.34625 0.009375 0.0275
0 0.5128125 0.3325 0.006875 0.02
0 0.5453125 0.325625 0.006875 0.02125
0 0.590625 0.3825 0.0175 0.045
0 0.6115625 0.4175 0.024375 0.0575
0 0.6496875 0.365 0.014375 0.04
0 0.763125 0.488125 0.03625 0.09125
0 0.6046875 0.31875 0.006875 0.02
0 0.5990625 0.303125 0.004375 0.01125
0 0.638125 0.313125 0.005 0.01625
0 0.650625 0.308125 0.005 0.01625
0 0.6840625 0.349375 0.011875 0.03375
0 0.7184375 0.338125 0.009375 0.02875
0 0.7634375 0.330625 0.008125 0.02375
0 0.7415625 0.310625 0.005625 0.01875
0 0.7725 0.314375 0.00625 0.01875
0 0.8065625 0.324375 0.008125 0.02375
0 0.79625 0.318125 0.005 0.01875