1 0.10609567901234568 0.57275390625 0.024691358024691357 0.0380859375
1 0.6018518518518519 0.539794921875 0.020833333333333332 0.03466796875
1 0.6599151234567902 0.479736328125 0.006558641975308642 0.01220703125
1 0.6487268518518519 0.4765625 0.005015432098765432 0.009765625
1 0.6157407407407407 0.488037109375 0.006172839506172839 0.01318359375
1 0.25771604938271603 0.53564453125 0.016203703703703703 0.0263671875
0 0.9361496913580247 0.845703125 0.12692901234567902 0.1240234375
0 0.6676311728395061 0.583740234375 0.04050925925925926 0.05712890625
0 0.5661651234567902 0.508544921875 0.01427469135802469 0.02099609375
0 0.6778549382716049 0.489501953125 0.008487654320987654 0.01513671875
0 0.6180555555555556 0.49951171875 0.009259259259259259 0.017578125