1 0.2834375 0.559375 0.063125 0.13625
1 0.054375 0.34375 0.02125 0.0475
1 0.595625 0.388125 0.02375 0.06125
1 0.2878125 0.333125 0.016875 0.04125
1 0.5778125 0.34875 0.018125 0.045
1 0.4290625 0.330625 0.014375 0.03875
1 0.5015625 0.42875 0.035625 0.08
1 0.0753125 0.288125 0.009375 0.01875
1 0.244375 0.294375 0.01125 0.02375
1 0.42 0.296875 0.01 0.01875
1 0.58125 0.296875 0.01 0.01875
1 0.7034375 0.29625 0.009375 0.0175
1 0.8421875 0.298125 0.011875 0.01625
1 0.940625 0.309375 0.01625 0.01875
0 0.765625 0.340625 0.0175 0.04125
0 0.9828125 0.421875 0.033125 0.06875
0 0.218125 0.31 0.01625 0.0375
0 0.639375 0.32375 0.015 0.0375
0 0.365 0.308125 0.0125 0.03375
0 0.5090625 0.311875 0.013125 0.03375
0 0.0678125 0.315 0.014375 0.04
0 0.9015625 0.364375 0.019375 0.04625