1 0.30125 0.385625 0.015 0.04375
1 0.1734375 0.33375 0.006875 0.0225
1 0.2453125 0.33375 0.008125 0.02
1 0.430625 0.366875 0.015 0.03875
1 0.43125 0.323125 0.00625 0.01875
1 0.4759375 0.32125 0.006875 0.0175
1 0.536875 0.35125 0.0125 0.0325
1 0.6015625 0.3375 0.009375 0.0275
1 0.594375 0.319375 0.0075 0.02125
1 0.5709375 0.31875 0.008125 0.02
1 0.5403125 0.319375 0.006875 0.01875
1 0.62875 0.329375 0.00875 0.02375
1 0.618125 0.32375 0.0075 0.02
1 0.9475 0.308125 0.00625 0.01625
0 0.491875 0.545 0.05 0.12
0 0.2971875 0.459375 0.028125 0.07625
0 0.3778125 0.419375 0.023125 0.05875
0 0.136875 0.331875 0.00875 0.02125
0 0.2084375 0.33 0.008125 0.02
0 0.2846875 0.32875 0.006875 0.02
0 0.4953125 0.394375 0.020625 0.05375
0 0.60875 0.373125 0.01875 0.04375
0 0.53125 0.315 0.0075 0.0175
0 0.613125 0.3125 0.00625 0.0175
0 0.6725 0.31 0.0075 0.02
0 0.6984375 0.31375 0.008125 0.02
0 0.725 0.3175 0.00875 0.0225
0 0.709375 0.350625 0.01375 0.03875
0 0.761875 0.33625 0.01125 0.03
0 0.75625 0.325 0.0075 0.025
0 0.97375 0.30625 0.00625 0.0175