1 0.05285493827160494 0.808837890625 0.10416666666666667 0.14697265625
1 0.12384259259259259 0.548828125 0.013117283950617283 0.0185546875
1 0.28800154320987653 0.55859375 0.017361111111111112 0.0263671875
1 0.3152006172839506 0.533203125 0.009259259259259259 0.0146484375
1 0.30844907407407407 0.526611328125 0.0073302469135802465 0.01220703125
1 0.3285108024691358 0.520751953125 0.0073302469135802465 0.01025390625
1 0.36246141975308643 0.51708984375 0.005787037037037037 0.0087890625
1 0.3794367283950617 0.535400390625 0.010416666666666666 0.01611328125
1 0.45023148148148145 0.542724609375 0.013117283950617283 0.02099609375
1 0.4278549382716049 0.514404296875 0.004629629629629629 0.00830078125
1 0.4820601851851852 0.512451171875 0.005015432098765432 0.00830078125
1 0.5065586419753086 0.526611328125 0.008487654320987654 0.01416015625
1 0.5239197530864198 0.511962890625 0.005401234567901234 0.00927734375
1 0.5563271604938271 0.513427734375 0.005401234567901234 0.00927734375
1 0.591820987654321 0.51416015625 0.006172839506172839 0.009765625
1 0.6979166666666666 0.5205078125 0.007716049382716049 0.013671875
1 0.7102623456790124 0.536376953125 0.013117283950617283 0.02001953125
1 0.7415123456790124 0.55078125 0.017746913580246913 0.02734375
1 0.8211805555555556 0.525146484375 0.011188271604938271 0.01806640625
1 0.6080246913580247 0.58984375 0.02854938271604938 0.04296875
1 0.5246913580246914 0.5517578125 0.016203703703703703 0.025390625
1 0.4020061728395062 0.621826171875 0.037037037037037035 0.05419921875
1 0.24247685185185186 0.60400390625 0.03202160493827161 0.044921875
0 0.09471450617283951 0.68505859375 0.06520061728395062 0.08203125
0 0.1284722222222222 0.54052734375 0.011574074074074073 0.015625
0 0.23591820987654322 0.53076171875 0.008873456790123456 0.013671875
0 0.3809799382716049 0.52294921875 0.008101851851851851 0.0126953125
0 0.4025848765432099 0.53564453125 0.011188271604938271 0.017578125
0 0.5098379629629629 0.5224609375 0.008101851851851851 0.0126953125
0 0.6109182098765432 0.522216796875 0.009645061728395061 0.01416015625
0 0.6599151234567902 0.5244140625 0.010416666666666666 0.015625
0 0.8896604938271605 0.5791015625 0.030864197530864196 0.0439453125
0 0.9783950617283951 0.540283203125 0.019290123456790122 0.02685546875
0 0.2496141975308642 0.574462890625 0.022376543209876542 0.03271484375
0 0.2864583333333333 0.726318359375 0.06983024691358025 0.10302734375