1 0.155 0.509375 0.0375 0.08875
1 0.1009375 0.438125 0.023125 0.05625
1 0.059375 0.416875 0.01875 0.04875
1 0.081875 0.390625 0.015 0.03625
1 0.151875 0.364375 0.01125 0.03125
1 0.9775 0.369375 0.01625 0.04125
1 0.566875 0.334375 0.0075 0.02125
1 0.7759375 0.348125 0.010625 0.02875
1 0.6646875 0.338125 0.009375 0.02375
1 0.4809375 0.33625 0.008125 0.0225
0 0.966875 0.434375 0.03 0.06875
0 0.7684375 0.394375 0.019375 0.05125
0 0.6871875 0.45625 0.030625 0.0775
0 0.653125 0.370625 0.0175 0.03875
0 0.510625 0.406875 0.02125 0.05125
0 0.5603125 0.355 0.011875 0.03
0 0.3815625 0.388125 0.018125 0.04125
0 0.3096875 0.3775 0.014375 0.0375
0 0.331875 0.3675 0.01375 0.0325
0 0.41625 0.3575 0.01125 0.03
0 0.4975 0.353125 0.0125 0.02875