1 0.0328125 0.7729166666666667 0.065625 0.10083333333333333
1 0.2184375 0.6708333333333333 0.035625 0.055
1 0.19125 0.6341666666666667 0.0225 0.03833333333333333
1 0.07875 0.6208333333333333 0.01875 0.03166666666666667
1 0.2871875 0.5745833333333333 0.006875 0.014166666666666666
1 0.296875 0.5745833333333333 0.00625 0.0125
1 0.30375 0.5725 0.005 0.011666666666666667
1 0.31125 0.5708333333333333 0.005 0.01
1 0.314375 0.5691666666666667 0.00375 0.01
0 0.6915625 0.75125 0.061875 0.09416666666666666
0 0.6040625 0.6545833333333333 0.029375 0.050833333333333335
0 0.474375 0.61625 0.01875 0.0325
0 0.3928125 0.605 0.015625 0.02666666666666667
0 0.275625 0.6004166666666667 0.01375 0.024166666666666666
0 0.1271875 0.6008333333333333 0.014375 0.023333333333333334
0 0.1746875 0.5654166666666667 0.006875 0.014166666666666666
0 0.1859375 0.5741666666666667 0.006875 0.013333333333333334
0 0.2003125 0.5770833333333333 0.006875 0.0125
0 0.2165625 0.5745833333333333 0.006875 0.0125
0 0.23 0.5725 0.00625 0.011666666666666667
0 0.24125 0.5704166666666667 0.00625 0.010833333333333334