1 0.4184027777777778 0.52685546875 0.01427469135802469 0.0224609375
1 0.5381944444444444 0.54150390625 0.017746913580246913 0.0283203125
1 0.7926311728395061 0.56591796875 0.02507716049382716 0.0390625
1 0.949266975308642 0.64892578125 0.058256172839506175 0.07421875
1 0.7565586419753086 0.771240234375 0.09259259259259259 0.13330078125
0 0.023148148148148147 0.73095703125 0.046296296296296294 0.119140625
0 0.08391203703703703 0.58642578125 0.03665123456790124 0.05078125
0 0.20679012345679013 0.540283203125 0.020061728395061727 0.02978515625
0 0.2810570987654321 0.524169921875 0.01427469135802469 0.02197265625
0 0.5432098765432098 0.519775390625 0.011574074074074073 0.02001953125
0 0.6689814814814815 0.53515625 0.017746913580246913 0.025390625
0 0.7820216049382716 0.580322265625 0.030864197530864196 0.04541015625
0 0.9384645061728395 0.58447265625 0.03587962962962963 0.046875