1 0.575 0.366875 0.015 0.04125
1 0.246875 0.48125 0.03625 0.085
1 0.6553125 0.33625 0.010625 0.03
1 0.601875 0.32875 0.01 0.025
1 0.56375 0.32375 0.0075 0.0225
1 0.635625 0.345625 0.01125 0.03375
1 0.4721875 0.40625 0.019375 0.055
1 0.4815625 0.31625 0.006875 0.02
1 0.6421875 0.333125 0.008125 0.02625
1 0.735 0.31125 0.00625 0.0125
1 0.973125 0.321875 0.00875 0.01375
1 0.860625 0.316875 0.0075 0.01375
1 0.5290625 0.303125 0.005625 0.01125
1 0.4228125 0.315 0.006875 0.02
1 0.345625 0.31125 0.00625 0.0175
1 0.2721875 0.3075 0.006875 0.02
0 0.7890625 0.33625 0.010625 0.0275
0 0.845625 0.344375 0.0125 0.02875
0 0.7928125 0.42125 0.025625 0.0625
0 0.840625 0.524375 0.04125 0.10125
0 0.7025 0.325625 0.0075 0.02375
0 0.8690625 0.38375 0.018125 0.045
0 0.62125 0.31625 0.00625 0.0225
0 0.5365625 0.31125 0.005625 0.0175
0 0.865625 0.35625 0.01375 0.0375
0 0.4596875 0.308125 0.006875 0.01875
0 0.3565625 0.305 0.006875 0.0175
0 0.261875 0.30125 0.00625 0.0175