1 0.0490625 0.34 0.013125 0.0375
1 0.125625 0.358125 0.01625 0.04375
1 0.183125 0.395 0.02125 0.055
1 0.131875 0.461875 0.0325 0.08375
1 0.0465625 0.590625 0.056875 0.13625
1 0.9109375 0.37625 0.024375 0.0325
1 0.3178125 0.326875 0.013125 0.01625
1 0.225625 0.311875 0.0125 0.01625
1 0.1184375 0.303125 0.010625 0.01625
1 0.066875 0.300625 0.01125 0.01625
1 0.0103125 0.29625 0.010625 0.015
0 0.06375 0.323125 0.01 0.02875
0 0.20875 0.334375 0.01 0.02875
0 0.3071875 0.351875 0.013125 0.03625
0 0.391875 0.373125 0.015 0.04125
0 0.441875 0.405 0.02125 0.0575
0 0.5840625 0.49375 0.039375 0.095