1 0.756875 0.6475 0.0275 0.041666666666666664
1 0.5571875 0.6545833333333333 0.030625 0.0525
1 0.2921875 0.71375 0.056875 0.0825
1 0.9625 0.6520833333333333 0.02375 0.03916666666666667
1 0.4346875 0.5708333333333333 0.010625 0.021666666666666667
1 0.9784375 0.6245833333333334 0.015625 0.025833333333333333
1 0.9275 0.5845833333333333 0.00625 0.010833333333333334
1 0.386875 0.5629166666666666 0.01 0.019166666666666665
0 0.67 0.5870833333333333 0.01125 0.019166666666666665
0 0.890625 0.5975 0.0125 0.018333333333333333
0 0.605625 0.58 0.00875 0.015
0 0.7190625 0.5916666666666667 0.013125 0.018333333333333333
0 0.5671875 0.5754166666666667 0.009375 0.014166666666666666
0 0.5475 0.5870833333333333 0.01125 0.014166666666666666
0 0.5284375 0.5683333333333334 0.005625 0.01
0 0.7771875 0.6079166666666667 0.019375 0.029166666666666667
0 0.906875 0.5816666666666667 0.0075 0.013333333333333334
0 0.5165625 0.5645833333333333 0.006875 0.015833333333333335
0 0.505625 0.5604166666666667 0.00875 0.014166666666666666
0 0.4946875 0.5583333333333333 0.006875 0.011666666666666667