1 0.3771875 0.5970833333333333 0.011875 0.0225
1 0.363125 0.5933333333333334 0.01125 0.021666666666666667
1 0.3534375 0.61 0.014375 0.028333333333333332
1 0.3184375 0.5929166666666666 0.010625 0.020833333333333332
1 0.31875 0.6316666666666667 0.02 0.03666666666666667
1 0.2671875 0.59625 0.010625 0.019166666666666665
1 0.2440625 0.6725 0.033125 0.058333333333333334
1 0.0428125 0.78875 0.076875 0.11083333333333334
1 0.115 0.6025 0.01375 0.023333333333333334
0 0.7896875 0.7933333333333333 0.075625 0.115
0 0.6378125 0.67 0.035625 0.056666666666666664
0 0.59125 0.6291666666666667 0.0225 0.03833333333333333
0 0.5671875 0.6091666666666666 0.016875 0.028333333333333332
0 0.5490625 0.5970833333333333 0.013125 0.020833333333333332
0 0.526875 0.5908333333333333 0.01125 0.018333333333333333
0 0.4665625 0.5875 0.009375 0.018333333333333333
0 0.415 0.5858333333333333 0.00875 0.018333333333333333
0 0.3384375 0.5866666666666667 0.009375 0.018333333333333333
0 0.2678125 0.5866666666666667 0.010625 0.018333333333333333
0 0.2034375 0.5904166666666667 0.010625 0.019166666666666665
0 0.0596875 0.6 0.013125 0.023333333333333334