1 0.629375 0.376875 0.02 0.05375
1 0.6528125 0.301875 0.006875 0.02125
1 0.76375 0.29375 0.0075 0.02
1 0.8934375 0.289375 0.006875 0.02125
1 0.5621875 0.31 0.006875 0.0225
1 0.4440625 0.333125 0.008125 0.02875
1 0.39625 0.345625 0.0125 0.03625
1 0.3928125 0.31625 0.008125 0.025
1 0.32 0.31125 0.00875 0.0225
1 0.0309375 0.375625 0.019375 0.04875
1 0.03 0.30875 0.0075 0.0225
1 0.1203125 0.304375 0.005625 0.01625
1 0.235 0.3625 0.01625 0.045
1 0.2203125 0.30625 0.008125 0.025
0 0.363125 0.380625 0.02 0.05375
0 0.744375 0.35375 0.0175 0.045
0 0.708125 0.30625 0.00875 0.025
0 0.615625 0.34125 0.01375 0.0375
0 0.6378125 0.31375 0.009375 0.025
0 0.7965625 0.30125 0.009375 0.025
0 0.90125 0.296875 0.01 0.02625
0 0.5715625 0.3325 0.009375 0.03
0 0.5871875 0.323125 0.008125 0.02875
0 0.45125 0.31 0.0075 0.0225
0 0.3696875 0.304375 0.008125 0.02375
0 0.0096875 0.301875 0.009375 0.02375
0 0.1253125 0.3 0.005625 0.02
0 0.249375 0.3 0.0075 0.0225