1 0.3075 0.565 0.05 0.125
1 0.04125 0.349375 0.01 0.02625
1 0.609375 0.4825 0.03375 0.0875
1 0.89625 0.45375 0.03125 0.075
1 0.16125 0.341875 0.00875 0.02375
1 0.2296875 0.33125 0.008125 0.0225
1 0.7428125 0.339375 0.009375 0.02375
1 0.6590625 0.33625 0.008125 0.0225
1 0.5684375 0.33375 0.006875 0.02
1 0.5153125 0.32625 0.006875 0.0175
1 0.49 0.32 0.00625 0.0175
1 0.4809375 0.315 0.005625 0.0175
1 0.4421875 0.31125 0.005625 0.0175
1 0.3828125 0.31 0.005625 0.0175
1 0.353125 0.311875 0.00625 0.01625
1 0.318125 0.3175 0.00625 0.0175
1 0.28 0.323125 0.0075 0.02125
0 0.0615625 0.33125 0.009375 0.025
0 0.1409375 0.325 0.008125 0.0225
0 0.205625 0.31875 0.0075 0.0225
0 0.9934375 0.330625 0.010625 0.02625
0 0.7865625 0.3325 0.008125 0.0225
0 0.6953125 0.330625 0.008125 0.02125
0 0.619375 0.32875 0.0075 0.02
0 0.5775 0.321875 0.00625 0.01875
0 0.5525 0.31625 0.00625 0.0175
0 0.4728125 0.308125 0.005625 0.01625
0 0.5178125 0.31125 0.005625 0.0175
0 0.4225 0.305 0.00625 0.015
0 0.366875 0.30375 0.005 0.015
0 0.3184375 0.305 0.005625 0.015
0 0.246875 0.313125 0.0075 0.01875
0 0.2778125 0.30875 0.006875 0.02