1 0.23977623456790123 0.775146484375 0.08834876543209877 0.14208984375
1 0.3595679012345679 0.53662109375 0.016975308641975308 0.0244140625
1 0.32272376543209874 0.519287109375 0.011188271604938271 0.01806640625
1 0.34085648148148145 0.51171875 0.009645061728395061 0.0146484375
1 0.419945987654321 0.509033203125 0.008101851851851851 0.01318359375
1 0.49787808641975306 0.50927734375 0.0073302469135802465 0.01171875
1 0.5244984567901234 0.56787109375 0.022762345679012346 0.037109375
1 0.5671296296296297 0.51220703125 0.006944444444444444 0.01171875
1 0.6317515432098766 0.515625 0.0073302469135802465 0.01171875
1 0.7116126543209876 0.519775390625 0.0073302469135802465 0.01416015625
1 0.7941743827160493 0.58447265625 0.030478395061728395 0.04296875
1 0.8292824074074074 0.551025390625 0.019675925925925927 0.02685546875
0 0.023919753086419752 0.60888671875 0.044753086419753084 0.05859375
0 0.24093364197530864 0.54833984375 0.01890432098765432 0.03125
0 0.48572530864197533 0.53076171875 0.014660493827160493 0.0224609375
0 0.7282021604938271 0.537109375 0.013503086419753086 0.021484375
0 0.8873456790123457 0.58935546875 0.03009259259259259 0.0439453125
0 0.9398148148148148 0.54443359375 0.016203703703703703 0.0224609375