1 0.26273148148148145 0.561767578125 0.029320987654320986 0.04833984375
1 0.036458333333333336 0.472900390625 0.010416666666666666 0.01513671875
1 0.15200617283950618 0.482421875 0.011574074074074073 0.0185546875
1 0.41377314814814814 0.50732421875 0.019675925925925927 0.0205078125
0 0.03742283950617284 0.67138671875 0.07253086419753087 0.0869140625
0 0.41570216049382713 0.6162109375 0.05439814814814815 0.052734375
0 0.10088734567901235 0.533447265625 0.030478395061728395 0.03759765625
0 0.053626543209876545 0.47998046875 0.011574074074074073 0.017578125
0 0.22916666666666666 0.49365234375 0.013117283950617283 0.0234375
0 0.3169367283950617 0.490966796875 0.013503086419753086 0.02294921875
0 0.6691743827160493 0.5205078125 0.02662037037037037 0.025390625