1 0.05381944444444445 0.7080078125 0.09220679012345678 0.119140625
1 0.04513888888888889 0.502685546875 0.016203703703703703 0.02490234375
1 0.015817901234567902 0.481689453125 0.010802469135802469 0.01611328125
1 0.048804012345679014 0.47216796875 0.0073302469135802465 0.01171875
1 0.08969907407407407 0.45166015625 0.006558641975308642 0.009765625
1 0.14737654320987653 0.48095703125 0.008487654320987654 0.0146484375
1 0.15084876543209877 0.473388671875 0.006172839506172839 0.01123046875
1 0.1871141975308642 0.555419921875 0.03009259259259259 0.04541015625
1 0.20949074074074073 0.505615234375 0.013888888888888888 0.02294921875
1 0.21064814814814814 0.490234375 0.010802469135802469 0.015625
1 0.2488425925925926 0.4931640625 0.010030864197530864 0.017578125
1 0.29070216049382713 0.431884765625 0.009645061728395061 0.01611328125
0 0.04398148148148148 0.48583984375 0.012345679012345678 0.0185546875
0 0.07445987654320987 0.476318359375 0.008487654320987654 0.01416015625
0 0.1410108024691358 0.495361328125 0.013503086419753086 0.02099609375
0 0.19174382716049382 0.470947265625 0.006172839506172839 0.01123046875
0 0.2033179012345679 0.517333984375 0.017746913580246913 0.02880859375
0 0.2648533950617284 0.598388671875 0.0466820987654321 0.06591796875
0 0.3400848765432099 0.53466796875 0.02044753086419753 0.0341796875
0 0.294945987654321 0.516357421875 0.015817901234567902 0.02685546875
0 0.3157793209876543 0.506591796875 0.013503086419753086 0.02197265625
0 0.4558256172839506 0.56982421875 0.03202160493827161 0.0478515625
0 0.25925925925925924 0.4345703125 0.008487654320987654 0.013671875
0 0.22743055555555555 0.4541015625 0.006558641975308642 0.01171875