1 0.3940625 0.3925 0.014375 0.045
1 0.3153125 0.483125 0.033125 0.08625
1 0.4240625 0.361875 0.009375 0.02875
1 0.4390625 0.34625 0.006875 0.025
1 0.4478125 0.335625 0.005625 0.01875
1 0.45375 0.32875 0.00375 0.015
1 0.4575 0.32375 0.00375 0.0125
0 0.569375 0.35875 0.01125 0.03
0 0.7190625 0.48 0.036875 0.0875
0 0.6053125 0.38875 0.018125 0.045
0 0.55 0.345 0.0075 0.0225
0 0.5365625 0.335625 0.006875 0.01875
0 0.5284375 0.329375 0.005625 0.01625
0 0.5215625 0.325 0.004375 0.0125
0 0.5165625 0.32125 0.003125 0.0125
0 0.5134375 0.31875 0.003125 0.01