1 0.1765625 0.5525 0.009375 0.018333333333333333
1 0.28125 0.54625 0.01 0.0175
1 0.711875 0.5841666666666666 0.01875 0.035
1 0.5640625 0.5908333333333333 0.024375 0.041666666666666664
1 0.076875 0.5525 0.01 0.02
1 0.5084375 0.5429166666666667 0.008125 0.0175
1 0.311875 0.6445833333333333 0.04625 0.06416666666666666
1 0.770625 0.5566666666666666 0.01125 0.02
1 0.8640625 0.5775 0.016875 0.025
1 0.3375 0.54375 0.00875 0.0175
1 0.820625 0.5808333333333333 0.0175 0.03
1 0.6246875 0.5458333333333333 0.009375 0.018333333333333333
1 0.40875 0.5416666666666666 0.00875 0.016666666666666666
1 0.82875 0.5658333333333333 0.0125 0.023333333333333334
1 0.684375 0.5383333333333333 0.005 0.011666666666666667
1 0.714375 0.5508333333333333 0.0125 0.02
1 0.8178125 0.5416666666666666 0.006875 0.011666666666666667
1 0.49375 0.5341666666666667 0.005 0.011666666666666667
1 0.04875 0.5258333333333334 0.00625 0.013333333333333334
0 0.0915625 0.545 0.008125 0.015
0 0.9865625 0.5595833333333333 0.014375 0.020833333333333332
0 0.7465625 0.5404166666666667 0.009375 0.015833333333333335
0 0.855625 0.5466666666666666 0.01125 0.02
0 0.305 0.5345833333333333 0.00625 0.015833333333333335
0 0.8884375 0.54125 0.005625 0.010833333333333334
0 0.659375 0.5383333333333333 0.0075 0.013333333333333334
0 0.5265625 0.5354166666666667 0.005625 0.0125
0 0.5840625 0.5366666666666666 0.005625 0.008333333333333333
0 0.785625 0.54 0.00625 0.013333333333333334
0 0.200625 0.5391666666666667 0.00875 0.015
0 0.6365625 0.5383333333333333 0.008125 0.016666666666666666
0 0.5503125 0.53625 0.008125 0.015833333333333335
0 0.46875 0.53375 0.0075 0.014166666666666666
0 0.4159375 0.5341666666666667 0.006875 0.015
0 0.04125 0.5304166666666666 0.0075 0.014166666666666666
0 0.1184375 0.5283333333333333 0.005625 0.016666666666666666