1 0.0659375 0.83 0.074375 0.13166666666666665
1 0.0459375 0.685 0.034375 0.058333333333333334
1 0.0496875 0.6404166666666666 0.021875 0.035833333333333335
1 0.0578125 0.6183333333333333 0.011875 0.025
1 0.0503125 0.60625 0.010625 0.0225
0 0.823125 0.7854166666666667 0.085 0.11416666666666667
0 0.643125 0.7041666666666667 0.0525 0.075
0 0.444375 0.64375 0.0275 0.04583333333333333
0 0.344375 0.6225 0.02 0.03333333333333333
0 0.2528125 0.6058333333333333 0.015625 0.025
0 0.2221875 0.5966666666666667 0.013125 0.021666666666666667
0 0.1446875 0.5916666666666667 0.010625 0.018333333333333333
0 0.081875 0.5904166666666667 0.01 0.0175