1 0.02797067901234568 0.669677734375 0.055169753086419755 0.08056640625
1 0.21489197530864199 0.55859375 0.018518518518518517 0.0302734375
1 0.4783950617283951 0.542236328125 0.014660493827160493 0.02490234375
1 0.6583719135802469 0.56103515625 0.01890432098765432 0.03125
1 0.8728780864197531 0.55517578125 0.01890432098765432 0.02734375
1 0.8850308641975309 0.53173828125 0.011574074074074073 0.017578125
1 0.7978395061728395 0.52294921875 0.008487654320987654 0.015625
0 0.9064429012345679 0.83544921875 0.1076388888888889 0.1708984375
0 0.1271219135802469 0.584716796875 0.02970679012345679 0.04345703125
0 0.33101851851851855 0.568603515625 0.020833333333333332 0.03564453125
0 0.7218364197530864 0.5361328125 0.012345679012345678 0.021484375