1 0.7249228395061729 0.77734375 0.10030864197530864 0.1533203125
1 0.6508487654320988 0.617919921875 0.04089506172839506 0.05224609375
1 0.6462191358024691 0.538818359375 0.020061728395061727 0.03564453125
1 0.7374614197530864 0.4873046875 0.008101851851851851 0.0146484375
1 0.7577160493827161 0.5068359375 0.013117283950617283 0.0224609375
1 0.7648533950617284 0.4775390625 0.005015432098765432 0.0107421875
1 0.8003472222222222 0.45654296875 0.006558641975308642 0.009765625
1 0.8549382716049383 0.484130859375 0.008487654320987654 0.01513671875
1 0.8587962962962963 0.4755859375 0.006944444444444444 0.01171875
1 0.8969907407407407 0.57421875 0.035493827160493825 0.0546875
1 0.9249614197530864 0.510986328125 0.018132716049382717 0.02685546875
1 0.9251543209876543 0.493408203125 0.011574074074074073 0.01904296875
1 0.9731867283950617 0.49560546875 0.01427469135802469 0.021484375
0 0.7035108024691358 0.499755859375 0.01273148148148148 0.02001953125
0 0.7588734567901234 0.490234375 0.010030864197530864 0.015625
0 0.7856867283950617 0.480224609375 0.008101851851851851 0.01318359375
0 0.8479938271604939 0.499755859375 0.016203703703703703 0.02197265625
0 0.9021990740740741 0.471923828125 0.005787037037037037 0.01123046875
0 0.9172453703703703 0.525146484375 0.02199074074074074 0.03271484375
0 0.9857253086419753 0.426025390625 0.012345679012345678 0.01611328125
0 0.9448302469135802 0.45166015625 0.008487654320987654 0.0126953125
0 0.4525462962962963 0.511474609375 0.02854938271604938 0.04736328125