1 0.0475 0.644375 0.07 0.16875
1 0.3234375 0.50125 0.033125 0.0975
1 0.4775 0.43625 0.0275 0.065
1 0.6203125 0.404375 0.016875 0.05125
1 0.7184375 0.385625 0.014375 0.04125
1 0.7275 0.365625 0.01125 0.03375
1 0.799375 0.35625 0.0125 0.0325
1 0.86 0.346875 0.01 0.02875
1 0.88875 0.339375 0.01 0.02625
1 0.874375 0.326875 0.00625 0.02125
1 0.850625 0.325 0.00625 0.02
1 0.9090625 0.33375 0.008125 0.0225
0 0.363125 0.3475 0.0125 0.0475
0 0.985625 0.383125 0.0175 0.04125
0 0.9471875 0.3225 0.006875 0.0175
0 0.958125 0.32125 0.0075 0.02
0 0.9821875 0.325 0.006875 0.02
0 0.996875 0.36625 0.005 0.0375