1 0.06944444444444445 0.516357421875 0.017746913580246913 0.02392578125
1 0.23244598765432098 0.49658203125 0.008101851851851851 0.01171875
1 0.2835648148148148 0.522216796875 0.013888888888888888 0.02197265625
1 0.31385030864197533 0.50146484375 0.008101851851851851 0.0126953125
1 0.36496913580246915 0.498291015625 0.006944444444444444 0.01123046875
1 0.37982253086419754 0.5146484375 0.011188271604938271 0.017578125
1 0.5221836419753086 0.5 0.005015432098765432 0.009765625
1 0.5189043209876543 0.513916015625 0.007716049382716049 0.01513671875
1 0.5138888888888888 0.524169921875 0.012345679012345678 0.02001953125
1 0.558641975308642 0.504150390625 0.006172839506172839 0.01123046875
1 0.5914351851851852 0.5146484375 0.008487654320987654 0.0146484375
1 0.6197916666666666 0.509521484375 0.0073302469135802465 0.01220703125
1 0.6512345679012346 0.51806640625 0.009259259259259259 0.015625
1 0.7104552469135802 0.53515625 0.01273148148148148 0.021484375
1 0.7177854938271605 0.572265625 0.025848765432098766 0.037109375
1 0.5690586419753086 0.537841796875 0.015432098765432098 0.02490234375
1 0.3402777777777778 0.594482421875 0.035493827160493825 0.05419921875
0 0.03298611111111111 0.703125 0.06597222222222222 0.1103515625
0 0.016589506172839507 0.567626953125 0.033179012345679014 0.04736328125
0 0.10339506172839506 0.540283203125 0.02700617283950617 0.03369140625
0 0.2318672839506173 0.506103515625 0.011574074074074073 0.01611328125
0 0.4112654320987654 0.50146484375 0.007716049382716049 0.0126953125
0 0.4226466049382716 0.507080078125 0.008873456790123456 0.01513671875
0 0.4359567901234568 0.49853515625 0.006172839506172839 0.0107421875
0 0.46392746913580246 0.497314453125 0.005787037037037037 0.01025390625
0 0.5850694444444444 0.501708984375 0.005787037037037037 0.00927734375
0 0.6030092592592593 0.510498046875 0.008487654320987654 0.01318359375
0 0.6188271604938271 0.505859375 0.006172839506172839 0.0107421875
0 0.6421682098765432 0.512939453125 0.008101851851851851 0.01318359375
0 0.6909722222222222 0.526123046875 0.010802469135802469 0.01806640625
0 0.6560570987654321 0.562744140625 0.024305555555555556 0.03466796875