1 0.3965625 0.54125 0.046875 0.1075
1 0.611875 0.409375 0.01875 0.05125
1 0.6803125 0.369375 0.013125 0.03625
1 0.715 0.34875 0.01 0.0275
1 0.7275 0.340625 0.00875 0.02375
1 0.7378125 0.335625 0.006875 0.02125
1 0.748125 0.33 0.00625 0.02
1 0.756875 0.325 0.005 0.0175
1 0.798125 0.32375 0.005 0.0175
1 0.8603125 0.325625 0.005625 0.01875
0 0.9325 0.57625 0.05625 0.1275
0 0.8853125 0.4225 0.024375 0.06
0 0.87 0.3775 0.01625 0.04
0 0.8578125 0.35375 0.010625 0.03
0 0.866875 0.33 0.00625 0.02
0 0.844375 0.330625 0.00625 0.02125
0 0.9971875 0.335625 0.004375 0.02375
0 0.8534375 0.345 0.006875 0.025
0 0.904375 0.330625 0.0075 0.02125
0 0.9465625 0.333125 0.008125 0.01875
0 0.8490625 0.329375 0.004375 0.01875