1 0.00625 0.340625 0.01125 0.03375
1 0.0625 0.3075 0.01 0.015
1 0.085 0.36 0.015 0.0425
1 0.14875 0.394375 0.01875 0.05125
1 0.115625 0.446875 0.02875 0.07625
1 0.071875 0.545 0.04625 0.1175
1 0.2659375 0.329375 0.013125 0.01875
1 0.815625 0.3725 0.02125 0.03
1 0.9015625 0.39 0.024375 0.0325
0 0.0153125 0.325625 0.010625 0.03125
0 0.161875 0.336875 0.01125 0.02875
0 0.2603125 0.35375 0.011875 0.0325
0 0.3425 0.371875 0.01375 0.04125
0 0.3921875 0.399375 0.019375 0.05375
0 0.5134375 0.466875 0.033125 0.08625
0 0.9384375 0.738125 0.106875 0.21375