1 0.2034375 0.393125 0.015625 0.04625
1 0.294375 0.374375 0.0125 0.03625
1 0.3778125 0.356875 0.010625 0.02875
1 0.46875 0.34375 0.00875 0.025
1 0.5415625 0.335625 0.008125 0.02375
1 0.5678125 0.32625 0.005625 0.02
1 0.625625 0.32125 0.00625 0.0175
1 0.6815625 0.31375 0.006875 0.0175
0 0.559375 0.541875 0.04875 0.11625
0 0.554375 0.44375 0.02875 0.07
0 0.58125 0.409375 0.02375 0.05625
0 0.6146875 0.3925 0.019375 0.0475
0 0.6509375 0.368125 0.014375 0.03875
0 0.6878125 0.346875 0.011875 0.03125
0 0.888125 0.760625 0.10125 0.21875
0 0.853125 0.44875 0.035 0.0775
0 0.8125 0.395625 0.02125 0.05125
0 0.881875 0.375 0.01875 0.045
0 0.9209375 0.355625 0.015625 0.03875
0 0.9603125 0.341875 0.013125 0.03125
0 0.741875 0.32375 0.0075 0.0225
0 0.80875 0.316875 0.00625 0.02125
0 0.705 0.33125 0.0075 0.0225
0 0.84875 0.310625 0.005 0.01375