1 0.9814814814814815 0.650634765625 0.036265432098765434 0.07177734375
1 0.44483024691358025 0.844482421875 0.09490740740740741 0.16748046875
1 0.4652777777777778 0.57177734375 0.024691358024691357 0.0390625
1 0.2951388888888889 0.572265625 0.02546296296296296 0.0400390625
1 0.2785493827160494 0.541259765625 0.017746913580246913 0.02685546875
1 0.10821759259259259 0.60595703125 0.03896604938271605 0.0556640625
1 0.10397376543209877 0.531982421875 0.016589506172839507 0.02392578125
0 0.6942515432098766 0.60009765625 0.030478395061728395 0.05078125
0 0.35532407407407407 0.547607421875 0.017746913580246913 0.02978515625
0 0.25675154320987653 0.548583984375 0.02044753086419753 0.03076171875
0 0.22299382716049382 0.52587890625 0.013117283950617283 0.0224609375
0 0.1275077160493827 0.517822265625 0.013503086419753086 0.01806640625