1 0.3909375 0.389375 0.014375 0.04375
1 0.3325 0.445625 0.025 0.06625
1 0.4196875 0.35875 0.010625 0.03
1 0.109375 0.673125 0.07375 0.17625
1 0.4340625 0.34375 0.006875 0.0225
1 0.4440625 0.33375 0.005625 0.0175
1 0.450625 0.3275 0.00375 0.015
1 0.455 0.32375 0.00375 0.0125
0 0.595 0.386875 0.015 0.04375
0 0.560625 0.35625 0.01 0.0275
0 0.6578125 0.44125 0.025625 0.0675
0 0.54125 0.34 0.00625 0.02
0 0.9015625 0.67 0.058125 0.1725
0 0.53125 0.3325 0.00625 0.0175
0 0.5240625 0.326875 0.005625 0.01625
0 0.5178125 0.3225 0.003125 0.0125
0 0.5134375 0.32 0.003125 0.0125