1 0.826875 0.5570833333333334 0.01375 0.024166666666666666
1 0.50375 0.54625 0.0125 0.020833333333333332
1 0.356875 0.54125 0.01125 0.019166666666666665
1 0.92375 0.5616666666666666 0.015 0.02666666666666667
1 0.69875 0.5529166666666666 0.01125 0.0225
1 0.2303125 0.5375 0.009375 0.018333333333333333
1 0.1225 0.53625 0.00875 0.0175
1 0.0234375 0.7295833333333334 0.046875 0.09083333333333334
1 0.0096875 0.6391666666666667 0.019375 0.06333333333333334
0 0.570625 0.63875 0.03875 0.05416666666666667
0 0.8653125 0.74375 0.073125 0.09416666666666666
0 0.3271875 0.58875 0.028125 0.04083333333333333
0 0.2 0.54 0.01 0.02
0 0.451875 0.5483333333333333 0.0125 0.02
0 0.6803125 0.5591666666666667 0.013125 0.023333333333333334
0 0.846875 0.5725 0.01625 0.028333333333333332
0 0.1309375 0.56125 0.016875 0.0325
0 0.0646875 0.5404166666666667 0.011875 0.0225
0 0.3178125 0.5445833333333333 0.011875 0.019166666666666665