1 0.1021875 0.3775 0.013125 0.04
1 0.2246875 0.364375 0.010625 0.02875
1 0.574375 0.346875 0.0075 0.01875
1 0.523125 0.349375 0.00875 0.02625
1 0.345625 0.355 0.01 0.025
1 0.45625 0.35125 0.00875 0.025
1 0.640625 0.34625 0.0075 0.02
1 0.6934375 0.345 0.005625 0.0175
0 0.6053125 0.533125 0.049375 0.10625
0 0.925625 0.6475 0.0625 0.18
0 0.3909375 0.48 0.038125 0.08
0 0.1946875 0.44375 0.021875 0.0625
0 0.255 0.38 0.01375 0.035
0 0.173125 0.395 0.015 0.0475
0 0.6209375 0.355 0.009375 0.025
0 0.4603125 0.363125 0.010625 0.02875
0 0.550625 0.36 0.01 0.0275
0 0.674375 0.354375 0.00875 0.02375
0 0.9634375 0.363125 0.009375 0.02125
0 0.3553125 0.369375 0.011875 0.03125
0 0.1140625 0.42 0.019375 0.045
0 0.7234375 0.35375 0.006875 0.02
0 0.7528125 0.3525 0.005625 0.02
0 0.7803125 0.3525 0.005625 0.0175
0 0.9203125 0.35625 0.005625 0.015