1 0.3803125 0.370625 0.013125 0.03375
1 0.0103125 0.35125 0.011875 0.03
1 0.888125 0.336875 0.01125 0.02625
1 0.620625 0.36125 0.01125 0.0275
1 0.2828125 0.35875 0.013125 0.0325
1 0.14875 0.351875 0.0125 0.02875
1 0.363125 0.456875 0.0275 0.07125
1 0.4540625 0.41375 0.013125 0.05
1 0.7390625 0.345625 0.009375 0.03375
0 0.9528125 0.346875 0.014375 0.03125
0 0.784375 0.453125 0.02625 0.07375
0 0.8296875 0.35625 0.014375 0.035
0 0.7375 0.36875 0.0125 0.04
0 0.0321875 0.339375 0.011875 0.02875
0 0.199375 0.34 0.01 0.0275
0 0.3565625 0.346875 0.013125 0.03125
0 0.17875 0.71 0.07875 0.195
0 0.465 0.35875 0.01 0.0325
0 0.670625 0.413125 0.015 0.05875
0 0.6746875 0.385625 0.011875 0.04875