1 0.9525 0.39125 0.02875 0.0325
1 0.8503125 0.38125 0.021875 0.0275
1 0.7709375 0.370625 0.018125 0.02125
1 0.5259375 0.361875 0.010625 0.01375
1 0.445 0.36 0.01 0.0125
1 0.9915625 0.338125 0.009375 0.02625
1 0.9015625 0.33625 0.008125 0.025
1 0.7990625 0.338125 0.004375 0.02125
1 0.7040625 0.33625 0.005625 0.0225
0 0.6153125 0.581875 0.055625 0.13125
0 0.200625 0.5225 0.03375 0.0925
0 0.00875 0.405 0.01625 0.035
0 0.0221875 0.37625 0.009375 0.0275
0 0.055 0.38125 0.01 0.0275
0 0.06125 0.389375 0.0125 0.03125