1 0.815625 0.33125 0.01125 0.0325
1 0.6465625 0.363125 0.013125 0.03875
1 0.1384375 0.566875 0.059375 0.12125
1 0.83625 0.31625 0.01 0.0275
1 0.7478125 0.343125 0.013125 0.03625
1 0.1275 0.335625 0.01 0.02625
1 0.394375 0.45625 0.02875 0.0725
1 0.52125 0.39875 0.02 0.0475
1 0.54125 0.315625 0.00875 0.02375
1 0.27625 0.330625 0.01125 0.02625
1 0.421875 0.321875 0.00875 0.02375
1 0.659375 0.31 0.00875 0.025
1 0.7459375 0.308125 0.009375 0.02625
1 0.904375 0.285 0.00875 0.015
1 0.764375 0.288125 0.0075 0.01625
0 0.9465625 0.63625 0.078125 0.1625
0 0.311875 0.315625 0.01125 0.02625
0 0.93875 0.37125 0.01875 0.045
0 0.820625 0.469375 0.035 0.08125
0 0.196875 0.31875 0.01 0.0225
0 0.71375 0.29625 0.01 0.025
0 0.43375 0.309375 0.01 0.02375
0 0.911875 0.3025 0.01125 0.025
0 0.5365625 0.30375 0.008125 0.0225
0 0.61875 0.3 0.0075 0.0225
0 0.8175 0.29625 0.01 0.025
0 0.995 0.310625 0.00875 0.02875
0 0.81875 0.4075 0.02375 0.0575
0 0.0809375 0.320625 0.009375 0.02375