1 0.454375 0.418125 0.01875 0.05375
1 0.885625 0.37375 0.015 0.04
1 0.5875 0.400625 0.01875 0.04875
1 0.7228125 0.385 0.016875 0.0425
1 0.078125 0.58375 0.055 0.125
1 0.965 0.365 0.015 0.0375
1 0.2375 0.4575 0.03 0.07
1 0.8765625 0.335625 0.009375 0.02375
1 0.83 0.329375 0.0075 0.01875
1 0.813125 0.32625 0.00625 0.02
1 0.9509375 0.3425 0.010625 0.0275
1 0.8203125 0.323125 0.005625 0.01875
1 0.8396875 0.318125 0.005625 0.01625
0 0.8034375 0.47125 0.034375 0.08
0 0.8509375 0.575 0.053125 0.1325
0 0.9565625 0.441875 0.029375 0.06625
0 0.9434375 0.323125 0.006875 0.02125
0 0.981875 0.3275 0.00875 0.0225
0 0.9625 0.32 0.00625 0.0175