1 0.875625 0.405 0.015 0.0375
1 0.31875 0.495625 0.035 0.08375
1 0.1946875 0.608125 0.056875 0.13625
1 0.418125 0.39625 0.01625 0.045
1 0.3840625 0.43125 0.019375 0.055
1 0.5071875 0.385 0.014375 0.035
1 0.6246875 0.389375 0.014375 0.03375
1 0.7459375 0.395 0.011875 0.0325
0 0.8446875 0.42375 0.018125 0.0475
0 0.71375 0.495625 0.03125 0.08875
0 0.8309375 0.6225 0.055625 0.1525
0 0.7409375 0.411875 0.014375 0.04125
0 0.663125 0.406875 0.0175 0.04375
0 0.6371875 0.435 0.021875 0.06
0 0.63125 0.4175 0.01875 0.05