1 0.3524305555555556 0.501220703125 0.006558641975308642 0.01025390625
1 0.32233796296296297 0.504150390625 0.0073302469135802465 0.01220703125
1 0.3161651234567901 0.510986328125 0.008873456790123456 0.01416015625
1 0.35358796296296297 0.522705078125 0.011188271604938271 0.01904296875
1 0.1259645061728395 0.5390625 0.018132716049382717 0.029296875
1 0.421875 0.501220703125 0.005787037037037037 0.00927734375
1 0.4834104938271605 0.501708984375 0.005401234567901234 0.00927734375
1 0.5337577160493827 0.50439453125 0.005787037037037037 0.009765625
1 0.5769675925925926 0.507080078125 0.005787037037037037 0.01025390625
1 0.5881558641975309 0.5234375 0.010416666666666666 0.0166015625
1 0.6259645061728395 0.5107421875 0.005787037037037037 0.0107421875
1 0.6151620370370371 0.5498046875 0.017361111111111112 0.0283203125
1 0.46161265432098764 0.530029296875 0.013503086419753086 0.02294921875
1 0.4519675925925926 0.573486328125 0.025848765432098766 0.04052734375
1 0.8001543209876543 0.52587890625 0.010030864197530864 0.0166015625
1 0.7922453703703703 0.572265625 0.024305555555555556 0.0361328125
1 0.8040123456790124 0.748291015625 0.07716049382716049 0.12255859375
1 0.9178240740740741 0.552001953125 0.018518518518518517 0.02490234375
1 0.9899691358024691 0.541259765625 0.014660493827160493 0.02001953125
0 0.23109567901234568 0.513427734375 0.010030864197530864 0.01708984375
0 0.10532407407407407 0.52294921875 0.013888888888888888 0.021484375
0 0.4037422839506173 0.510498046875 0.008101851851851851 0.01416015625
0 0.5669367283950617 0.51806640625 0.009645061728395061 0.015625
0 0.4996141975308642 0.53369140625 0.013888888888888888 0.0224609375
0 0.4998070987654321 0.619140625 0.04436728395061729 0.0625
0 0.7025462962962963 0.524169921875 0.011574074074074073 0.01611328125
0 0.7802854938271605 0.53076171875 0.011959876543209876 0.0185546875