1 0.044753086419753084 0.505615234375 0.014660493827160493 0.02099609375
1 0.08641975308641975 0.533935546875 0.026234567901234566 0.02099609375
1 0.28260030864197533 0.546630859375 0.024305555555555556 0.03173828125
1 0.31114969135802467 0.508056640625 0.011188271604938271 0.01708984375
1 0.5617283950617284 0.538330078125 0.021604938271604937 0.01806640625
1 0.48900462962962965 0.508544921875 0.008873456790123456 0.01513671875
1 0.4591049382716049 0.499267578125 0.006944444444444444 0.01220703125
0 0.10165895061728394 0.655029296875 0.06828703703703703 0.08642578125
0 0.05555555555555555 0.56005859375 0.02700617283950617 0.0380859375
0 0.21180555555555555 0.573974609375 0.03780864197530864 0.03271484375
0 0.1722608024691358 0.513916015625 0.015046296296296295 0.02001953125
0 0.30169753086419754 0.527587890625 0.015432098765432098 0.02392578125
0 0.7081404320987654 0.57275390625 0.03125 0.0302734375
0 0.5561342592592593 0.52197265625 0.011959876543209876 0.01953125
0 0.48746141975308643 0.51904296875 0.011959876543209876 0.0185546875
0 0.4425154320987654 0.503662109375 0.008487654320987654 0.01416015625