1 0.17727623456790123 0.578125 0.04822530864197531 0.060546875
1 0.20466820987654322 0.51904296875 0.02353395061728395 0.033203125
1 0.12422839506172839 0.513916015625 0.02546296296296296 0.03271484375
1 0.2708333333333333 0.406494140625 0.017746913580246913 0.02783203125
0 0.935570987654321 0.791259765625 0.11342592592592593 0.15283203125
0 0.4535108024691358 0.62109375 0.047453703703703706 0.0732421875
0 0.3933256172839506 0.559326171875 0.027391975308641976 0.04638671875
0 0.22800925925925927 0.669677734375 0.06095679012345679 0.10107421875
0 0.1880787037037037 0.412841796875 0.01273148148148148 0.02099609375
0 0.11824845679012345 0.444091796875 0.009645061728395061 0.01611328125
0 0.05960648148148148 0.468505859375 0.010416666666666666 0.01513671875