1 0.07195216049382716 0.516357421875 0.011188271604938271 0.01708984375
1 0.1408179012345679 0.569091796875 0.019290123456790122 0.03955078125
1 0.15991512345679013 0.52294921875 0.008873456790123456 0.0185546875
1 0.2932098765432099 0.552734375 0.018518518518518517 0.03125
1 0.29822530864197533 0.53173828125 0.010802469135802469 0.021484375
1 0.42766203703703703 0.55419921875 0.02044753086419753 0.0302734375
1 0.2689043209876543 0.658935546875 0.04861111111111111 0.07861328125
1 0.763695987654321 0.611572265625 0.03665123456790124 0.05322265625
1 0.8414351851851852 0.801513671875 0.09799382716049383 0.14794921875
0 0.18287037037037038 0.5126953125 0.010030864197530864 0.015625
0 0.25945216049382713 0.5205078125 0.011188271604938271 0.017578125
0 0.2752700617283951 0.537109375 0.015817901234567902 0.0244140625
0 0.35551697530864196 0.537353515625 0.015046296296296295 0.02490234375
0 0.5848765432098766 0.57666015625 0.023919753086419752 0.0390625