1 0.10375 0.368125 0.01 0.02625
1 0.230625 0.355 0.0075 0.0225
1 0.34875 0.3475 0.005 0.0175
1 0.455 0.341875 0.005 0.01625
1 0.58625 0.3375 0.00625 0.02
1 0.686875 0.3375 0.00625 0.02
1 0.779375 0.341875 0.00875 0.02375
1 0.9175 0.348125 0.0125 0.03125
0 0.9121875 0.56625 0.063125 0.1275
0 0.496875 0.47125 0.03375 0.0775
0 0.309375 0.43125 0.0225 0.055
0 0.209375 0.41 0.01625 0.045
0 0.161875 0.390625 0.01375 0.03625
0 0.215 0.37375 0.01125 0.0325
0 0.3475 0.359375 0.01 0.02625
0 0.450625 0.3525 0.00875 0.025
0 0.604375 0.3525 0.01125 0.0275
0 0.673125 0.360625 0.01375 0.03375
0 0.7575 0.371875 0.01375 0.03875
0 0.88625 0.393125 0.0175 0.04875