1 0.07233796296296297 0.740234375 0.08603395061728394 0.1044921875
1 0.3385416666666667 0.56787109375 0.02044753086419753 0.025390625
1 0.34760802469135804 0.549560546875 0.012345679012345678 0.01806640625
1 0.3854166666666667 0.53857421875 0.010030864197530864 0.0146484375
1 0.44907407407407407 0.579833984375 0.021604938271604937 0.03271484375
1 0.43537808641975306 0.531982421875 0.0073302469135802465 0.01220703125
1 0.5233410493827161 0.527587890625 0.0073302469135802465 0.01123046875
1 0.5964506172839507 0.525390625 0.006944444444444444 0.0107421875
1 0.6313657407407407 0.62939453125 0.03742283950617284 0.05859375
1 0.6790123456790124 0.556640625 0.016203703703703703 0.0263671875
1 0.6564429012345679 0.526123046875 0.006558641975308642 0.01123046875
1 0.7065972222222222 0.527099609375 0.0073302469135802465 0.01318359375
1 0.7665895061728395 0.529052734375 0.009259259259259259 0.01416015625
0 0.010416666666666666 0.580810546875 0.020833333333333332 0.02880859375
0 0.22839506172839505 0.557373046875 0.015432098765432098 0.02099609375
0 0.4583333333333333 0.54443359375 0.012345679012345678 0.0185546875
0 0.49594907407407407 0.585205078125 0.02507716049382716 0.03759765625
0 0.6655092592592593 0.546142578125 0.014660493827160493 0.02099609375
0 0.8614969135802469 0.549560546875 0.017746913580246913 0.02587890625
0 0.9915123456790124 0.557861328125 0.016203703703703703 0.03173828125