1 0.19309413580246915 0.609130859375 0.03587962962962963 0.06103515625
1 0.35050154320987653 0.51416015625 0.009645061728395061 0.015625
1 0.36709104938271603 0.526123046875 0.011959876543209876 0.02001953125
1 0.3726851851851852 0.5087890625 0.006944444444444444 0.0126953125
1 0.4471450617283951 0.507568359375 0.006172839506172839 0.01123046875
1 0.4670138888888889 0.546875 0.015817901234567902 0.02734375
1 0.5183256172839507 0.5078125 0.006558641975308642 0.0107421875
1 0.580054012345679 0.510986328125 0.006558641975308642 0.01123046875
1 0.6363811728395061 0.513671875 0.005787037037037037 0.01171875
1 0.6577932098765432 0.559326171875 0.023148148148148147 0.03173828125
1 0.7044753086419753 0.518310546875 0.007716049382716049 0.01318359375
1 0.751929012345679 0.541015625 0.014660493827160493 0.021484375
1 0.9810956790123457 0.5400390625 0.013888888888888888 0.0185546875
1 0.9901620370370371 0.595703125 0.01890432098765432 0.044921875
0 0.10783179012345678 0.558837890625 0.025848765432098766 0.03662109375
0 0.2650462962962963 0.531982421875 0.014660493827160493 0.02392578125
0 0.4756944444444444 0.523681640625 0.010802469135802469 0.01904296875
0 0.6867283950617284 0.53076171875 0.012345679012345678 0.01953125
0 0.7260802469135802 0.56396484375 0.021604938271604937 0.0341796875
0 0.8709490740740741 0.5380859375 0.01427469135802469 0.0205078125
0 0.9940200617283951 0.547119140625 0.011188271604938271 0.02294921875