1 0.06125 0.350625 0.00875 0.02875
1 0.8734375 0.4425 0.028125 0.0675
1 0.6046875 0.46875 0.029375 0.0775
1 0.33625 0.535 0.0425 0.11
1 0.1759375 0.3425 0.009375 0.025
1 0.241875 0.335 0.0075 0.0225
1 0.3271875 0.32 0.006875 0.0175
1 0.290625 0.325625 0.00625 0.01875
1 0.3615625 0.314375 0.004375 0.01625
1 0.3903125 0.311875 0.005625 0.01625
1 0.44875 0.311875 0.005 0.01875
1 0.4871875 0.3175 0.005625 0.0175
1 0.49625 0.321875 0.005 0.01875
1 0.5203125 0.32875 0.005625 0.0175
1 0.57375 0.335 0.005 0.02
1 0.6615625 0.3375 0.006875 0.0225
1 0.74375 0.34 0.0075 0.0225
1 0.9965625 0.33625 0.005625 0.0275
0 0.07875 0.335 0.01 0.0275
0 0.1553125 0.328125 0.008125 0.02375
0 0.2871875 0.311875 0.006875 0.01875
0 0.2171875 0.3225 0.006875 0.02
0 0.52375 0.311875 0.00625 0.01625
0 0.2571875 0.316875 0.005625 0.01875
0 0.375 0.3075 0.005 0.0175
0 0.429375 0.30875 0.005 0.015
0 0.47875 0.31125 0.005 0.015
0 0.5575 0.318125 0.00625 0.01875
0 0.5821875 0.324375 0.005625 0.01875
0 0.62375 0.33125 0.00625 0.02
0 0.6975 0.3325 0.0075 0.0225
0 0.7871875 0.333125 0.008125 0.02375
0 0.9909375 0.33125 0.009375 0.0275