1 0.1196875 0.6658333333333334 0.038125 0.06333333333333334
1 0.069375 0.6170833333333333 0.02875 0.049166666666666664
1 0.811875 0.5608333333333333 0.01375 0.021666666666666667
1 0.623125 0.5533333333333333 0.01125 0.02
1 0.454375 0.5475 0.01 0.018333333333333333
1 0.3221875 0.5425 0.010625 0.018333333333333333
1 0.885 0.56375 0.0125 0.0225
1 0.104375 0.5366666666666666 0.01 0.018333333333333333
1 0.2046875 0.5391666666666667 0.008125 0.016666666666666666
1 0.7315625 0.5575 0.011875 0.021666666666666667
1 0.956875 0.5641666666666667 0.0125 0.021666666666666667
0 0.9265625 0.7966666666666666 0.086875 0.11666666666666667
0 0.2890625 0.5445833333333333 0.011875 0.019166666666666665
0 0.6884375 0.675 0.041875 0.06333333333333334
0 0.6046875 0.55875 0.011875 0.0225
0 0.308125 0.5816666666666667 0.02375 0.03333333333333333
0 0.503125 0.61625 0.03 0.04583333333333333
0 0.13625 0.5570833333333334 0.0175 0.029166666666666667
0 0.4090625 0.5479166666666667 0.010625 0.0175
0 0.9184375 0.5820833333333333 0.016875 0.025833333333333333
0 0.1821875 0.5404166666666667 0.008125 0.015833333333333335
0 0.0578125 0.5416666666666666 0.011875 0.02
0 0.7425 0.56875 0.01125 0.020833333333333332