1 0.1574074074074074 0.68310546875 0.0625 0.091796875
1 0.019290123456790122 0.574462890625 0.035493827160493825 0.04052734375
1 0.11381172839506173 0.519775390625 0.010802469135802469 0.01708984375
1 0.16126543209876543 0.537841796875 0.019290123456790122 0.01611328125
1 0.3157793209876543 0.53955078125 0.015817901234567902 0.0244140625
1 0.3331404320987654 0.513671875 0.008101851851851851 0.0146484375
1 0.46334876543209874 0.501953125 0.006172839506172839 0.0107421875
1 0.48726851851851855 0.508056640625 0.006944444444444444 0.01318359375
1 0.5376157407407407 0.52734375 0.017361111111111112 0.0146484375
1 0.8832947530864198 0.585693359375 0.030478395061728395 0.04931640625
0 0.008487654320987654 0.540283203125 0.016975308641975308 0.02685546875
0 0.1537422839506173 0.5537109375 0.01890432098765432 0.02734375
0 0.2309027777777778 0.587158203125 0.03587962962962963 0.04638671875
0 0.2708333333333333 0.556884765625 0.02700617283950617 0.02197265625
0 0.2189429012345679 0.522216796875 0.011959876543209876 0.01708984375
0 0.3283179012345679 0.527587890625 0.012345679012345678 0.01904296875
0 0.44772376543209874 0.505859375 0.0073302469135802465 0.01171875
0 0.4826388888888889 0.515380859375 0.009259259259259259 0.01611328125
0 0.5401234567901234 0.51611328125 0.010030864197530864 0.0166015625
0 0.6342592592592593 0.543701171875 0.021604938271604937 0.02197265625