1 0.376929012345679 0.898681640625 0.10262345679012345 0.20166015625
1 0.09471450617283951 0.5087890625 0.015046296296296295 0.0224609375
1 0.1996527777777778 0.4833984375 0.008101851851851851 0.013671875
1 0.28973765432098764 0.491943359375 0.010030864197530864 0.01708984375
1 0.34162808641975306 0.5634765625 0.028935185185185185 0.0439453125
1 0.5135030864197531 0.516845703125 0.019290123456790122 0.02001953125
0 0.11805555555555555 0.64208984375 0.05478395061728395 0.0703125
0 0.22145061728395063 0.535400390625 0.024691358024691357 0.03271484375
0 0.20968364197530864 0.489501953125 0.009645061728395061 0.01611328125
0 0.35030864197530864 0.502685546875 0.012345679012345678 0.02197265625
0 0.4494598765432099 0.6142578125 0.05092592592592592 0.048828125
0 0.43113425925925924 0.50048828125 0.011959876543209876 0.021484375
0 0.7611882716049383 0.532958984375 0.02854938271604938 0.02587890625