1 0.208125 0.485 0.03625 0.0875
1 0.38625 0.405625 0.02125 0.05375
1 0.525 0.3675 0.015 0.0425
1 0.6071875 0.34375 0.011875 0.0325
1 0.6615625 0.328125 0.009375 0.02625
1 0.6734375 0.3175 0.008125 0.0225
1 0.6815625 0.320625 0.008125 0.02375
1 0.640625 0.315625 0.0075 0.02125
1 0.608125 0.31125 0.0075 0.0225
1 0.5365625 0.306875 0.006875 0.01875
1 0.485625 0.305625 0.0075 0.01875
1 0.418125 0.30625 0.00625 0.0175
1 0.35375 0.30375 0.0075 0.02
0 0.66125 0.305 0.00625 0.02
0 0.5178125 0.3 0.006875 0.0175
0 0.4265625 0.3 0.005625 0.0175
0 0.3434375 0.2975 0.005625 0.0175
0 0.8134375 0.51625 0.040625 0.11
0 0.73875 0.418125 0.02375 0.06375
0 0.753125 0.373125 0.01625 0.04875
0 0.835 0.35 0.01625 0.04
0 0.843125 0.324375 0.01 0.02875
0 0.8515625 0.3325 0.011875 0.0325
0 0.8021875 0.318125 0.009375 0.02625
0 0.730625 0.31125 0.00875 0.0225