1 0.6025 0.58875 0.01125 0.0225
1 0.6196875 0.5870833333333333 0.009375 0.0175
1 0.631875 0.5829166666666666 0.0075 0.015833333333333335
1 0.644375 0.57875 0.0075 0.015833333333333335
1 0.6496875 0.57625 0.006875 0.014166666666666666
0 0.020625 0.6420833333333333 0.0225 0.0375
0 0.2765625 0.6483333333333333 0.024375 0.043333333333333335
0 0.524375 0.6708333333333333 0.03125 0.055
0 0.828125 0.7404166666666666 0.06 0.08916666666666667
0 0.45 0.5729166666666666 0.00875 0.015833333333333335
0 0.464375 0.58375 0.01 0.0175
0 0.4909375 0.5870833333333333 0.009375 0.0175
0 0.516875 0.5833333333333334 0.00875 0.015
0 0.5375 0.5795833333333333 0.0075 0.014166666666666666
0 0.5546875 0.57625 0.006875 0.014166666666666666