1 0.0634375 0.755 0.095625 0.205
1 0.28125 0.49125 0.02875 0.0825
1 0.4678125 0.425 0.016875 0.05
1 0.6609375 0.39375 0.014375 0.0375
1 0.729375 0.383125 0.01 0.03125
1 0.7615625 0.3725 0.008125 0.0275
1 0.7446875 0.365 0.006875 0.0225
1 0.754375 0.350625 0.005 0.01875
1 0.734375 0.356875 0.00625 0.02125
1 0.796875 0.345 0.005 0.0175
1 0.885625 0.33375 0.005 0.0125
1 0.864375 0.3375 0.005 0.015
1 0.8525 0.3375 0.005 0.015
1 0.828125 0.34125 0.005 0.0175
0 0.7578125 0.50375 0.029375 0.08
0 0.733125 0.449375 0.0225 0.05875
0 0.8565625 0.42 0.018125 0.0475
0 0.915625 0.399375 0.015 0.03875
0 0.92625 0.39125 0.0125 0.0325
0 0.899375 0.37625 0.01125 0.0275
0 0.8540625 0.36875 0.009375 0.025
0 0.8434375 0.36125 0.006875 0.0225
0 0.839375 0.35625 0.00625 0.0225
0 0.8725 0.349375 0.0075 0.01625
0 0.8971875 0.345625 0.005625 0.01625
0 0.914375 0.341875 0.00625 0.01625
0 0.9259375 0.34125 0.004375 0.0125
0 0.9346875 0.338125 0.004375 0.01625
0 0.9390625 0.336875 0.004375 0.01375
0 0.945625 0.3375 0.00375 0.0125
0 0.95875 0.336875 0.005 0.01375
0 0.0065625 0.36375 0.013125 0.0375