1 0.08873456790123457 0.83875 0.13580246913580246 0.32083333333333336
1 0.7866512345679012 0.22458333333333333 0.024691358024691357 0.0525
1 0.5123456790123457 0.23541666666666666 0.019290123456790122 0.0475
1 0.3630401234567901 0.23208333333333334 0.016975308641975308 0.0425
1 0.22299382716049382 0.22458333333333333 0.016975308641975308 0.03916666666666667
0 0.06539351851851852 0.31958333333333333 0.03433641975308642 0.0775
0 0.3400848765432099 0.33125 0.03433641975308642 0.08416666666666667
0 0.3910108024691358 0.31083333333333335 0.03202160493827161 0.075
0 0.7957175925925926 0.3804166666666667 0.052083333333333336 0.1225
0 0.16087962962962962 0.29041666666666666 0.02854938271604938 0.06583333333333333
0 0.7966820987654321 0.32 0.038580246913580245 0.09333333333333334
0 0.009066358024691358 0.26666666666666666 0.018132716049382717 0.056666666666666664