1 0.07503858024691358 0.594482421875 0.03125 0.04150390625
1 0.12692901234567902 0.556884765625 0.016203703703703703 0.02490234375
1 0.15933641975308643 0.533203125 0.009259259259259259 0.0146484375
1 0.1545138888888889 0.527099609375 0.008101851851851851 0.01220703125
1 0.17631172839506173 0.521484375 0.006944444444444444 0.0107421875
1 0.21277006172839505 0.517333984375 0.005787037037037037 0.00927734375
1 0.22415123456790123 0.534423828125 0.010802469135802469 0.01611328125
1 0.28935185185185186 0.54052734375 0.012345679012345678 0.01953125
1 0.2804783950617284 0.5146484375 0.005401234567901234 0.0087890625
1 0.33468364197530864 0.511962890625 0.005015432098765432 0.00830078125
1 0.35088734567901236 0.525634765625 0.008101851851851851 0.01318359375
1 0.3757716049382716 0.511962890625 0.005401234567901234 0.00830078125
1 0.4066358024691358 0.5126953125 0.005401234567901234 0.0087890625
1 0.439429012345679 0.513427734375 0.006172839506172839 0.00927734375
1 0.5316358024691358 0.518798828125 0.007716049382716049 0.01318359375
1 0.5306712962962963 0.53271484375 0.011188271604938271 0.0185546875
1 0.5457175925925926 0.544189453125 0.016589506172839507 0.02392578125
1 0.6354166666666666 0.52197265625 0.010030864197530864 0.015625
1 0.9537037037037037 0.55615234375 0.023148148148148147 0.033203125
1 0.4064429012345679 0.576904296875 0.024305555555555556 0.03564453125
1 0.35378086419753085 0.54736328125 0.014660493827160493 0.0234375
1 0.21875 0.603515625 0.033179012345679014 0.044921875
0 0.10127314814814815 0.671142578125 0.055169753086419755 0.07666015625
0 0.08506944444444445 0.571044921875 0.02353395061728395 0.03076171875
0 0.07445987654320987 0.531982421875 0.010030864197530864 0.01416015625
0 0.22935956790123457 0.52294921875 0.008101851851851851 0.01171875
0 0.24691358024691357 0.53466796875 0.010802469135802469 0.017578125
0 0.3566743827160494 0.521728515625 0.008101851851851851 0.01220703125
0 0.4508101851851852 0.5205078125 0.008873456790123456 0.013671875
0 0.49382716049382713 0.522705078125 0.009259259259259259 0.01513671875
0 0.6429398148148148 0.56396484375 0.02199074074074074 0.03515625
0 0.7463348765432098 0.532958984375 0.01427469135802469 0.02294921875
0 0.9577546296296297 0.593994140625 0.03433641975308642 0.05126953125