1 0.8603125 0.368125 0.014375 0.04125
1 0.6828125 0.360625 0.015625 0.03625
1 0.204375 0.52 0.0425 0.105
1 0.5659375 0.35625 0.013125 0.035
1 0.478125 0.3525 0.01375 0.0325
1 0.1234375 0.46 0.031875 0.075
1 0.046875 0.72375 0.08625 0.2025
1 0.3996875 0.339375 0.009375 0.02625
1 0.4140625 0.346875 0.009375 0.02625
1 0.4140625 0.331875 0.006875 0.02125
0 0.5490625 0.409375 0.020625 0.05125
0 0.6175 0.393125 0.01875 0.05125
0 0.7984375 0.4 0.021875 0.055
0 0.7515625 0.444375 0.029375 0.07125
0 0.1434375 0.38125 0.015625 0.04
0 0.3225 0.371875 0.015 0.03875
0 0.2621875 0.389375 0.015625 0.04625
0 0.42625 0.3975 0.02125 0.0525
0 0.43625 0.378125 0.01375 0.03625
0 0.9878125 0.529375 0.023125 0.11625
0 0.2415625 0.359375 0.011875 0.03625
0 0.215 0.3475 0.01 0.03
0 0.09625 0.369375 0.01375 0.03875