1 0.07625 0.6025 0.01625 0.02666666666666667
1 0.1771875 0.5925 0.014375 0.021666666666666667
1 0.2109375 0.5879166666666666 0.010625 0.020833333333333332
1 0.2328125 0.5783333333333334 0.009375 0.016666666666666666
1 0.251875 0.5733333333333334 0.0075 0.015
1 0.2515625 0.5641666666666667 0.005625 0.011666666666666667
1 0.266875 0.5691666666666667 0.00625 0.013333333333333334
1 0.2734375 0.5654166666666667 0.005625 0.010833333333333334
1 0.2040625 0.5629166666666666 0.005625 0.009166666666666667
1 0.1409375 0.5641666666666667 0.005625 0.01
1 0.0675 0.5670833333333334 0.00625 0.0125
1 0.00875 0.5720833333333334 0.00625 0.010833333333333334
1 0.236875 0.5554166666666667 0.005 0.010833333333333334
1 0.2403125 0.555 0.004375 0.01
0 0.810625 0.8320833333333333 0.08 0.14083333333333334
0 0.5196875 0.7395833333333334 0.060625 0.09083333333333334
0 0.200625 0.66875 0.0375 0.05583333333333333
0 0.1353125 0.6166666666666667 0.021875 0.03333333333333333
0 0.036875 0.6366666666666667 0.0325 0.043333333333333335
0 0.0375 0.62875 0.02625 0.0375
0 0.2559375 0.5608333333333333 0.005625 0.01
0 0.2871875 0.5983333333333334 0.014375 0.02666666666666667
0 0.34875 0.5883333333333334 0.01375 0.023333333333333334
0 0.36875 0.5833333333333334 0.0125 0.02
0 0.3771875 0.5758333333333333 0.009375 0.016666666666666666
0 0.37125 0.5716666666666667 0.0075 0.015
0 0.3590625 0.5670833333333334 0.006875 0.0125
0 0.3609375 0.5645833333333333 0.006875 0.010833333333333334
0 0.3315625 0.5625 0.005625 0.01
0 0.303125 0.56125 0.005 0.010833333333333334
0 0.1921875 0.5620833333333334 0.005625 0.010833333333333334
0 0.1115625 0.56375 0.005625 0.010833333333333334
0 0.02 0.56875 0.00625 0.010833333333333334