1 0.2996875 0.54875 0.049375 0.1125
1 0.4896875 0.44625 0.029375 0.0675
1 0.6490625 0.379375 0.015625 0.04125
1 0.718125 0.351875 0.01125 0.03125
1 0.756875 0.335 0.00875 0.025
1 0.7728125 0.328125 0.008125 0.02375
1 0.785625 0.32375 0.0075 0.02
1 0.7975 0.318125 0.00625 0.01875
1 0.808125 0.31375 0.005 0.0175
1 0.85 0.3125 0.00625 0.0175
0 0.9609375 0.619375 0.076875 0.15125
0 0.820625 0.459375 0.03 0.07875
0 0.863125 0.384375 0.0175 0.04875
0 0.8796875 0.354375 0.013125 0.03375
0 0.989375 0.318125 0.00625 0.01875
0 0.950625 0.316875 0.0075 0.01875
0 0.9134375 0.316875 0.006875 0.01875
0 0.885625 0.33625 0.00875 0.03
0 0.8903125 0.32875 0.006875 0.0225
0 0.8946875 0.32375 0.005625 0.02