1 0.111875 0.34375 0.01 0.025
1 0.5715625 0.363125 0.011875 0.03375
1 0.718125 0.33625 0.01 0.0275
1 0.4671875 0.386875 0.015625 0.04375
1 0.216875 0.478125 0.03125 0.07625
1 0.65875 0.346875 0.01125 0.02875
1 0.371875 0.424375 0.02125 0.05375
1 0.6671875 0.3175 0.008125 0.02
1 0.740625 0.325 0.0075 0.025
1 0.2490625 0.339375 0.009375 0.02125
1 0.5909375 0.32 0.008125 0.0225
1 0.3796875 0.330625 0.008125 0.02375
1 0.48625 0.325625 0.0075 0.02125
1 0.9175 0.29375 0.00875 0.015
1 0.8121875 0.2975 0.008125 0.0125
1 0.690625 0.300625 0.0075 0.01375
1 0.475 0.300625 0.00625 0.01125
0 0.699375 0.49375 0.04 0.09
0 0.9271875 0.32875 0.011875 0.03
0 0.675 0.42625 0.0225 0.0575
0 0.8909375 0.34875 0.013125 0.0325
0 0.874375 0.32 0.01125 0.0275
0 0.80875 0.313125 0.00875 0.02125
0 0.8025 0.368125 0.01625 0.03875
0 0.4834375 0.315 0.008125 0.02
0 0.1703125 0.32875 0.009375 0.0225
0 0.6959375 0.391875 0.016875 0.04625
0 0.2775 0.325 0.0075 0.0225
0 0.7321875 0.3075 0.006875 0.0225
0 0.64125 0.3075 0.0075 0.0225
0 0.5571875 0.310625 0.008125 0.02125
0 0.3896875 0.319375 0.008125 0.02125
0 0.0603125 0.33125 0.008125 0.0225