1 0.7634375 0.4 0.015625 0.04
1 0.63125 0.39125 0.01375 0.0375
1 0.9059375 0.409375 0.016875 0.03875
1 0.2765625 0.54 0.043125 0.105
1 0.4059375 0.405625 0.016875 0.04625
1 0.0678125 0.7425 0.099375 0.21
1 0.5053125 0.391875 0.015625 0.04125
1 0.36625 0.446875 0.025 0.06125
0 0.88375 0.435 0.0225 0.0525
0 0.7634375 0.424375 0.019375 0.04875
0 0.76125 0.53625 0.03875 0.1125
0 0.9640625 0.77125 0.070625 0.22
0 0.676875 0.418125 0.02 0.05375
0 0.65375 0.45125 0.0225 0.065
0 0.6453125 0.429375 0.019375 0.05375