1 0.02375 0.4075 0.02375 0.0575
1 0.2959375 0.583125 0.060625 0.14125
1 0.4259375 0.410625 0.023125 0.05625
1 0.2309375 0.39375 0.021875 0.05
1 0.450625 0.47875 0.0375 0.09
1 0.0128125 0.34875 0.013125 0.0225
1 0.240625 0.346875 0.01125 0.02125
1 0.42875 0.34 0.0125 0.02
1 0.560625 0.333125 0.01 0.01875
1 0.699375 0.33 0.01125 0.0175
1 0.8003125 0.341875 0.014375 0.01875
1 0.888125 0.35 0.01625 0.0225
0 0.8103125 0.410625 0.024375 0.05625
0 0.15875 0.365 0.0175 0.0425
0 0.9659375 0.493125 0.043125 0.09625
0 0.6459375 0.385625 0.020625 0.04875
0 0.4971875 0.37125 0.016875 0.0425
0 0.3421875 0.360625 0.015625 0.03875