1 0.08834876543209877 0.641357421875 0.0470679012345679 0.06005859375
1 0.4664351851851852 0.595703125 0.023148148148148147 0.0400390625
1 0.361304012345679 0.56640625 0.015817901234567902 0.0263671875
1 0.27642746913580246 0.557861328125 0.01427469135802469 0.02099609375
1 0.28877314814814814 0.544677734375 0.010416666666666666 0.01611328125
1 0.326195987654321 0.53564453125 0.008873456790123456 0.0126953125
1 0.3742283950617284 0.531005859375 0.006944444444444444 0.01123046875
1 0.45717592592592593 0.5283203125 0.006944444444444444 0.0107421875
1 0.5243055555555556 0.527099609375 0.006944444444444444 0.01025390625
1 0.5771604938271605 0.528076171875 0.006944444444444444 0.01025390625
1 0.5628858024691358 0.55322265625 0.012345679012345678 0.0205078125
1 0.6199845679012346 0.5302734375 0.007716049382716049 0.01171875
1 0.6687885802469136 0.532470703125 0.008101851851851851 0.01220703125
1 0.8497299382716049 0.547607421875 0.015046296296296295 0.02099609375
1 0.6336805555555556 0.64599609375 0.04205246913580247 0.06640625
1 0.9658564814814815 0.590087890625 0.030478395061728395 0.04150390625
0 0.18171296296296297 0.549560546875 0.010802469135802469 0.01806640625
0 0.3950617283950617 0.56982421875 0.018518518518518517 0.0283203125
0 0.3873456790123457 0.541259765625 0.010030864197530864 0.01611328125
0 0.5638503086419753 0.544677734375 0.011959876543209876 0.01806640625
0 0.7177854938271605 0.548583984375 0.015046296296296295 0.02197265625
0 0.8063271604938271 0.555419921875 0.017746913580246913 0.02490234375