1 0.125 0.633056640625 0.0470679012345679 0.07373046875
1 0.09375 0.51904296875 0.014660493827160493 0.021484375
1 0.2488425925925926 0.5224609375 0.013117283950617283 0.0205078125
1 0.2660108024691358 0.511962890625 0.009645061728395061 0.01611328125
1 0.4261188271604938 0.505615234375 0.006558641975308642 0.01123046875
1 0.5005787037037037 0.510009765625 0.008101851851851851 0.01318359375
1 0.5877700617283951 0.529052734375 0.013503086419753086 0.02001953125
1 0.6099537037037037 0.515625 0.008487654320987654 0.0146484375
1 0.6400462962962963 0.525146484375 0.010802469135802469 0.01806640625
1 0.7214506172839507 0.526611328125 0.011574074074074073 0.01806640625
1 0.738233024691358 0.549560546875 0.018132716049382717 0.02783203125
1 0.9303626543209876 0.54833984375 0.017361111111111112 0.0244140625
1 0.9486882716049383 0.56982421875 0.02546296296296296 0.0341796875
1 0.5455246913580247 0.5849609375 0.03009259259259259 0.044921875
1 0.5081018518518519 0.54638671875 0.019290123456790122 0.0283203125
0 0.22337962962962962 0.54443359375 0.024691358024691357 0.0322265625
0 0.3433641975308642 0.50732421875 0.008487654320987654 0.0146484375
0 0.34664351851851855 0.50341796875 0.006558641975308642 0.0126953125
0 0.3638117283950617 0.515869140625 0.010802469135802469 0.01806640625
0 0.44849537037037035 0.525390625 0.01273148148148148 0.021484375
0 0.4870756172839506 0.504150390625 0.006558641975308642 0.01123046875
0 0.5590277777777778 0.50927734375 0.006944444444444444 0.0126953125
0 0.6043595679012346 0.517578125 0.008873456790123456 0.015625
0 0.6558641975308642 0.518798828125 0.009259259259259259 0.01611328125
0 0.8267746913580247 0.5361328125 0.012345679012345678 0.0224609375
0 0.9411651234567902 0.7744140625 0.10223765432098765 0.1357421875