1 0.0328125 0.78375 0.065625 0.1075
1 0.23625 0.6708333333333333 0.03375 0.055
1 0.3065625 0.6291666666666667 0.020625 0.03833333333333333
1 0.345625 0.6075 0.01625 0.028333333333333332
1 0.3296875 0.6016666666666667 0.014375 0.02666666666666667
1 0.2765625 0.60125 0.013125 0.025833333333333333
1 0.2140625 0.6029166666666667 0.013125 0.025833333333333333
1 0.014375 0.615 0.0175 0.03
0 0.3965625 0.59 0.011875 0.02
0 0.763125 0.7845833333333333 0.07625 0.11083333333333334
0 0.6346875 0.6683333333333333 0.034375 0.056666666666666664
0 0.585625 0.6266666666666667 0.02 0.03833333333333333
0 0.55875 0.60625 0.015 0.0275
0 0.5290625 0.5975 0.011875 0.023333333333333334
0 0.45625 0.5920833333333333 0.0125 0.0225
0 0.3071875 0.5908333333333333 0.011875 0.02
0 0.2225 0.5920833333333333 0.0125 0.020833333333333332
0 0.14375 0.5975 0.0125 0.023333333333333334