1 0.10050154320987655 0.621337890625 0.061342592592592594 0.08056640625
1 0.009645061728395061 0.567626953125 0.019290123456790122 0.04052734375
1 0.03915895061728395 0.473388671875 0.010416666666666666 0.01513671875
1 0.06905864197530864 0.490478515625 0.012345679012345678 0.02294921875
1 0.06809413580246913 0.46435546875 0.0073302469135802465 0.01171875
1 0.10551697530864197 0.44580078125 0.0073302469135802465 0.009765625
1 0.16049382716049382 0.47314453125 0.008487654320987654 0.013671875
1 0.16377314814814814 0.466796875 0.006558641975308642 0.0107421875
1 0.19598765432098766 0.532470703125 0.024691358024691357 0.03857421875
1 0.2179783950617284 0.49462890625 0.013117283950617283 0.0205078125
1 0.2191358024691358 0.48095703125 0.008487654320987654 0.013671875
1 0.25482253086419754 0.484619140625 0.009645061728395061 0.01611328125
1 0.29378858024691357 0.427490234375 0.008101851851851851 0.01513671875
0 0.006172839506172839 0.483642578125 0.012345679012345678 0.02099609375
0 0.06520061728395062 0.47705078125 0.009259259259259259 0.0166015625
0 0.09182098765432099 0.46875 0.007716049382716049 0.0126953125
0 0.1550925925925926 0.48583984375 0.013117283950617283 0.01953125
0 0.2025462962962963 0.46484375 0.006172839506172839 0.0107421875
0 0.21161265432098766 0.504150390625 0.015817901234567902 0.02587890625
0 0.2364969135802469 0.448486328125 0.006172839506172839 0.01123046875
0 0.2658179012345679 0.42919921875 0.006172839506172839 0.0126953125
0 0.25733024691358025 0.562255859375 0.03780864197530864 0.05224609375
0 0.29378858024691357 0.504150390625 0.013503086419753086 0.02392578125
0 0.3150077160493827 0.49609375 0.011959876543209876 0.021484375
0 0.33121141975308643 0.518798828125 0.017361111111111112 0.02978515625
0 0.4214891975308642 0.545166015625 0.027391975308641976 0.04052734375