1 0.2534375 0.523125 0.044375 0.10125
1 0.4371875 0.3725 0.013125 0.035
1 0.3878125 0.391875 0.014375 0.04375
1 0.326875 0.4325 0.025 0.065
1 0.96 0.345625 0.01 0.02625
1 0.98875 0.3525 0.0125 0.0275
1 0.495625 0.359375 0.01 0.03125
1 0.5428125 0.350625 0.008125 0.02625
1 0.5490625 0.34375 0.006875 0.025
1 0.906875 0.34 0.0075 0.0225
0 0.8365625 0.39 0.018125 0.0425
0 0.7878125 0.446875 0.026875 0.06625
0 0.9315625 0.41625 0.024375 0.0525
0 0.7971875 0.371875 0.011875 0.03125
0 0.71 0.395625 0.0175 0.04625
0 0.681875 0.371875 0.01375 0.03625
0 0.6478125 0.3375 0.008125 0.0225
0 0.7459375 0.34 0.010625 0.0275
0 0.816875 0.350625 0.0075 0.02625
0 0.8109375 0.345625 0.008125 0.02375
0 0.7946875 0.35875 0.009375 0.03
0 0.7334375 0.350625 0.009375 0.02625
0 0.7178125 0.356875 0.010625 0.03125
0 0.7053125 0.344375 0.009375 0.02375
0 0.6771875 0.3625 0.010625 0.03
0 0.6784375 0.33625 0.006875 0.02