1 0.435625 0.5983333333333334 0.01125 0.023333333333333334
1 0.238125 0.6904166666666667 0.04125 0.07083333333333333
1 0.088125 0.5891666666666666 0.01 0.021666666666666667
1 0.3396875 0.5929166666666666 0.010625 0.020833333333333332
1 0.5996875 0.6341666666666667 0.016875 0.03
1 0.49375 0.605 0.0125 0.021666666666666667
1 0.450625 0.65875 0.02625 0.0475
1 0.833125 0.5970833333333333 0.01 0.015833333333333335
1 0.21 0.59 0.01 0.02
1 0.5678125 0.6458333333333334 0.021875 0.03666666666666667
1 0.3 0.5779166666666666 0.00625 0.0125
1 0.5559375 0.6179166666666667 0.014375 0.025833333333333333
1 0.6065625 0.5866666666666667 0.005625 0.013333333333333334
1 0.70875 0.5916666666666667 0.0075 0.013333333333333334
1 0.5246875 0.585 0.006875 0.015
1 0.4003125 0.5804166666666667 0.006875 0.0125
1 0.203125 0.57625 0.00625 0.014166666666666666
0 0.9725 0.6708333333333333 0.03125 0.045
0 0.83625 0.6304166666666666 0.02 0.029166666666666667
0 0.6796875 0.5920833333333333 0.009375 0.0175
0 0.6978125 0.60875 0.011875 0.020833333333333332
0 0.2346875 0.5795833333333333 0.006875 0.014166666666666666
0 0.7853125 0.59625 0.009375 0.019166666666666665
0 0.5715625 0.5945833333333334 0.011875 0.020833333333333332
0 0.3534375 0.5829166666666666 0.009375 0.019166666666666665
0 0.9353125 0.6516666666666666 0.026875 0.035
0 0.465 0.58625 0.01 0.0175
0 0.1728125 0.5758333333333333 0.008125 0.015
0 0.2625 0.5779166666666666 0.005 0.009166666666666667
0 0.969375 0.6066666666666667 0.01375 0.021666666666666667
0 0.5921875 0.5895833333333333 0.005625 0.0175
0 0.4975 0.5854166666666667 0.00625 0.014166666666666666
0 0.3759375 0.58125 0.008125 0.015833333333333335
0 0.1046875 0.57625 0.009375 0.019166666666666665