1 0.255 0.5625 0.05125 0.1175
1 0.4696875 0.44625 0.021875 0.07
1 0.5059375 0.391875 0.015625 0.04625
1 0.515625 0.365 0.01125 0.0325
1 0.594375 0.34875 0.01 0.0275
1 0.71875 0.33625 0.00875 0.025
1 0.7721875 0.33125 0.008125 0.0225
1 0.825 0.315 0.005 0.015
1 0.9021875 0.306875 0.005625 0.01375
1 0.9446875 0.303125 0.004375 0.01375
1 0.8046875 0.32625 0.006875 0.02
1 0.7984375 0.32125 0.005625 0.0175
0 0.2953125 0.3275 0.008125 0.025
0 0.3034375 0.325625 0.006875 0.02125
0 0.7940625 0.448125 0.033125 0.07625
0 0.7353125 0.388125 0.016875 0.04375
0 0.7315625 0.369375 0.011875 0.03625
0 0.741875 0.355 0.01 0.0325
0 0.8334375 0.346875 0.010625 0.02875
0 0.894375 0.33875 0.00875 0.0275
0 0.9196875 0.335 0.008125 0.0225
0 0.916875 0.326875 0.005 0.02125
0 0.8909375 0.3225 0.006875 0.0225
0 0.8959375 0.316875 0.004375 0.01375
0 0.933125 0.311875 0.005 0.01625
0 0.963125 0.30875 0.005 0.015