1 0.5221875 0.66375 0.034375 0.059166666666666666
1 0.2175 0.7466666666666667 0.06625 0.09833333333333333
1 0.935625 0.6558333333333334 0.025 0.03833333333333333
1 0.7303125 0.6525 0.028125 0.045
1 0.5096875 0.58625 0.013125 0.024166666666666666
1 0.394375 0.5716666666666667 0.01125 0.021666666666666667
1 0.9428125 0.6245833333333334 0.015625 0.025833333333333333
1 0.8815625 0.5808333333333333 0.006875 0.011666666666666667
1 0.7403125 0.6141666666666666 0.015625 0.023333333333333334
1 0.345625 0.5633333333333334 0.01 0.021666666666666667
0 0.6809375 0.5920833333333333 0.011875 0.020833333333333332
0 0.6315625 0.5870833333333333 0.010625 0.020833333333333332
0 0.8509375 0.59625 0.010625 0.019166666666666665
0 0.5671875 0.5795833333333333 0.009375 0.0175
0 0.7425 0.5970833333333333 0.0125 0.0225
0 0.489375 0.5666666666666667 0.00625 0.013333333333333334
0 0.5278125 0.5741666666666667 0.011875 0.018333333333333333
0 0.95875 0.5970833333333333 0.01125 0.019166666666666665
0 0.9678125 0.5908333333333333 0.006875 0.013333333333333334
0 0.8615625 0.5804166666666667 0.006875 0.014166666666666666
0 0.478125 0.5641666666666667 0.0075 0.015
0 0.46625 0.56 0.0075 0.013333333333333334
0 0.4559375 0.5583333333333333 0.008125 0.015
0 0.4446875 0.55375 0.006875 0.014166666666666666