1 0.7546875 0.378125 0.016875 0.02125
1 0.8415625 0.385625 0.021875 0.02625
1 0.885625 0.339375 0.0075 0.02125
1 0.9871875 0.36 0.010625 0.03
1 0.969375 0.344375 0.01 0.02625
1 0.4515625 0.365625 0.009375 0.01375
1 0.9928125 0.349375 0.010625 0.02625
1 0.8046875 0.34 0.005625 0.0175
1 0.683125 0.37125 0.01375 0.0175
1 0.711875 0.34125 0.005 0.015
1 0.568125 0.365 0.0075 0.0175
1 0.6234375 0.340625 0.004375 0.01375
1 0.371875 0.365 0.0075 0.01
1 0.5653125 0.341875 0.004375 0.01375
1 0.3021875 0.365 0.005625 0.0125
0 0.14 0.515625 0.03375 0.08375
0 0.5253125 0.5525 0.050625 0.1125