1 0.0596875 0.31625 0.009375 0.025
1 0.6928125 0.39625 0.023125 0.065
1 0.43125 0.356875 0.015 0.03875
1 0.2546875 0.375625 0.016875 0.04875
1 0.0340625 0.38875 0.020625 0.0525
1 0.35375 0.3175 0.0075 0.025
1 0.4290625 0.324375 0.006875 0.02375
1 0.2525 0.315625 0.00625 0.02125
1 0.1509375 0.3125 0.009375 0.0225
1 0.8221875 0.3 0.010625 0.025
1 0.6078125 0.318125 0.006875 0.02125
1 0.7025 0.308125 0.0075 0.02125
1 0.9634375 0.295 0.008125 0.0225
1 0.4825 0.3425 0.00875 0.0325
0 0.04125 0.309375 0.00875 0.02625
0 0.8603125 0.30625 0.013125 0.0275
0 0.669375 0.35125 0.015 0.0425
0 0.76375 0.3125 0.01 0.0275
0 0.819375 0.368125 0.02 0.05125
0 0.3915625 0.39875 0.023125 0.0625
0 0.6884375 0.320625 0.010625 0.02875
0 0.4059375 0.311875 0.009375 0.02375
0 0.2828125 0.30625 0.006875 0.0225
0 0.158125 0.306875 0.00625 0.02125
0 0.9746875 0.3025 0.009375 0.025
0 0.4903125 0.31875 0.006875 0.0225
0 0.6203125 0.34125 0.010625 0.0325
0 0.635 0.33 0.00625 0.03