1 0.02 0.341875 0.00875 0.02375
1 0.0525 0.413125 0.01875 0.04625
1 0.12875 0.388125 0.0125 0.03625
1 0.135 0.334375 0.0075 0.02625
1 0.220625 0.361875 0.01 0.03125
1 0.236875 0.32625 0.0075 0.0225
1 0.295 0.346875 0.01 0.02625
1 0.3053125 0.3225 0.008125 0.0225
1 0.345625 0.336875 0.00875 0.02375
1 0.36625 0.326875 0.0075 0.02375
1 0.9546875 0.36125 0.020625 0.0225
1 0.836875 0.344375 0.01625 0.02125
1 0.7525 0.326875 0.0125 0.01625
1 0.701875 0.316875 0.01 0.01375
1 0.65625 0.30625 0.01 0.0125
1 0.633125 0.301875 0.00875 0.01125
0 0.5515625 0.566875 0.054375 0.12625
0 0.0275 0.33375 0.0075 0.0225
0 0.1290625 0.324375 0.008125 0.02125
0 0.2040625 0.319375 0.008125 0.02125
0 0.309375 0.426875 0.02125 0.05625
0 0.3009375 0.3975 0.015625 0.0425
0 0.320625 0.3775 0.0125 0.035
0 0.283125 0.315 0.0075 0.02
0 0.36125 0.313125 0.0075 0.02125
0 0.40375 0.355625 0.01125 0.03125
0 0.421875 0.316875 0.0075 0.02125
0 0.468125 0.320625 0.0075 0.02125
0 0.4715625 0.340625 0.009375 0.02625
0 0.501875 0.3275 0.00875 0.025