1 0.26 0.65125 0.05875 0.1675
1 0.6690625 0.51875 0.041875 0.1025
1 0.8778125 0.45875 0.033125 0.075
1 0.0078125 0.3075 0.005625 0.0225
1 0.0896875 0.308125 0.005625 0.02125
1 0.1378125 0.314375 0.005625 0.01625
1 0.14875 0.32125 0.005 0.02
1 0.17875 0.328125 0.00625 0.02125
1 0.2428125 0.3375 0.006875 0.02
1 0.345 0.339375 0.0075 0.02375
1 0.4340625 0.3425 0.008125 0.025
1 0.674375 0.338125 0.0075 0.02375
1 0.7384375 0.33875 0.008125 0.025
1 0.83125 0.339375 0.0075 0.02375
1 0.884375 0.3425 0.00875 0.025
1 0.933125 0.345 0.01 0.0275
1 0.996875 0.356875 0.005 0.03375
0 0.0653125 0.30375 0.006875 0.0225
0 0.1303125 0.305625 0.006875 0.02125
0 0.18625 0.30875 0.00625 0.02
0 0.2259375 0.31625 0.006875 0.02
0 0.2546875 0.323125 0.006875 0.02375
0 0.301875 0.33125 0.00625 0.0225
0 0.3834375 0.33375 0.006875 0.0225
0 0.475625 0.3325 0.0075 0.0225
0 0.66125 0.331875 0.0075 0.02375
0 0.8003125 0.331875 0.008125 0.02375
0 0.9240625 0.33375 0.009375 0.025