1 0.33834876543209874 0.750244140625 0.07175925925925926 0.09521484375
1 0.5219907407407407 0.56201171875 0.029320987654320986 0.0478515625
1 0.7110339506172839 0.51123046875 0.016975308641975308 0.02734375
1 0.7092978395061729 0.484375 0.010416666666666666 0.0166015625
1 0.7484567901234568 0.4716796875 0.005401234567901234 0.01171875
1 0.8298611111111112 0.652099609375 0.06095679012345679 0.09521484375
1 0.841820987654321 0.48046875 0.010030864197530864 0.0166015625
1 0.8508873456790124 0.47021484375 0.008101851851851851 0.0126953125
1 0.9099151234567902 0.51953125 0.024305555555555556 0.03515625
1 0.9174382716049383 0.493408203125 0.016203703703703703 0.02294921875
1 0.9735725308641975 0.4970703125 0.018132716049382717 0.0263671875
1 0.7887731481481481 0.44873046875 0.005787037037037037 0.0107421875
0 0.17978395061728394 0.53662109375 0.05246913580246913 0.0693359375
0 0.6566358024691358 0.50048828125 0.015432098765432098 0.0234375
0 0.7299382716049383 0.488037109375 0.010802469135802469 0.01904296875
0 0.7679398148148148 0.4755859375 0.008101851851851851 0.0146484375
0 0.8234953703703703 0.501708984375 0.01890432098765432 0.02587890625
0 0.8946759259259259 0.54248046875 0.029320987654320986 0.0439453125
0 0.9897762345679012 0.41455078125 0.013503086419753086 0.0185546875
0 0.9450231481481481 0.44384765625 0.008873456790123456 0.013671875
0 0.8985339506172839 0.465576171875 0.007716049382716049 0.01318359375