1 0.060625 0.3175 0.00875 0.0275
1 0.735 0.41125 0.025 0.0675
1 0.8525 0.3025 0.01125 0.025
1 0.2509375 0.383125 0.021875 0.05125
1 0.4425 0.36375 0.01625 0.045
1 0.6284375 0.32 0.009375 0.0225
1 0.01 0.398125 0.02 0.06125
1 0.3646875 0.320625 0.010625 0.02875
1 0.44125 0.32625 0.01 0.0275
1 0.26 0.315 0.00875 0.0275
1 0.7265625 0.314375 0.009375 0.02625
1 0.4975 0.345625 0.015 0.03875
0 0.8709375 0.376875 0.021875 0.05375
0 0.8946875 0.309375 0.013125 0.02875
0 0.3971875 0.411875 0.023125 0.06625
0 0.700625 0.36 0.0175 0.0425
0 0.043125 0.3075 0.01 0.0275
0 0.715 0.324375 0.00875 0.02625
0 0.7921875 0.31625 0.010625 0.03
0 0.4178125 0.313125 0.011875 0.02375
0 0.29125 0.30875 0.00875 0.025
0 0.163125 0.308125 0.00875 0.02375
0 0.645 0.34375 0.0125 0.0375
0 0.6590625 0.335 0.010625 0.03
0 0.505 0.320625 0.00875 0.02375