1 0.3640625 0.6641666666666667 0.023125 0.041666666666666664
1 0.0446875 0.6070833333333333 0.013125 0.024166666666666666
1 0.2378125 0.6220833333333333 0.015625 0.029166666666666667
1 0.1671875 0.61375 0.015625 0.0275
1 0.091875 0.76875 0.06125 0.09083333333333334
1 0.31125 0.6379166666666667 0.01875 0.034166666666666665
1 0.3165625 0.6991666666666667 0.038125 0.055
1 0.3728125 0.5870833333333333 0.008125 0.015833333333333335
1 0.2871875 0.58625 0.009375 0.014166666666666666
1 0.756875 0.6 0.01 0.018333333333333333
1 0.5975 0.595 0.01 0.018333333333333333
1 0.94 0.60625 0.0125 0.020833333333333332
1 0.4765625 0.59125 0.008125 0.014166666666666666
1 0.1475 0.5854166666666667 0.0075 0.015833333333333335
1 0.025625 0.5829166666666666 0.00875 0.0175
0 0.85125 0.7170833333333333 0.04125 0.060833333333333336
0 0.7578125 0.67375 0.028125 0.04083333333333333
0 0.6303125 0.6433333333333333 0.021875 0.03333333333333333
0 0.733125 0.60375 0.01125 0.019166666666666665
0 0.4496875 0.59125 0.008125 0.0175
0 0.2553125 0.5883333333333334 0.009375 0.015
0 0.8615625 0.6083333333333333 0.014375 0.02666666666666667
0 0.21125 0.5933333333333334 0.0125 0.018333333333333333
0 0.1125 0.5883333333333334 0.00875 0.016666666666666666
0 0.474375 0.6158333333333333 0.0125 0.02666666666666667
0 0.0759375 0.59125 0.011875 0.020833333333333332
0 0.33375 0.6004166666666667 0.01625 0.025833333333333333
0 0.3578125 0.5908333333333333 0.008125 0.016666666666666666
0 0.55625 0.5954166666666667 0.01 0.019166666666666665