1 0.89 0.6633333333333333 0.025 0.043333333333333335
1 0.68 0.66625 0.02875 0.0525
1 0.4521875 0.6904166666666667 0.041875 0.07083333333333333
1 0.0334375 0.8479166666666667 0.066875 0.15083333333333335
1 0.438125 0.5904166666666667 0.01375 0.024166666666666666
1 0.3175 0.57375 0.0125 0.020833333333333332
1 0.6775 0.61625 0.015 0.0275
1 0.8784375 0.6245833333333334 0.015625 0.0275
1 0.995 0.6225 0.00875 0.025
1 0.8003125 0.5783333333333334 0.005625 0.01
1 0.2675 0.5654166666666667 0.01 0.019166666666666665
0 0.779375 0.5954166666666667 0.0125 0.019166666666666665
0 0.563125 0.5879166666666666 0.01125 0.020833333333333332
0 0.6125 0.5933333333333334 0.0125 0.021666666666666667
0 0.4965625 0.5808333333333333 0.011875 0.02
0 0.418125 0.56625 0.00625 0.0125
0 0.92625 0.5916666666666667 0.00875 0.018333333333333333
0 0.4575 0.575 0.01 0.016666666666666666
0 0.9671875 0.5991666666666666 0.010625 0.018333333333333333
0 0.95 0.59125 0.00875 0.0125
0 0.8825 0.5958333333333333 0.0125 0.018333333333333333
0 0.7825 0.5779166666666666 0.00625 0.010833333333333334
0 0.67375 0.5975 0.01 0.021666666666666667
0 0.4071875 0.5641666666666667 0.006875 0.015
0 0.3946875 0.5608333333333333 0.006875 0.013333333333333334
0 0.385 0.5575 0.0075 0.013333333333333334