1 0.0678125 0.33625 0.010625 0.0275
1 0.1071875 0.61125 0.061875 0.15
1 0.1775 0.34 0.01 0.0275
1 0.2546875 0.34125 0.010625 0.03
1 0.3625 0.351875 0.01 0.03125
1 0.3728125 0.445 0.025625 0.07
1 0.4115625 0.36125 0.013125 0.0325
1 0.465 0.3925 0.0175 0.045
1 0.4653125 0.36625 0.013125 0.035
1 0.486875 0.375625 0.0175 0.04375
0 0.091875 0.3275 0.01 0.025
0 0.231875 0.32875 0.00875 0.025
0 0.329375 0.33375 0.00875 0.0225
0 0.43375 0.3425 0.01 0.0275
0 0.5340625 0.353125 0.011875 0.03125
0 0.6425 0.3675 0.01375 0.035
0 0.7278125 0.3825 0.015625 0.04
0 0.7803125 0.405625 0.020625 0.05375
0 0.848125 0.46625 0.03375 0.0775
0 0.8715625 0.62875 0.069375 0.1575