1 0.1334375 0.6675 0.055625 0.14
1 0.263125 0.55 0.03375 0.085
1 0.3246875 0.484375 0.023125 0.05875
1 0.356875 0.450625 0.01625 0.04375
1 0.378125 0.433125 0.0125 0.03625
1 0.3928125 0.420625 0.010625 0.03125
1 0.4021875 0.411875 0.008125 0.02625
1 0.4090625 0.4025 0.006875 0.0225
1 0.413125 0.39625 0.005 0.02
1 0.4178125 0.39125 0.004375 0.0175
0 0.8078125 0.64875 0.056875 0.14
0 0.685625 0.538125 0.035 0.08875
0 0.6171875 0.476875 0.023125 0.06125
0 0.5784375 0.44375 0.016875 0.045
0 0.55875 0.425625 0.01375 0.03875
0 0.544375 0.415625 0.01125 0.03375
0 0.5325 0.408125 0.00875 0.02875
0 0.52375 0.40125 0.00625 0.025
0 0.5165625 0.39625 0.006875 0.025
0 0.5096875 0.39125 0.005625 0.02
0 0.5065625 0.388125 0.004375 0.01875