1 0.5909375 0.3475 0.009375 0.025
1 0.4540625 0.41875 0.018125 0.055
1 0.5071875 0.33625 0.008125 0.0225
1 0.0328125 0.3325 0.009375 0.025
1 0.6221875 0.38125 0.013125 0.04
1 0.6384375 0.361875 0.009375 0.03125
1 0.4053125 0.33125 0.009375 0.02
1 0.2934375 0.3275 0.008125 0.0225
0 0.09125 0.418125 0.01875 0.05375
0 0.4928125 0.359375 0.010625 0.03125
0 0.31375 0.395 0.0175 0.045
0 0.8809375 0.736875 0.091875 0.20625
0 0.05625 0.338125 0.01 0.02625
0 0.1675 0.33375 0.00875 0.025
0 0.2675 0.334375 0.00875 0.02375
0 0.349375 0.33625 0.01 0.025
0 0.4259375 0.341875 0.009375 0.02375
0 0.4771875 0.349375 0.010625 0.02875
0 0.405 0.4825 0.025 0.085
0 0.4559375 0.37375 0.014375 0.0375