1 0.09799382716049383 0.90283203125 0.1412037037037037 0.193359375
1 0.23013117283950618 0.58203125 0.03202160493827161 0.048828125
1 0.29012345679012347 0.511474609375 0.010802469135802469 0.01708984375
1 0.41261574074074076 0.5166015625 0.011188271604938271 0.017578125
1 0.4398148148148148 0.508056640625 0.008487654320987654 0.01416015625
1 0.597608024691358 0.5048828125 0.006944444444444444 0.01171875
1 0.6645447530864198 0.509765625 0.0073302469135802465 0.0126953125
1 0.7210648148148148 0.528564453125 0.012345679012345678 0.02001953125
1 0.7683256172839507 0.5166015625 0.008873456790123456 0.0146484375
1 0.785108024691358 0.52587890625 0.011574074074074073 0.0185546875
1 0.8410493827160493 0.55078125 0.017746913580246913 0.0283203125
1 0.8721064814814815 0.529541015625 0.011959876543209876 0.01904296875
1 0.5910493827160493 0.570556640625 0.027777777777777776 0.03857421875
1 0.6124614197530864 0.540771484375 0.018132716049382717 0.02587890625
0 0.36593364197530864 0.5322265625 0.017361111111111112 0.0263671875
0 0.5138888888888888 0.50537109375 0.008487654320987654 0.013671875
0 0.5212191358024691 0.512451171875 0.010030864197530864 0.01611328125
0 0.5231481481481481 0.502197265625 0.006172839506172839 0.01220703125
0 0.5850694444444444 0.5224609375 0.011959876543209876 0.0205078125
0 0.6604938271604939 0.5048828125 0.006172839506172839 0.009765625
0 0.7268518518518519 0.51025390625 0.008487654320987654 0.0126953125
0 0.7588734567901234 0.518798828125 0.009259259259259259 0.01611328125
0 0.8132716049382716 0.5205078125 0.009259259259259259 0.0166015625
0 0.9837962962962963 0.541748046875 0.017746913580246913 0.02392578125
0 0.658179012345679 0.7041015625 0.06404320987654322 0.0986328125