1 0.7525 0.41625 0.02375 0.0575
1 0.57875 0.4475 0.03 0.0725
1 0.9753125 0.351875 0.013125 0.03375
1 0.3815625 0.48625 0.030625 0.08
1 0.87875 0.34 0.01 0.0275
1 0.948125 0.398125 0.02125 0.05375
1 0.8196875 0.33375 0.009375 0.0225
1 0.9396875 0.31375 0.005625 0.015
1 0.863125 0.31625 0.00625 0.015
1 0.7959375 0.328125 0.006875 0.01625
1 0.800625 0.323125 0.00625 0.01875
1 0.8175 0.319375 0.00625 0.01625
0 0.9346875 0.325 0.006875 0.0225
0 0.9834375 0.3325 0.009375 0.025
0 0.9503125 0.321875 0.008125 0.02125