1 0.4375 0.55125 0.0425 0.115
1 0.98625 0.43375 0.0225 0.0525
1 0.9375 0.3575 0.01 0.0275
1 0.8303125 0.345 0.008125 0.025
1 0.7478125 0.430625 0.021875 0.05625
1 0.4734375 0.405 0.016875 0.0475
1 0.34375 0.383125 0.015 0.04125
1 0.295625 0.36375 0.0125 0.035
1 0.3165625 0.34875 0.009375 0.03
1 0.3803125 0.339375 0.008125 0.02375
1 0.4534375 0.335 0.008125 0.0225
1 0.5346875 0.333125 0.006875 0.02125
1 0.6346875 0.334375 0.006875 0.02125
1 0.7425 0.33875 0.0075 0.0225
0 0.3496875 0.4425 0.026875 0.0675
0 0.8775 0.339375 0.00875 0.02375
0 0.1359375 0.393125 0.021875 0.05125
0 0.11625 0.365 0.015 0.0375
0 0.18875 0.34375 0.01125 0.03
0 0.2865625 0.333125 0.009375 0.02625
0 0.3853125 0.329375 0.005625 0.02375
0 0.50125 0.325625 0.0075 0.02125
0 0.6290625 0.325625 0.006875 0.02125
0 0.7628125 0.33125 0.008125 0.0225