1 0.2330246913580247 0.574462890625 0.02700617283950617 0.04345703125
1 0.18344907407407407 0.53662109375 0.015817901234567902 0.02734375
1 0.3663194444444444 0.513916015625 0.009645061728395061 0.01611328125
1 0.49112654320987653 0.519775390625 0.010030864197530864 0.01708984375
1 0.658179012345679 0.526123046875 0.011574074074074073 0.01904296875
1 0.7665895061728395 0.54248046875 0.014660493827160493 0.0244140625
1 0.7704475308641975 0.55615234375 0.017746913580246913 0.029296875
1 0.8614969135802469 0.541748046875 0.013888888888888888 0.02294921875
1 0.9407793209876543 0.620361328125 0.03742283950617284 0.05712890625
0 0.5063657407407407 0.728759765625 0.0628858024691358 0.11572265625
0 0.2525077160493827 0.512939453125 0.010416666666666666 0.01806640625
0 0.2806712962962963 0.5224609375 0.01273148148148148 0.021484375
0 0.3767361111111111 0.541748046875 0.016589506172839507 0.02880859375
0 0.42901234567901236 0.509033203125 0.007716049382716049 0.01416015625
0 0.5474537037037037 0.51611328125 0.008487654320987654 0.0166015625
0 0.6028163580246914 0.562744140625 0.02044753086419753 0.03662109375
0 0.6693672839506173 0.530029296875 0.011574074074074073 0.02001953125
0 0.730516975308642 0.529541015625 0.010416666666666666 0.02001953125