1 0.2771875 0.6070833333333333 0.014375 0.024166666666666666
1 0.0128125 0.6004166666666667 0.011875 0.0225
1 0.16875 0.6016666666666667 0.0125 0.021666666666666667
1 0.410625 0.63 0.01625 0.028333333333333332
1 0.3425 0.6154166666666666 0.0125 0.025833333333333333
1 0.26625 0.7095833333333333 0.0425 0.0675
1 0.8446875 0.60125 0.009375 0.019166666666666665
1 0.4240625 0.6720833333333334 0.028125 0.0475
1 0.1371875 0.5841666666666666 0.008125 0.013333333333333334
1 0.46 0.6504166666666666 0.01875 0.034166666666666665
1 0.6834375 0.5958333333333333 0.009375 0.016666666666666666
1 0.0265625 0.5829166666666666 0.005625 0.0125
1 0.3790625 0.5875 0.006875 0.013333333333333334
1 0.4615625 0.5891666666666666 0.005625 0.013333333333333334
1 0.2475 0.5841666666666666 0.0075 0.016666666666666666
1 0.9528125 0.605 0.010625 0.02
1 0.5625 0.59125 0.01 0.0175
0 0.56 0.6133333333333333 0.015 0.025
0 0.8225 0.665 0.025 0.04
0 0.8915625 0.6945833333333333 0.036875 0.0575
0 0.189375 0.5883333333333334 0.01 0.018333333333333333
0 0.0528125 0.5858333333333333 0.010625 0.018333333333333333
0 0.8184375 0.6041666666666666 0.009375 0.02
0 0.311875 0.59125 0.01125 0.019166666666666665
0 0.706875 0.6375 0.0225 0.035
0 0.5365625 0.59125 0.008125 0.015833333333333335
0 0.4265625 0.6 0.011875 0.018333333333333333
0 0.090625 0.5845833333333333 0.0075 0.014166666666666666
0 0.9475 0.6133333333333333 0.0125 0.021666666666666667
0 0.640625 0.5970833333333333 0.01125 0.020833333333333332
0 0.4478125 0.59125 0.008125 0.0175
0 0.35 0.5891666666666666 0.00875 0.016666666666666666
0 0.2184375 0.58625 0.008125 0.015833333333333335