1 0.2540625 0.4525 0.025625 0.07
1 0.3975 0.389375 0.0175 0.04875
1 0.5228125 0.359375 0.014375 0.03625
1 0.6 0.3375 0.01125 0.03
1 0.5359375 0.30375 0.005625 0.0175
1 0.6346875 0.311875 0.006875 0.02125
1 0.0171875 0.614375 0.034375 0.13875
1 0.058125 0.30375 0.0075 0.02
1 0.8728125 0.295 0.006875 0.0125
1 0.9725 0.298125 0.0075 0.01375
1 0.7609375 0.29375 0.005625 0.0125
1 0.6721875 0.31625 0.008125 0.0225
1 0.6653125 0.313125 0.006875 0.02125
1 0.6528125 0.3225 0.010625 0.025
1 0.6040625 0.3075 0.008125 0.02
1 0.4865625 0.3025 0.005625 0.015
1 0.420625 0.3025 0.005 0.015
1 0.35875 0.30125 0.005 0.0175
0 0.944375 0.693125 0.08875 0.18375
0 0.8109375 0.3425 0.013125 0.035
0 0.7534375 0.4725 0.031875 0.085
0 0.7296875 0.363125 0.015625 0.04375
0 0.7096875 0.401875 0.020625 0.05625
0 0.829375 0.326875 0.01125 0.02875
0 0.78875 0.31375 0.0075 0.0225
0 0.583125 0.296875 0.00625 0.01875
0 0.7215625 0.3075 0.006875 0.02
0 0.8259375 0.319375 0.009375 0.02625
0 0.655 0.301875 0.00625 0.01875
0 0.5178125 0.296875 0.005625 0.01625
0 0.429375 0.29625 0.005 0.015