1 0.021604938271604937 0.50830078125 0.012345679012345678 0.0166015625
1 0.1413966049382716 0.509033203125 0.010416666666666666 0.01611328125
1 0.1886574074074074 0.5009765625 0.007716049382716049 0.013671875
1 0.1888503086419753 0.541015625 0.019675925925925927 0.0302734375
1 0.2716049382716049 0.521240234375 0.014660493827160493 0.02197265625
1 0.3568672839506173 0.49365234375 0.006944444444444444 0.0107421875
1 0.4074074074074074 0.49609375 0.006172839506172839 0.01171875
1 0.40625 0.509765625 0.009259259259259259 0.0166015625
1 0.4494598765432099 0.5224609375 0.013888888888888888 0.0234375
1 0.47685185185185186 0.506103515625 0.009259259259259259 0.01611328125
1 0.4859182098765432 0.4990234375 0.0073302469135802465 0.0126953125
1 0.5451388888888888 0.506103515625 0.009259259259259259 0.01611328125
1 0.558641975308642 0.53515625 0.018518518518518517 0.0283203125
1 0.6564429012345679 0.520751953125 0.01427469135802469 0.02197265625
1 0.8194444444444444 0.561767578125 0.02854938271604938 0.03955078125
1 0.9675925925925926 0.52734375 0.016975308641975308 0.0244140625
1 0.6157407407407407 0.651611328125 0.05246913580246913 0.07958984375
0 0.017746913580246913 0.6005859375 0.035493827160493825 0.0576171875
0 0.05806327160493827 0.52197265625 0.016589506172839507 0.0224609375
0 0.25559413580246915 0.502197265625 0.009645061728395061 0.01513671875
0 0.26774691358024694 0.496826171875 0.008487654320987654 0.01220703125
0 0.28896604938271603 0.49365234375 0.006944444444444444 0.01171875
0 0.29031635802469136 0.50830078125 0.011188271604938271 0.017578125
0 0.4203317901234568 0.49169921875 0.005787037037037037 0.009765625
0 0.47260802469135804 0.500732421875 0.008487654320987654 0.01416015625
0 0.4679783950617284 0.49462890625 0.006944444444444444 0.01171875
0 0.5167824074074074 0.500732421875 0.008101851851851851 0.01513671875
0 0.6084104938271605 0.51220703125 0.011574074074074073 0.01953125
0 0.7359182098765432 0.556640625 0.025848765432098766 0.0380859375