1 0.551875 0.514375 0.04125 0.09625
1 0.771875 0.45125 0.02875 0.0675
1 0.82875 0.421875 0.02125 0.05375
1 0.8371875 0.4025 0.013125 0.045
1 0.8003125 0.38625 0.014375 0.0375
1 0.515 0.339375 0.00625 0.02375
1 0.5296875 0.330625 0.005625 0.01875
1 0.5425 0.348125 0.0075 0.02125
1 0.5709375 0.3275 0.004375 0.015
1 0.610625 0.358125 0.01 0.02875
1 0.6359375 0.325 0.003125 0.0125
1 0.715625 0.37125 0.0125 0.0325
1 0.7115625 0.325 0.004375 0.0125
1 0.7915625 0.324375 0.005625 0.01375
1 0.246875 0.675 0.0825 0.1725
1 0.900625 0.328125 0.00625 0.01875
1 0.9871875 0.330625 0.004375 0.01375
0 0.6440625 0.338125 0.006875 0.02125
0 0.653125 0.333125 0.00625 0.01875
0 0.694375 0.345 0.00875 0.025
0 0.725625 0.330625 0.00625 0.01875
0 0.766875 0.353125 0.01125 0.02625
0 0.7984375 0.330625 0.006875 0.01875
0 0.8759375 0.36375 0.014375 0.0325
0 0.9175 0.335 0.00875 0.0225
0 0.97 0.33875 0.00875 0.0225