1 0.6325 0.36625 0.015 0.0375
1 0.7721875 0.35625 0.013125 0.035
1 0.224375 0.429375 0.0225 0.05625
1 0.5159375 0.38125 0.015625 0.04
1 0.403125 0.398125 0.015 0.04375
1 0.1384375 0.5025 0.033125 0.0875
1 0.8409375 0.35 0.011875 0.03
1 0.8409375 0.33 0.009375 0.025
1 0.8759375 0.3425 0.009375 0.0275
1 0.88 0.33625 0.00875 0.025
1 0.7290625 0.3175 0.005625 0.0175
1 0.743125 0.320625 0.005 0.01875
1 0.7371875 0.31375 0.004375 0.015
1 0.7803125 0.325 0.008125 0.0225
1 0.755625 0.31 0.005 0.0175
1 0.7965625 0.308125 0.005625 0.01625
0 0.93 0.57375 0.06375 0.135
0 0.6834375 0.480625 0.036875 0.08875
0 0.80125 0.401875 0.02125 0.05375
0 0.923125 0.32 0.01 0.0225
0 0.9903125 0.383125 0.018125 0.04875
0 0.675 0.4225 0.0225 0.0625
0 0.993125 0.4575 0.0125 0.08
0 0.99 0.324375 0.01 0.02625
0 0.875 0.316875 0.0075 0.01875
0 0.8440625 0.31375 0.006875 0.02
0 0.94125 0.306875 0.00625 0.01625