1 0.2336033950617284 0.51025390625 0.010416666666666666 0.0166015625
1 0.13503086419753085 0.52099609375 0.013888888888888888 0.021484375
1 0.2162422839506173 0.56103515625 0.02353395061728395 0.0380859375
1 0.46064814814814814 0.50732421875 0.006172839506172839 0.013671875
1 0.5196759259259259 0.51318359375 0.008487654320987654 0.0146484375
1 0.6226851851851852 0.52294921875 0.011574074074074073 0.0185546875
1 0.6016589506172839 0.537109375 0.01427469135802469 0.0244140625
1 0.7108410493827161 0.542724609375 0.015046296296296295 0.02587890625
1 0.7609953703703703 0.677734375 0.060570987654320986 0.087890625
1 0.9560185185185185 0.60107421875 0.038580246913580245 0.0498046875
1 0.5152391975308642 0.587646484375 0.03356481481481482 0.04931640625
0 0.3809799382716049 0.50390625 0.0073302469135802465 0.0126953125
0 0.3414351851851852 0.5078125 0.009259259259259259 0.015625
0 0.30150462962962965 0.516845703125 0.011959876543209876 0.01904296875
0 0.31462191358024694 0.530517578125 0.016589506172839507 0.02685546875
0 0.5453317901234568 0.506591796875 0.0073302469135802465 0.01318359375
0 0.6010802469135802 0.525634765625 0.011574074074074073 0.01904296875
0 0.6024305555555556 0.513916015625 0.008873456790123456 0.01513671875
0 0.6664737654320988 0.528564453125 0.01273148148148148 0.02099609375
0 0.8271604938271605 0.566162109375 0.024691358024691357 0.03564453125