1 0.3454861111111111 0.6650390625 0.057484567901234566 0.0859375
1 0.2654320987654321 0.554931640625 0.02546296296296296 0.03564453125
1 0.35397376543209874 0.50732421875 0.008873456790123456 0.015625
1 0.3912037037037037 0.52490234375 0.016203703703703703 0.0146484375
1 0.5324074074074074 0.530517578125 0.013888888888888888 0.02392578125
1 0.5547839506172839 0.505126953125 0.008487654320987654 0.01416015625
1 0.7619598765432098 0.5234375 0.019290123456790122 0.015625
1 0.7121913580246914 0.501953125 0.007716049382716049 0.013671875
1 0.6886574074074074 0.4951171875 0.006172839506172839 0.0107421875
0 0.265625 0.524169921875 0.013503086419753086 0.02294921875
0 0.3809799382716049 0.53955078125 0.015817901234567902 0.025390625
0 0.4373070987654321 0.574951171875 0.03356481481481482 0.04443359375
0 0.4849537037037037 0.546630859375 0.02546296296296296 0.02197265625
0 0.44598765432098764 0.511474609375 0.009259259259259259 0.01611328125
0 0.546875 0.5185546875 0.011188271604938271 0.01953125
0 0.8682484567901234 0.544921875 0.025848765432098766 0.0244140625
0 0.7663966049382716 0.510986328125 0.010416666666666666 0.01708984375
0 0.7056327160493827 0.50927734375 0.010802469135802469 0.017578125
0 0.6714891975308642 0.498779296875 0.006558641975308642 0.01318359375