1 0.25405092592592593 0.51025390625 0.011188271604938271 0.017578125
1 0.3605324074074074 0.518798828125 0.011188271604938271 0.01904296875
1 0.44733796296296297 0.51123046875 0.008873456790123456 0.015625
1 0.42496141975308643 0.5546875 0.021219135802469136 0.0341796875
1 0.6666666666666666 0.511474609375 0.007716049382716049 0.01318359375
1 0.7239583333333334 0.518798828125 0.009645061728395061 0.01611328125
1 0.8030478395061729 0.544921875 0.015817901234567902 0.025390625
1 0.8314043209876543 0.530517578125 0.012345679012345678 0.02001953125
1 0.9228395061728395 0.554443359375 0.020061728395061727 0.02978515625
1 0.9232253086419753 0.688232421875 0.06712962962962964 0.09228515625
1 0.6954089506172839 0.58935546875 0.03202160493827161 0.0478515625
1 0.16956018518518517 0.5908203125 0.03433641975308642 0.052734375
0 0.5077160493827161 0.51806640625 0.010802469135802469 0.0185546875
0 0.5179398148148148 0.531005859375 0.01427469135802469 0.02490234375
0 0.5474537037037037 0.51025390625 0.008487654320987654 0.015625
0 0.5864197530864198 0.507568359375 0.006944444444444444 0.01318359375
0 0.7532793209876543 0.5126953125 0.008873456790123456 0.013671875
0 0.8092206790123457 0.533203125 0.008873456790123456 0.0205078125
0 0.8128858024691358 0.521240234375 0.008487654320987654 0.01611328125
0 0.8790509259259259 0.538330078125 0.015046296296296295 0.02294921875
0 0.19483024691358025 0.532958984375 0.019290123456790122 0.02783203125