1 0.085625 0.35125 0.015 0.0425
1 0.160625 0.37 0.0175 0.045
1 0.2125 0.41375 0.02375 0.0625
1 0.1353125 0.49625 0.040625 0.1
1 0.3665625 0.33625 0.013125 0.0175
1 0.274375 0.320625 0.01125 0.01625
1 0.1690625 0.310625 0.011875 0.01625
1 0.1190625 0.308125 0.013125 0.01625
1 0.0640625 0.305 0.010625 0.015
0 0.106875 0.331875 0.01125 0.03125
0 0.2521875 0.34375 0.011875 0.0325
0 0.3521875 0.36375 0.013125 0.0375
0 0.439375 0.386875 0.01625 0.04625
0 0.49375 0.4275 0.02375 0.065
0 0.66875 0.55125 0.05125 0.12