1 0.2475 0.61 0.05875 0.145
1 0.5903125 0.503125 0.035625 0.09625
1 0.894375 0.46625 0.0325 0.08
1 0.979375 0.33875 0.00875 0.025
1 0.7175 0.34 0.00875 0.0225
1 0.6334375 0.336875 0.008125 0.02125
1 0.5421875 0.33375 0.006875 0.02
1 0.119375 0.3425 0.01 0.0275
1 0.1925 0.3325 0.00875 0.0225
0 0.9671875 0.3325 0.009375 0.025
0 0.7609375 0.3325 0.008125 0.0225
0 0.6696875 0.33125 0.006875 0.0225
0 0.5925 0.328125 0.0075 0.02125
0 0.550625 0.323125 0.00625 0.01875
0 0.100625 0.325625 0.00875 0.02375
0 0.0153125 0.3325 0.010625 0.025
0 0.1684375 0.31875 0.008125 0.0225
0 0.2128125 0.3125 0.006875 0.02