1 0.491875 0.4625 0.0275 0.0725
1 0.5671875 0.394375 0.016875 0.04375
1 0.5978125 0.364375 0.010625 0.03125
1 0.6084375 0.354375 0.009375 0.02625
1 0.6175 0.348125 0.0075 0.02375
1 0.625 0.34125 0.00625 0.02
1 0.63125 0.335625 0.005 0.01875
1 0.671875 0.334375 0.005 0.01875
1 0.7325 0.3375 0.005 0.0175
0 0.8559375 0.48 0.033125 0.0825
0 0.786875 0.40375 0.01875 0.0475
0 0.75375 0.371875 0.01375 0.03625
0 0.741875 0.359375 0.01 0.02625
0 0.7790625 0.34375 0.006875 0.02
0 0.820625 0.345625 0.0075 0.02125
0 0.875 0.349375 0.0075 0.02375
0 0.9278125 0.354375 0.008125 0.02625
0 0.72375 0.344375 0.0075 0.02125
0 0.73625 0.35 0.0075 0.025
0 0.7428125 0.34125 0.005625 0.02