1 0.0378125 0.363125 0.014375 0.03875
1 0.106875 0.391875 0.0175 0.04875
1 0.088125 0.436875 0.02625 0.06625
1 0.07 0.513125 0.04125 0.10125
1 0.0153125 0.70875 0.030625 0.185
1 0.9875 0.416875 0.02375 0.04125
1 0.800625 0.381875 0.02375 0.02875
1 0.7284375 0.366875 0.019375 0.02625
1 0.2096875 0.3325 0.013125 0.0175
0 0.106875 0.34 0.01125 0.03
0 0.2071875 0.356875 0.011875 0.03125
0 0.2896875 0.369375 0.014375 0.03875
0 0.33875 0.393125 0.0175 0.04875
0 0.4525 0.4475 0.02625 0.07
0 0.755 0.61 0.0575 0.1525