1 0.0896875 0.355625 0.010625 0.02875
1 0.0075 0.3725 0.0125 0.0325
1 0.0196875 0.33625 0.009375 0.025
1 0.1446875 0.345 0.009375 0.0275
1 0.0984375 0.330625 0.006875 0.02375
1 0.165625 0.33375 0.0075 0.025
1 0.830625 0.365625 0.01875 0.02625
1 0.69875 0.353125 0.015 0.01875
1 0.6084375 0.34 0.013125 0.0175
1 0.54 0.326875 0.0125 0.01375
1 0.4959375 0.318125 0.009375 0.01125
0 0.351875 0.513125 0.0425 0.09875
0 0.120625 0.428125 0.02 0.05375
0 0.105 0.4025 0.0175 0.045
0 0.1221875 0.383125 0.015625 0.03875
0 0.0715625 0.323125 0.009375 0.02375
0 0.2071875 0.3625 0.011875 0.03
0 0.15875 0.32 0.00875 0.0225
0 0.2240625 0.323125 0.008125 0.02125
0 0.30625 0.330625 0.00875 0.02375
0 0.276875 0.345625 0.00875 0.02625
0 0.2728125 0.32625 0.008125 0.0225