1 0.1309375 0.53125 0.049375 0.1075
1 0.3625 0.421875 0.02375 0.06125
1 0.52 0.3775 0.01625 0.045
1 0.6078125 0.35 0.013125 0.035
1 0.665 0.33125 0.01 0.03
1 0.6740625 0.321875 0.008125 0.02375
1 0.6840625 0.32375 0.009375 0.0275
1 0.6390625 0.32 0.006875 0.0225
1 0.605625 0.315 0.00875 0.0225
1 0.53 0.309375 0.00625 0.01875
1 0.4771875 0.308125 0.006875 0.01875
1 0.406875 0.3075 0.0075 0.02
1 0.3403125 0.305 0.006875 0.0175
1 0.0046875 0.305 0.009375 0.025
0 0.9021875 0.586875 0.058125 0.13875
0 0.769375 0.443125 0.02625 0.07125
0 0.7725 0.385 0.01875 0.0525
0 0.80875 0.32375 0.00875 0.025
0 0.855625 0.329375 0.01 0.03125
0 0.855625 0.36125 0.01625 0.0375
0 0.86625 0.338125 0.0125 0.03125
0 0.7334375 0.315 0.008125 0.0225
0 0.6596875 0.30875 0.006875 0.02
0 0.51125 0.301875 0.00625 0.01875
0 0.5815625 0.304375 0.005625 0.01875
0 0.4165625 0.301875 0.006875 0.01625