1 0.3753125 0.61875 0.016875 0.0325
1 0.3965625 0.6029166666666667 0.013125 0.025833333333333333
1 0.3365625 0.6475 0.024375 0.045
1 0.4121875 0.5920833333333333 0.010625 0.020833333333333332
1 0.4209375 0.58625 0.006875 0.0175
1 0.425 0.5808333333333333 0.00625 0.015
1 0.43 0.5770833333333333 0.005 0.0125
1 0.4346875 0.5745833333333333 0.005625 0.010833333333333334
1 0.4375 0.5716666666666667 0.00375 0.01
1 0.44 0.5691666666666667 0.00375 0.01
1 0.43125 0.56875 0.00375 0.010833333333333334
1 0.4103125 0.5683333333333334 0.004375 0.01
1 0.3871875 0.5691666666666667 0.005625 0.01
1 0.3275 0.5708333333333333 0.00625 0.011666666666666667
1 0.259375 0.5745833333333333 0.00625 0.010833333333333334
1 0.230625 0.5833333333333334 0.0075 0.015
1 0.22625 0.5870833333333333 0.0075 0.0175
1 0.18625 0.58125 0.0075 0.0175
1 0.1571875 0.58125 0.005625 0.0125
1 0.148125 0.5829166666666666 0.00625 0.014166666666666666
1 0.1246875 0.59625 0.010625 0.019166666666666665
1 0.015625 0.60375 0.0125 0.0225
0 0.6540625 0.6466666666666666 0.028125 0.04666666666666667
0 0.5784375 0.6025 0.014375 0.025
0 0.610625 0.6183333333333333 0.01875 0.03333333333333333
0 0.560625 0.5933333333333334 0.01125 0.021666666666666667
0 0.5484375 0.585 0.008125 0.016666666666666666
0 0.5346875 0.58125 0.005625 0.014166666666666666
0 0.5075 0.5679166666666666 0.0025 0.005833333333333334
0 0.478125 0.5675 0.00375 0.006666666666666667
0 0.5275 0.5775 0.00625 0.011666666666666667
0 0.5240625 0.5741666666666667 0.004375 0.01
0 0.5203125 0.57125 0.003125 0.0075
0 0.5165625 0.5695833333333333 0.003125 0.0075
0 0.4515625 0.5679166666666666 0.005625 0.010833333333333334
0 0.4125 0.5670833333333334 0.00375 0.009166666666666667
0 0.376875 0.5675 0.00625 0.011666666666666667
0 0.3478125 0.5695833333333333 0.005625 0.010833333333333334
0 0.28875 0.5729166666666666 0.005 0.010833333333333334
0 0.2221875 0.5745833333333333 0.005625 0.0125
0 0.0975 0.5820833333333333 0.0075 0.0125
0 0.0953125 0.5929166666666666 0.009375 0.015833333333333335
0 0.0865625 0.5945833333333334 0.008125 0.015833333333333335
0 0.0703125 0.5908333333333333 0.008125 0.016666666666666666
0 0.076875 0.5858333333333333 0.00625 0.011666666666666667
0 0.0584375 0.5895833333333333 0.005625 0.014166666666666666
0 0.0621875 0.5879166666666666 0.005625 0.0125
0 0.0278125 0.5983333333333334 0.008125 0.018333333333333333