1 0.0340625 0.869375 0.068125 0.25875
1 0.355625 0.525 0.0425 0.105
1 0.39125 0.4325 0.02375 0.065
1 0.3725 0.3975 0.0175 0.0475
1 0.3046875 0.376875 0.013125 0.03875
1 0.2309375 0.365 0.013125 0.035
1 0.175625 0.36125 0.0125 0.0325
1 0.1090625 0.36 0.011875 0.035
1 0.7365625 0.36 0.005625 0.02
0 0.2221875 0.3475 0.010625 0.03
0 0.0728125 0.34875 0.010625 0.0325
0 0.87 0.5075 0.04625 0.1
0 0.71875 0.42375 0.02625 0.06
0 0.57625 0.385625 0.015 0.04125
0 0.464375 0.365 0.0125 0.035
0 0.383125 0.354375 0.0125 0.03375
0 0.325 0.348125 0.01125 0.02625
0 0.7321875 0.35875 0.006875 0.02