1 0.0931712962962963 0.54736328125 0.028935185185185185 0.0419921875
1 0.40914351851851855 0.5380859375 0.02353395061728395 0.03515625
1 0.6348379629629629 0.527099609375 0.017361111111111112 0.02685546875
1 0.8616898148148148 0.542236328125 0.018132716049382717 0.02978515625
1 0.8699845679012346 0.53125 0.013117283950617283 0.0244140625
0 0.12210648148148148 0.51806640625 0.01890432098765432 0.0302734375
0 0.18325617283950618 0.646484375 0.05169753086419753 0.0908203125
0 0.39274691358024694 0.519287109375 0.015432098765432098 0.02685546875
0 0.6934799382716049 0.533203125 0.021219135802469136 0.029296875
0 0.7131558641975309 0.525634765625 0.016589506172839507 0.02587890625
0 0.9629629629629629 0.66650390625 0.06558641975308642 0.0908203125
0 0.9801311728395061 0.53076171875 0.015817901234567902 0.0234375