1 0.19675925925925927 0.67724609375 0.06018518518518518 0.0888671875
1 0.07002314814814815 0.570068359375 0.03125 0.03857421875
1 0.15914351851851852 0.517333984375 0.009645061728395061 0.01611328125
1 0.2038966049382716 0.53515625 0.01890432098765432 0.015625
1 0.35474537037037035 0.537841796875 0.013503086419753086 0.02392578125
1 0.37210648148148145 0.511962890625 0.0073302469135802465 0.01416015625
1 0.9288194444444444 0.588134765625 0.03587962962962963 0.05029296875
1 0.5752314814814815 0.5263671875 0.017746913580246913 0.0146484375
1 0.5248842592592593 0.507080078125 0.0073302469135802465 0.01318359375
1 0.5017361111111112 0.500732421875 0.006558641975308642 0.01025390625
0 0.060378086419753084 0.537109375 0.016589506172839507 0.025390625
0 0.19675925925925927 0.55078125 0.017746913580246913 0.0263671875
0 0.26003086419753085 0.520263671875 0.010802469135802469 0.01708984375
0 0.26967592592592593 0.583984375 0.033950617283950615 0.0458984375
0 0.3097993827160494 0.554443359375 0.026234567901234566 0.02197265625
0 0.36709104938271603 0.52587890625 0.011959876543209876 0.01953125
0 0.6722608024691358 0.54345703125 0.02199074074074074 0.0224609375
0 0.5779320987654321 0.5146484375 0.010030864197530864 0.0166015625
0 0.5206404320987654 0.514404296875 0.008873456790123456 0.01708984375
0 0.48572530864197533 0.50439453125 0.006944444444444444 0.0126953125