1 0.1540625 0.6754166666666667 0.033125 0.05583333333333333
1 0.22375 0.6345833333333334 0.02125 0.0375
1 0.183125 0.6154166666666666 0.01625 0.029166666666666667
1 0.0778125 0.6083333333333333 0.015625 0.025
1 0.2259375 0.5745833333333333 0.006875 0.0125
1 0.233125 0.5745833333333333 0.005 0.010833333333333334
1 0.23875 0.5733333333333334 0.005 0.01
1 0.244375 0.57125 0.00375 0.009166666666666667
1 0.2471875 0.57 0.003125 0.008333333333333333
0 0.8 0.8258333333333333 0.09 0.13166666666666665
0 0.5325 0.66125 0.0325 0.0525
0 0.49625 0.6229166666666667 0.02 0.035833333333333335
0 0.4021875 0.6029166666666667 0.015625 0.025833333333333333
0 0.3334375 0.5958333333333333 0.015625 0.023333333333333334
0 0.2309375 0.5941666666666666 0.011875 0.021666666666666667
0 0.09625 0.5958333333333333 0.0125 0.021666666666666667
0 0.1425 0.5770833333333333 0.00625 0.0125
0 0.1553125 0.5745833333333333 0.005625 0.010833333333333334
0 0.166875 0.5733333333333334 0.005 0.01
0 0.17625 0.5716666666666667 0.005 0.01
0 0.1303125 0.5745833333333333 0.006875 0.0125
0 0.119375 0.5666666666666667 0.0075 0.013333333333333334