1 0.9028125 0.6479166666666667 0.026875 0.04083333333333333
1 0.71125 0.65625 0.0275 0.04583333333333333
1 0.22875 0.5908333333333333 0.01375 0.02666666666666667
1 0.181875 0.7691666666666667 0.0725 0.11166666666666666
1 0.8340625 0.5904166666666667 0.011875 0.0225
1 0.5 0.6841666666666667 0.0425 0.065
1 0.67875 0.6083333333333333 0.015 0.028333333333333332
1 0.865625 0.5870833333333333 0.0125 0.019166666666666665
1 0.886875 0.5858333333333333 0.01125 0.018333333333333333
1 0.0934375 0.5779166666666666 0.013125 0.024166666666666666
1 0.9575 0.5891666666666666 0.01 0.016666666666666666
1 0.485625 0.61 0.015 0.03166666666666667
1 0.04 0.5695833333333333 0.01 0.020833333333333332
1 0.0475 0.5625 0.0075 0.018333333333333333
0 0.781875 0.5991666666666666 0.01375 0.023333333333333334
0 0.4171875 0.5829166666666666 0.014375 0.020833333333333332
0 0.2984375 0.5758333333333333 0.011875 0.018333333333333333
0 0.2571875 0.5708333333333333 0.011875 0.018333333333333333
0 0.3675 0.5804166666666667 0.01125 0.020833333333333332
0 0.5784375 0.5795833333333333 0.013125 0.020833333333333332
0 0.479375 0.5854166666666667 0.015 0.029166666666666667
0 0.6690625 0.5745833333333333 0.010625 0.0175
0 0.69875 0.5666666666666667 0.0075 0.013333333333333334
0 0.969375 0.5858333333333333 0.01 0.018333333333333333
0 0.996875 0.5729166666666666 0.005 0.0125
0 0.8421875 0.5795833333333333 0.008125 0.015833333333333335
0 0.74125 0.5745833333333333 0.00875 0.0175
0 0.7190625 0.5666666666666667 0.006875 0.011666666666666667
0 0.216875 0.5645833333333333 0.00875 0.015833333333333335
0 0.2059375 0.56125 0.008125 0.015833333333333335
0 0.195 0.5575 0.0075 0.015