1 0.0671875 0.566875 0.046875 0.12875
1 0.0275 0.4725 0.0325 0.0825
1 0.0796875 0.34875 0.010625 0.02
1 0.2109375 0.34375 0.009375 0.0175
1 0.3740625 0.3375 0.008125 0.0175
1 0.548125 0.338125 0.0075 0.01625
1 0.84875 0.369375 0.00875 0.02875
0 0.57875 0.48125 0.03875 0.095
0 0.3365625 0.391875 0.019375 0.04875
0 0.173125 0.38875 0.01875 0.0475
0 0.4225 0.413125 0.02 0.05875
0 0.841875 0.36875 0.01 0.03
0 0.7615625 0.32375 0.004375 0.0175
0 0.8090625 0.32625 0.004375 0.0225
0 0.8340625 0.331875 0.005625 0.01625
0 0.8596875 0.325 0.004375 0.0125
0 0.9025 0.3275 0.005 0.015
0 0.9365625 0.33125 0.005625 0.0175
0 0.9590625 0.334375 0.004375 0.01875
0 0.9759375 0.34 0.005625 0.02
0 0.9928125 0.3475 0.006875 0.02