1 0.103125 0.734375 0.095 0.19875
1 0.2959375 0.513125 0.039375 0.09625
1 0.35625 0.450625 0.025 0.06625
1 0.39375 0.4075 0.0175 0.045
1 0.4159375 0.3825 0.013125 0.0375
1 0.4934375 0.375 0.011875 0.035
1 0.7453125 0.384375 0.013125 0.02125
1 0.8490625 0.395625 0.014375 0.02625
1 0.5959375 0.375625 0.009375 0.02875
0 0.6025 0.398125 0.015 0.04625
0 0.60625 0.40875 0.0175 0.05
0 0.6284375 0.39125 0.015625 0.04
0 0.6959375 0.393125 0.015625 0.04125
0 0.6659375 0.4475 0.024375 0.0675
0 0.7371875 0.515625 0.035625 0.09875
0 0.7825 0.400625 0.01625 0.04125
0 0.9175 0.4175 0.0175 0.05