1 0.8207947530864198 0.512939453125 0.018132716049382717 0.02978515625
1 0.8597608024691358 0.558349609375 0.03433641975308642 0.03564453125
1 0.8746141975308642 0.475341796875 0.008487654320987654 0.01416015625
1 0.9048996913580247 0.49072265625 0.011959876543209876 0.0205078125
1 0.8977623456790124 0.46630859375 0.006172839506172839 0.0107421875
1 0.9967206790123457 0.47119140625 0.005787037037037037 0.0146484375
1 0.9976851851851852 0.464111328125 0.0038580246913580245 0.01123046875
1 0.9639274691358025 0.61376953125 0.061342592592592594 0.0791015625
0 0.6859567901234568 0.485595703125 0.022376543209876542 0.03662109375
0 0.8489583333333334 0.485107421875 0.011959876543209876 0.01904296875
0 0.8983410493827161 0.477783203125 0.009645061728395061 0.01611328125
0 0.9212962962962963 0.468994140625 0.008487654320987654 0.01318359375
0 0.9930555555555556 0.484619140625 0.013117283950617283 0.02099609375