1 0.7193287037037037 0.8662109375 0.11381172839506173 0.1923828125
1 0.7256944444444444 0.556396484375 0.026234567901234566 0.04443359375
1 0.41454475308641975 0.520751953125 0.016589506172839507 0.02880859375
1 0.4212962962962963 0.482666015625 0.005401234567901234 0.01220703125
1 0.46103395061728397 0.4775390625 0.006172839506172839 0.0107421875
1 0.45100308641975306 0.47412109375 0.005401234567901234 0.0087890625
0 0.9847608024691358 0.674072265625 0.02970679012345679 0.08447265625
0 0.5922067901234568 0.646484375 0.06481481481481481 0.060546875
0 0.4664351851851852 0.547119140625 0.023919753086419752 0.04052734375
0 0.3786651234567901 0.497314453125 0.010416666666666666 0.01806640625
0 0.4243827160493827 0.49267578125 0.008487654320987654 0.015625
0 0.47723765432098764 0.48681640625 0.007716049382716049 0.013671875