1 0.1571875 0.465 0.025625 0.0725
1 0.1775 0.549375 0.04875 0.11125
1 0.200625 0.3675 0.01125 0.03
1 0.0653125 0.808125 0.110625 0.24875
1 0.089375 0.38 0.015 0.04
1 0.035 0.43125 0.02 0.06
1 0.2946875 0.359375 0.009375 0.02875
1 0.396875 0.35375 0.00875 0.025
1 0.6 0.35 0.005 0.015
1 0.553125 0.35 0.00625 0.0175
1 0.00625 0.39875 0.0125 0.05
1 0.6625 0.348125 0.00625 0.01875
1 0.493125 0.350625 0.0075 0.02125
1 0.7128125 0.348125 0.005625 0.01375
0 0.77375 0.501875 0.035 0.08875
0 0.453125 0.429375 0.02125 0.05625
0 0.2325 0.39375 0.01875 0.045
0 0.600625 0.454375 0.0275 0.06625
0 0.3275 0.371875 0.01125 0.02875
0 0.6403125 0.355625 0.008125 0.02125
0 0.268125 0.38125 0.015 0.0375
0 0.304375 0.41125 0.01875 0.0475
0 0.690625 0.354375 0.0075 0.01875
0 0.4078125 0.3625 0.010625 0.0275
0 0.498125 0.359375 0.01125 0.02625
0 0.9634375 0.365 0.006875 0.02
0 0.5771875 0.356875 0.008125 0.02125
0 0.765625 0.354375 0.00625 0.01875
0 0.736875 0.356875 0.00625 0.01625
0 0.79375 0.355 0.00625 0.0175
0 0.9259375 0.35875 0.006875 0.0175