1 0.02625 0.388125 0.01125 0.03125
1 0.0228125 0.359375 0.006875 0.01875
1 0.060625 0.3575 0.0075 0.02
1 0.0965625 0.37125 0.008125 0.025
1 0.0865625 0.356875 0.006875 0.02125
1 0.1253125 0.36375 0.008125 0.025
1 0.113125 0.35875 0.0075 0.0225
1 0.4059375 0.33375 0.005625 0.0175
1 0.46875 0.3375 0.005 0.015
1 0.5528125 0.34125 0.006875 0.0125
1 0.6246875 0.343125 0.009375 0.01375
1 0.7128125 0.348125 0.010625 0.01375
1 0.855625 0.355 0.0125 0.0175
1 0.9190625 0.32625 0.005625 0.0175
1 0.8440625 0.324375 0.005625 0.01625
1 0.7684375 0.32375 0.004375 0.015
1 0.713125 0.3225 0.005 0.0175
1 0.6596875 0.320625 0.004375 0.01375
1 0.611875 0.31875 0.005 0.015
0 0.8946875 0.680625 0.088125 0.18375
0 0.359375 0.530625 0.0375 0.09875
0 0.0209375 0.5175 0.036875 0.09
0 0.010625 0.354375 0.00875 0.02125
0 0.106875 0.399375 0.0175 0.04375
0 0.1071875 0.346875 0.006875 0.02375
0 0.1703125 0.344375 0.006875 0.02125
0 0.1953125 0.345625 0.006875 0.02375
0 0.2028125 0.375625 0.014375 0.03375
0 0.22 0.348125 0.0075 0.02375
0 0.25125 0.363125 0.01 0.02875
0 0.248125 0.353125 0.01 0.02625
0 0.4246875 0.331875 0.005625 0.01375
0 0.4459375 0.329375 0.004375 0.01375
0 0.464375 0.3275 0.005 0.015
0 0.4828125 0.33625 0.004375 0.015
0 0.486875 0.32125 0.00375 0.0125
0 0.47625 0.324375 0.00375 0.01125
0 0.4975 0.33375 0.005 0.015
0 0.5084375 0.3325 0.004375 0.0125
0 0.5209375 0.33 0.004375 0.0125
0 0.5309375 0.328125 0.004375 0.01125
0 0.53875 0.324375 0.00375 0.01125
0 0.544375 0.321875 0.00375 0.00875
0 0.54875 0.31875 0.00375 0.01
0 0.4925 0.320625 0.00375 0.01125
0 0.501875 0.315625 0.00375 0.01125