1 0.04375 0.334375 0.01 0.02375
1 0.7784375 0.449375 0.034375 0.08125
1 0.2275 0.410625 0.0225 0.05875
1 0.6375 0.336875 0.01 0.02625
1 0.870625 0.316875 0.00875 0.02375
1 0.4415625 0.385 0.016875 0.045
1 0.44125 0.3425 0.01 0.0275
1 0.500625 0.366875 0.01 0.03625
1 0.7409375 0.32625 0.008125 0.0225
1 0.25125 0.330625 0.00875 0.02625
1 0.3603125 0.335 0.008125 0.025
0 0.9196875 0.403125 0.023125 0.06125
0 0.7221875 0.38 0.018125 0.05
0 0.9171875 0.325 0.013125 0.03
0 0.0278125 0.32625 0.010625 0.025
0 0.38625 0.444375 0.02875 0.08625
0 0.418125 0.32875 0.01125 0.025
0 0.7290625 0.34125 0.009375 0.03
0 0.65875 0.364375 0.01375 0.04125
0 0.8103125 0.3325 0.010625 0.03
0 0.2859375 0.323125 0.008125 0.02375
0 0.50875 0.33625 0.00875 0.025