1 0.4159375 0.5375 0.044375 0.1075
1 0.4778125 0.46125 0.026875 0.0725
1 0.4778125 0.425 0.020625 0.0525
1 0.4340625 0.40125 0.016875 0.0475
1 0.334375 0.385 0.015 0.04
1 0.2490625 0.326875 0.005625 0.01625
1 0.20625 0.3725 0.0125 0.035
1 0.1215625 0.361875 0.010625 0.02875
1 0.1146875 0.3375 0.008125 0.0225
1 0.086875 0.353125 0.00875 0.02625
1 0.0921875 0.344375 0.006875 0.02125
1 0.17 0.330625 0.00625 0.01875
1 0.8528125 0.345625 0.008125 0.02375
1 0.7746875 0.338125 0.006875 0.01875
1 0.72625 0.331875 0.00625 0.01875
1 0.645 0.32875 0.005 0.015
1 0.583125 0.325 0.00375 0.0125
1 0.5103125 0.323125 0.004375 0.01375
1 0.331875 0.325625 0.005 0.01375
1 0.411875 0.325 0.00625 0.0175
1 0.9809375 0.360625 0.013125 0.03125
0 0.3915625 0.3575 0.011875 0.03
0 0.3128125 0.35125 0.010625 0.0275
0 0.255625 0.343125 0.00875 0.02375
0 0.2671875 0.33625 0.006875 0.02
0 0.9109375 0.43125 0.023125 0.06
0 0.8640625 0.38 0.015625 0.04
0 0.7840625 0.399375 0.018125 0.04875
0 0.7646875 0.3625 0.011875 0.0325
0 0.6871875 0.34875 0.010625 0.0275
0 0.6571875 0.380625 0.014375 0.04125
0 0.625 0.340625 0.00875 0.02375
0 0.5753125 0.335 0.006875 0.0225
0 0.5040625 0.366875 0.013125 0.03375
0 0.528125 0.33 0.00625 0.0175
0 0.419375 0.329375 0.00625 0.01875
0 0.3465625 0.330625 0.008125 0.02125