1 0.6528125 0.37625 0.018125 0.0475
1 0.3396875 0.52 0.041875 0.1025
1 0.235 0.33625 0.0125 0.03
1 0.5096875 0.425 0.023125 0.06
1 0.396875 0.328125 0.01 0.02625
1 0.7628125 0.351875 0.014375 0.04125
1 0.0675 0.343125 0.0125 0.03125
1 0.7503125 0.310625 0.009375 0.03125
1 0.851875 0.319375 0.0125 0.03125
1 0.5275 0.318125 0.00875 0.02875
1 0.6559375 0.313125 0.009375 0.02625
1 0.83625 0.336875 0.01375 0.03625
1 0.624375 0.29 0.00875 0.0175
0 0.93 0.5375 0.05 0.1225
0 0.876875 0.436875 0.02875 0.07125
0 0.926875 0.304375 0.01125 0.02875
0 0.2778125 0.31875 0.011875 0.0275
0 0.7109375 0.296875 0.009375 0.02625
0 0.41125 0.3125 0.01 0.0275
0 0.1515625 0.323125 0.011875 0.02875
0 0.9921875 0.385 0.014375 0.0525
0 0.82375 0.2975 0.01 0.0275
0 0.6103125 0.30125 0.009375 0.025
0 0.5221875 0.30625 0.008125 0.025
0 0.0234375 0.324375 0.010625 0.02875