1 0.555625 0.496875 0.035 0.09125
1 0.83125 0.433125 0.0225 0.05875
1 0.806875 0.366875 0.01 0.03125
1 0.77125 0.355 0.01 0.0275
1 0.7915625 0.345625 0.009375 0.02375
1 0.91 0.386875 0.01625 0.03875
1 0.853125 0.34125 0.00875 0.0225
1 0.9309375 0.34125 0.008125 0.0225
0 0.7990625 0.395625 0.018125 0.04375
0 0.766875 0.334375 0.00625 0.02375
0 0.6578125 0.361875 0.011875 0.03375
0 0.639375 0.346875 0.01125 0.02625
0 0.6875 0.3375 0.00875 0.0225
0 0.86125 0.33375 0.0075 0.0225
0 0.9921875 0.33625 0.008125 0.0225