1 0.4859375 0.574375 0.050625 0.12625
1 0.705 0.47375 0.03125 0.08
1 0.825 0.421875 0.02125 0.05625
1 0.8559375 0.38875 0.015625 0.0425
1 0.8446875 0.369375 0.013125 0.03625
1 0.78875 0.354375 0.01 0.03125
1 0.726875 0.345 0.00875 0.0275
1 0.6828125 0.34125 0.006875 0.025
1 0.635 0.339375 0.00625 0.02375
1 0.546875 0.33875 0.00625 0.025
1 0.4840625 0.34 0.006875 0.0225
1 0.226875 0.346875 0.0075 0.02625
1 0.1225 0.344375 0.00875 0.02875
0 0.9378125 0.35125 0.011875 0.0325
0 0.8609375 0.340625 0.009375 0.02875
0 0.805625 0.336875 0.00875 0.02625
0 0.7153125 0.333125 0.008125 0.02375
0 0.605 0.3325 0.0075 0.0225
0 0.4715625 0.3325 0.008125 0.025
0 0.2759375 0.336875 0.008125 0.02625
0 0.170625 0.336875 0.00875 0.02625
0 0.073125 0.335625 0.00875 0.02625
0 0.015 0.3275 0.0075 0.025