1 0.1459375 0.5025 0.038125 0.09
1 0.55375 0.3325 0.01 0.025
1 0.4853125 0.349375 0.011875 0.03375
1 0.379375 0.375625 0.01625 0.04125
1 0.27375 0.418125 0.02125 0.05625
1 0.6028125 0.319375 0.008125 0.02375
1 0.8984375 0.296875 0.006875 0.01625
1 0.809375 0.29375 0.0075 0.015
1 0.70875 0.2925 0.005 0.0125
1 0.5890625 0.30875 0.006875 0.02
1 0.5615625 0.306875 0.006875 0.01875
1 0.6159375 0.310625 0.006875 0.01875
1 0.62125 0.314375 0.0075 0.02125
1 0.49875 0.30375 0.005 0.0175
1 0.4521875 0.303125 0.005625 0.01625
1 0.391875 0.303125 0.00625 0.01625
0 0.7178125 0.519375 0.044375 0.10625
0 0.7565625 0.323125 0.009375 0.02375
0 0.634375 0.38 0.01625 0.045
0 0.735 0.335625 0.01125 0.03125
0 0.6525 0.425 0.025 0.0625
0 0.66 0.3525 0.01375 0.035
0 0.7271875 0.3125 0.008125 0.02
0 0.75625 0.313125 0.00875 0.02125
0 0.6684375 0.305625 0.006875 0.01875
0 0.6090625 0.300625 0.005625 0.01625
0 0.54375 0.298125 0.005 0.01375
0 0.4821875 0.2975 0.005625 0.015
0 0.3984375 0.2975 0.005625 0.015