1 0.061875 0.464375 0.0325 0.07875
1 0.3434375 0.401875 0.015625 0.04125
1 0.4384375 0.375 0.013125 0.0375
1 0.52625 0.36 0.01125 0.03
1 0.6246875 0.348125 0.010625 0.02875
1 0.9346875 0.308125 0.006875 0.01875
1 0.705 0.34 0.00875 0.025
1 0.733125 0.330625 0.0075 0.02375
1 0.7975 0.325 0.00875 0.0225
1 0.8625 0.318125 0.0075 0.02125
0 0.775 0.64 0.075 0.165
0 0.740625 0.479375 0.03625 0.08875
0 0.7665625 0.43375 0.028125 0.065
0 0.8034375 0.41125 0.024375 0.0575
0 0.8415625 0.38125 0.018125 0.045
0 0.880625 0.359375 0.015 0.03125
0 0.89625 0.338125 0.01 0.02875
0 0.939375 0.33 0.01 0.025