1 0.376929012345679 0.626220703125 0.04552469135802469 0.06689453125
1 0.43287037037037035 0.5126953125 0.009259259259259259 0.015625
1 0.5904706790123457 0.5009765625 0.005787037037037037 0.0107421875
1 0.5923996913580247 0.507080078125 0.0073302469135802465 0.01220703125
1 0.6107253086419753 0.49658203125 0.005401234567901234 0.009765625
1 0.6440972222222222 0.494873046875 0.005015432098765432 0.00830078125
1 0.6477623456790124 0.510009765625 0.008487654320987654 0.01513671875
1 0.6155478395061729 0.57080078125 0.02816358024691358 0.041015625
1 0.8042052469135802 0.5615234375 0.02507716049382716 0.0361328125
1 0.7644675925925926 0.529296875 0.01427469135802469 0.0234375
1 0.7741126543209876 0.5078125 0.008101851851851851 0.013671875
1 0.9880401234567902 0.5400390625 0.022376543209876542 0.0283203125
1 0.9774305555555556 0.525634765625 0.015817901234567902 0.02099609375
1 0.9886188271604939 0.510009765625 0.010416666666666666 0.01513671875
1 0.876929012345679 0.499267578125 0.006172839506172839 0.01025390625
1 0.8402777777777778 0.49658203125 0.005401234567901234 0.009765625
1 0.8065200617283951 0.49560546875 0.005015432098765432 0.0087890625
1 0.763695987654321 0.493896484375 0.004243827160493827 0.00830078125
1 0.7089120370370371 0.494140625 0.005015432098765432 0.0078125
1 0.7052469135802469 0.519287109375 0.011574074074074073 0.01904296875
1 0.5580632716049383 0.525390625 0.013503086419753086 0.021484375
1 0.5067515432098766 0.55322265625 0.021219135802469136 0.0341796875
0 0.40084876543209874 0.586181640625 0.034722222222222224 0.04833984375
0 0.4378858024691358 0.5068359375 0.008487654320987654 0.013671875
0 0.5254629629629629 0.50244140625 0.006944444444444444 0.01171875
0 0.6568287037037037 0.5 0.0073302469135802465 0.01171875
0 0.6676311728395061 0.51171875 0.009645061728395061 0.015625
0 0.7816358024691358 0.50439453125 0.009259259259259259 0.0126953125
0 0.9357638888888888 0.51220703125 0.011959876543209876 0.017578125
0 0.8850308641975309 0.508056640625 0.010030864197530864 0.01416015625
0 0.5216049382716049 0.53466796875 0.015432098765432098 0.0263671875
0 0.5023148148148148 0.6123046875 0.03935185185185185 0.0595703125