1 0.225625 0.52875 0.0425 0.1025
1 0.31 0.43625 0.02375 0.06
1 0.3396875 0.391875 0.015625 0.04375
1 0.27125 0.37125 0.0125 0.035
1 0.228125 0.36375 0.01 0.03
1 0.2175 0.350625 0.0075 0.02625
1 0.935 0.36875 0.0125 0.0325
1 0.835 0.355 0.01125 0.0275
1 0.7159375 0.340625 0.008125 0.02125
1 0.6375 0.333125 0.00625 0.01875
1 0.5615625 0.329375 0.005625 0.01875
1 0.4928125 0.329375 0.005625 0.01625
0 0.874375 0.5275 0.04625 0.1
0 0.9475 0.40375 0.02375 0.05
0 0.771875 0.38 0.01875 0.04
0 0.71 0.4225 0.02375 0.0575
0 0.6821875 0.36375 0.013125 0.0325
0 0.610625 0.38375 0.01625 0.04
0 0.6153125 0.350625 0.008125 0.02625
0 0.5525 0.341875 0.0075 0.02125
0 0.515 0.365 0.0125 0.0325
0 0.5059375 0.34 0.009375 0.02
0 0.428125 0.355 0.01125 0.0275
0 0.445 0.34 0.00875 0.0225
0 0.3734375 0.34875 0.010625 0.025
0 0.3853125 0.345 0.009375 0.0225