1 0.3471875 0.500625 0.024375 0.06875
1 0.381875 0.46125 0.0175 0.045
1 0.268125 0.58375 0.04125 0.1025
1 0.4040625 0.435625 0.014375 0.03875
1 0.416875 0.418125 0.01125 0.03125
1 0.03125 0.84625 0.0625 0.2175
1 0.4275 0.408125 0.01 0.02875
1 0.43625 0.400625 0.00875 0.02625
1 0.4415625 0.39375 0.006875 0.0225
0 0.57875 0.418125 0.0125 0.03375
0 0.77 0.568125 0.04125 0.10375
0 0.6259375 0.4575 0.018125 0.0525
0 0.674375 0.49375 0.02625 0.07
0 0.598125 0.433125 0.015 0.04125
0 0.5634375 0.4075 0.009375 0.03
0 0.5553125 0.400625 0.009375 0.02625
0 0.5478125 0.395 0.006875 0.0225
0 0.541875 0.390625 0.00625 0.02125