1 0.044174382716049385 0.522705078125 0.013503086419753086 0.02099609375
1 0.16820987654320987 0.57763671875 0.033179012345679014 0.04296875
1 0.2322530864197531 0.523193359375 0.012345679012345678 0.02001953125
1 0.22781635802469136 0.50146484375 0.0073302469135802465 0.0107421875
1 0.3003472222222222 0.50390625 0.0073302469135802465 0.01171875
1 0.33796296296296297 0.51416015625 0.010802469135802469 0.017578125
1 0.357445987654321 0.5 0.006558641975308642 0.009765625
1 0.45100308641975306 0.52001953125 0.013117283950617283 0.0185546875
1 0.4807098765432099 0.510498046875 0.006944444444444444 0.01416015625
1 0.4756944444444444 0.53173828125 0.015432098765432098 0.0234375
1 0.5150462962962963 0.498046875 0.006172839506172839 0.0087890625
1 0.5439814814814815 0.500732421875 0.006172839506172839 0.01123046875
1 0.5553626543209876 0.510009765625 0.008873456790123456 0.01416015625
1 0.5497685185185185 0.559326171875 0.020061728395061727 0.03466796875
1 0.5947145061728395 0.504638671875 0.0073302469135802465 0.01220703125
1 0.6082175925925926 0.511962890625 0.009645061728395061 0.01416015625
1 0.6332947530864198 0.5263671875 0.013503086419753086 0.021484375
1 0.7581018518518519 0.601318359375 0.030864197530864196 0.05224609375
1 0.9212962962962963 0.54638671875 0.017746913580246913 0.0283203125
0 0.03838734567901234 0.541015625 0.024305555555555556 0.029296875
0 0.21026234567901234 0.509765625 0.010030864197530864 0.0166015625
0 0.3940972222222222 0.5068359375 0.008101851851851851 0.0146484375
0 0.39467592592592593 0.501953125 0.007716049382716049 0.01171875
0 0.4278549382716049 0.498779296875 0.006172839506172839 0.01025390625
0 0.46045524691358025 0.496337890625 0.005015432098765432 0.00927734375
0 0.5084876543209876 0.5517578125 0.019290123456790122 0.0322265625
0 0.5750385802469136 0.506103515625 0.0073302469135802465 0.01318359375
0 0.5790895061728395 0.498046875 0.005401234567901234 0.0087890625
0 0.6039737654320988 0.5009765625 0.005787037037037037 0.0107421875
0 0.6122685185185185 0.507080078125 0.005401234567901234 0.01318359375
0 0.6323302469135802 0.5185546875 0.010802469135802469 0.0185546875