1 0.0785108024691358 0.76171875 0.11072530864197531 0.14453125
1 0.1560570987654321 0.55224609375 0.030478395061728395 0.04296875
1 0.3410493827160494 0.520751953125 0.019290123456790122 0.01708984375
1 0.3123070987654321 0.497802734375 0.009645061728395061 0.01708984375
1 0.49209104938271603 0.53515625 0.01890432098765432 0.02734375
1 0.5306712962962963 0.505615234375 0.008873456790123456 0.01513671875
1 0.6763117283950617 0.501220703125 0.006944444444444444 0.01123046875
1 0.7000385802469136 0.510498046875 0.008873456790123456 0.01513671875
1 0.7528935185185185 0.53857421875 0.02199074074074074 0.017578125
0 0.19483024691358025 0.51318359375 0.016975308641975308 0.0263671875
0 0.3393132716049383 0.59228515625 0.04205246913580247 0.056640625
0 0.3175154320987654 0.53759765625 0.018518518518518517 0.029296875
0 0.4288194444444444 0.552978515625 0.028935185185185185 0.02587890625
0 0.4097222222222222 0.507080078125 0.010802469135802469 0.01806640625
0 0.5150462962962963 0.521484375 0.013117283950617283 0.021484375
0 0.6576003086419753 0.5048828125 0.008101851851851851 0.013671875
0 0.6919367283950617 0.51904296875 0.01273148148148148 0.0185546875
0 0.7581018518518519 0.5244140625 0.011574074074074073 0.01953125
0 0.8761574074074074 0.57373046875 0.030864197530864196 0.029296875