1 0.051875 0.705 0.045 0.06833333333333333
1 0.165625 0.64 0.02375 0.04
1 0.1978125 0.6154166666666666 0.016875 0.029166666666666667
1 0.1509375 0.6041666666666666 0.015625 0.025
1 0.0496875 0.6004166666666667 0.013125 0.0225
1 0.16 0.5729166666666666 0.0075 0.0125
1 0.1653125 0.5716666666666667 0.004375 0.01
1 0.1690625 0.57125 0.003125 0.009166666666666667
1 0.174375 0.5691666666666667 0.005 0.008333333333333333
0 0.8678125 0.8379166666666666 0.100625 0.14083333333333334
0 0.5778125 0.6870833333333334 0.041875 0.06416666666666666
0 0.4434375 0.6275 0.023125 0.03833333333333333
0 0.4171875 0.6058333333333333 0.015625 0.028333333333333332
0 0.33625 0.5929166666666666 0.0125 0.0225
0 0.2734375 0.5891666666666666 0.011875 0.02
0 0.1778125 0.5883333333333334 0.013125 0.02
0 0.055 0.565 0.0075 0.013333333333333334
0 0.0525 0.59 0.00875 0.018333333333333333
0 0.066875 0.57375 0.00625 0.010833333333333334
0 0.0753125 0.575 0.006875 0.011666666666666667
0 0.086875 0.5733333333333334 0.00625 0.011666666666666667
0 0.096875 0.5720833333333334 0.005 0.010833333333333334
0 0.104375 0.5708333333333333 0.005 0.01