1 0.135 0.74125 0.06 0.08583333333333333
1 0.0921875 0.6516666666666666 0.020625 0.035
1 0.370625 0.6683333333333333 0.03 0.051666666666666666
1 0.2796875 0.6279166666666667 0.014375 0.029166666666666667
1 0.4084375 0.61375 0.011875 0.0225
1 0.5003125 0.6016666666666667 0.010625 0.02
1 0.5675 0.59375 0.00875 0.0175
1 0.664375 0.5829166666666666 0.00625 0.014166666666666666
1 0.690625 0.5808333333333333 0.00625 0.013333333333333334
1 0.651875 0.6420833333333333 0.02375 0.0425
1 0.7490625 0.57625 0.008125 0.0125
1 0.8115625 0.5720833333333334 0.006875 0.0125
1 0.89875 0.5691666666666667 0.0075 0.013333333333333334
1 0.9878125 0.5683333333333334 0.008125 0.013333333333333334
1 0.9925 0.62125 0.01375 0.0375
1 0.8415625 0.6329166666666667 0.025625 0.03916666666666667
0 0.1634375 0.6283333333333333 0.015625 0.025
0 0.2959375 0.6145833333333334 0.013125 0.020833333333333332
0 0.3921875 0.6041666666666666 0.009375 0.018333333333333333
0 0.4653125 0.5975 0.009375 0.016666666666666666
0 0.57625 0.58625 0.0075 0.014166666666666666
0 0.6178125 0.5825 0.005625 0.011666666666666667
0 0.671875 0.5779166666666666 0.00625 0.0125
0 0.7603125 0.57375 0.006875 0.010833333333333334
0 0.8603125 0.5683333333333334 0.006875 0.011666666666666667
0 0.9665625 0.56625 0.006875 0.0125
0 0.969375 0.6795833333333333 0.05 0.06416666666666666
0 0.79875 0.725 0.06125 0.085
0 0.7946875 0.69375 0.044375 0.06916666666666667