1 0.09722222222222222 0.603759765625 0.02700617283950617 0.03564453125
1 0.2534722222222222 0.705078125 0.05941358024691358 0.0859375
1 0.4672067901234568 0.571044921875 0.016203703703703703 0.02490234375
1 0.47530864197530864 0.553955078125 0.011574074074074073 0.01708984375
1 0.5115740740740741 0.54345703125 0.007716049382716049 0.013671875
1 0.5597993827160493 0.53759765625 0.008487654320987654 0.01171875
1 0.5707947530864198 0.582763671875 0.021219135802469136 0.03173828125
1 0.6475694444444444 0.533935546875 0.0073302469135802465 0.01123046875
1 0.7222222222222222 0.53125 0.008487654320987654 0.01171875
1 0.7837577160493827 0.531982421875 0.008101851851851851 0.01123046875
1 0.7403549382716049 0.630615234375 0.03780864197530864 0.05712890625
1 0.8016975308641975 0.563232421875 0.016203703703703703 0.02587890625
1 0.8366126543209876 0.533203125 0.008101851851851851 0.013671875
1 0.9014274691358025 0.53564453125 0.009645061728395061 0.015625
0 0.18074845679012347 0.578125 0.018132716049382717 0.025390625
0 0.3653549382716049 0.560791015625 0.012345679012345678 0.01904296875
0 0.581983024691358 0.54931640625 0.01273148148148148 0.0185546875
0 0.6157407407407407 0.58837890625 0.023919753086419752 0.03515625
0 0.7910879629629629 0.55224609375 0.01427469135802469 0.021484375