1 0.385 0.339375 0.01125 0.02875
1 0.2978125 0.356875 0.013125 0.03625
1 0.2209375 0.385 0.016875 0.045
1 0.15625 0.43125 0.02625 0.065
1 0.024375 0.539375 0.04875 0.11375
1 0.44375 0.324375 0.01 0.02375
1 0.4875 0.31375 0.0075 0.0225
1 0.4521875 0.30375 0.005625 0.015
1 0.476875 0.306875 0.00625 0.01625
1 0.5 0.3075 0.005 0.0175
1 0.50375 0.309375 0.005 0.01875
0 0.539375 0.4325 0.02375 0.065
0 0.6496875 0.54875 0.050625 0.12
0 0.530625 0.34 0.01125 0.03
0 0.5125 0.386875 0.0175 0.04625
0 0.505625 0.359375 0.01375 0.03625
0 0.5478125 0.3025 0.005625 0.0175
0 0.596875 0.3075 0.00625 0.015
0 0.5946875 0.328125 0.010625 0.02625
0 0.61625 0.3175 0.00625 0.02
0 0.619375 0.31125 0.00625 0.02
0 0.495625 0.298125 0.005 0.01625