1 0.4054783950617284 0.609130859375 0.041666666666666664 0.06396484375
1 0.6483410493827161 0.550048828125 0.024305555555555556 0.02197265625
1 0.6062885802469136 0.5166015625 0.011188271604938271 0.01953125
1 0.8734567901234568 0.584228515625 0.032407407407407406 0.04052734375
1 0.8751929012345679 0.53173828125 0.01273148148148148 0.01953125
0 0.7243441358024691 0.7607421875 0.08989197530864197 0.1298828125
0 0.6259645061728395 0.5791015625 0.02507716049382716 0.0400390625
0 0.47280092592592593 0.537109375 0.01890432098765432 0.0322265625
0 0.8028549382716049 0.6181640625 0.04861111111111111 0.04296875
0 0.7241512345679012 0.53125 0.014660493827160493 0.021484375
0 0.8825231481481481 0.557861328125 0.015817901234567902 0.02978515625