1 0.1528125 0.6225 0.061875 0.1525
1 0.478125 0.45625 0.0275 0.07
1 0.7190625 0.396875 0.016875 0.04625
1 0.795 0.38 0.015 0.0375
1 0.825 0.363125 0.01125 0.03375
1 0.8 0.354375 0.00875 0.02375
1 0.7825 0.345625 0.0075 0.02375
1 0.7771875 0.340625 0.005625 0.02125
1 0.7975 0.335 0.00625 0.02
1 0.8403125 0.328125 0.005625 0.01875
1 0.8709375 0.3225 0.005625 0.0175
1 0.9375 0.310625 0.005 0.01625
1 0.9271875 0.313125 0.004375 0.01375
1 0.91625 0.315 0.00375 0.015
1 0.9065625 0.31625 0.004375 0.015
1 0.8946875 0.318125 0.005625 0.01375
0 0.8940625 0.339375 0.006875 0.02375
0 0.903125 0.34625 0.01 0.025
0 0.9221875 0.354375 0.010625 0.02875
0 0.92625 0.331875 0.00625 0.01875
0 0.9490625 0.32625 0.005625 0.015
0 0.9903125 0.435625 0.018125 0.05875
0 0.985625 0.36625 0.01125 0.0325
0 0.9640625 0.32125 0.005625 0.015
0 0.8609375 0.494375 0.035625 0.08375
0 0.970625 0.63 0.0575 0.1375