1 0.25 0.642333984375 0.05555555555555555 0.08251953125
1 0.4990354938271605 0.548095703125 0.025848765432098766 0.02392578125
1 0.7378472222222222 0.579833984375 0.030478395061728395 0.04052734375
1 0.7067901234567902 0.5234375 0.011574074074074073 0.0185546875
1 0.44405864197530864 0.512451171875 0.012345679012345678 0.02099609375
1 0.9155092592592593 0.53076171875 0.012345679012345678 0.0185546875
1 0.8572530864197531 0.51611328125 0.007716049382716049 0.013671875
0 0.7303240740740741 0.850341796875 0.11419753086419752 0.17724609375
0 0.48900462962962965 0.583740234375 0.02816358024691358 0.04443359375
0 0.310570987654321 0.539794921875 0.023919753086419752 0.03662109375
0 0.6919367283950617 0.621826171875 0.050540123456790126 0.04541015625
0 0.7262731481481481 0.55029296875 0.01890432098765432 0.029296875
0 0.5669367283950617 0.526123046875 0.01427469135802469 0.02197265625
0 0.9386574074074074 0.54541015625 0.019290123456790122 0.0244140625
0 0.8462577160493827 0.521484375 0.009645061728395061 0.015625