1 0.0228125 0.44875 0.025625 0.0625
1 0.14125 0.410625 0.01875 0.04625
1 0.21875 0.38375 0.015 0.0375
1 0.1221875 0.33875 0.009375 0.025
1 0.2296875 0.33 0.008125 0.0225
1 0.3096875 0.359375 0.011875 0.03375
1 0.3275 0.3225 0.00875 0.0225
1 0.3840625 0.34375 0.009375 0.0275
1 0.394375 0.319375 0.00875 0.02375
1 0.435 0.335 0.01 0.025
1 0.4553125 0.323125 0.008125 0.02375
1 0.965625 0.34375 0.0175 0.0225
1 0.8675 0.324375 0.015 0.01875
1 0.8096875 0.3125 0.011875 0.015
1 0.758125 0.3025 0.01 0.0125
1 0.7325 0.298125 0.00875 0.01125
0 0.0053125 0.336875 0.010625 0.02625
0 0.13 0.328125 0.00875 0.02375
0 0.225 0.32125 0.00875 0.0225
0 0.29625 0.31625 0.00875 0.0225
0 0.670625 0.61625 0.0675 0.1525
0 0.3865625 0.3975 0.015625 0.045
0 0.3934375 0.430625 0.023125 0.05875
0 0.408125 0.37625 0.01375 0.0375
0 0.373125 0.31125 0.0075 0.02
0 0.450625 0.31 0.0075 0.0225
0 0.493125 0.355625 0.0125 0.03125
0 0.5121875 0.313125 0.008125 0.02125
0 0.5596875 0.318125 0.008125 0.02375
0 0.5634375 0.338125 0.008125 0.02625
0 0.5946875 0.324375 0.008125 0.02375