1 0.17375 0.57 0.04875 0.125
1 0.1171875 0.47 0.031875 0.08
1 0.03625 0.42875 0.02625 0.0625
1 0.853125 0.376875 0.01 0.03125
1 0.6784375 0.35875 0.009375 0.025
0 0.1084375 0.37875 0.016875 0.0425
0 0.2559375 0.378125 0.018125 0.04375
0 0.331875 0.39125 0.02125 0.0475
0 0.45125 0.423125 0.02625 0.06375
0 0.67375 0.49125 0.03625 0.0925
0 0.845625 0.374375 0.01 0.03125
0 0.8403125 0.365625 0.008125 0.02625
0 0.83125 0.360625 0.0075 0.02375
0 0.82625 0.355 0.00625 0.0225
0 0.8184375 0.34875 0.006875 0.02
0 0.8059375 0.343125 0.005625 0.01875
0 0.6734375 0.356875 0.008125 0.02625