1 0.2765625 0.424375 0.024375 0.06125
1 0.1434375 0.4925 0.038125 0.0925
1 0.380625 0.389375 0.01625 0.04625
1 0.95875 0.345625 0.0125 0.02875
1 0.7628125 0.331875 0.008125 0.02375
1 0.326875 0.3475 0.00875 0.025
1 0.450625 0.368125 0.01125 0.03375
1 0.224375 0.3425 0.01 0.0275
1 0.8834375 0.338125 0.009375 0.02625
1 0.4584375 0.35625 0.009375 0.0325
1 0.4140625 0.349375 0.009375 0.02625
1 0.670625 0.33 0.0075 0.02
0 0.9346875 0.441875 0.026875 0.07125
0 0.7490625 0.466875 0.028125 0.07625
0 0.8234375 0.3975 0.018125 0.0525
0 0.6603125 0.40375 0.019375 0.055
0 0.5803125 0.340625 0.010625 0.02875
0 0.643125 0.385 0.01875 0.045
0 0.6896875 0.3725 0.011875 0.035
0 0.698125 0.36 0.01875 0.045
0 0.616875 0.339375 0.01 0.02625
0 0.47 0.333125 0.0075 0.02375
0 0.524375 0.339375 0.0075 0.02625
0 0.53 0.336875 0.0075 0.02375
0 0.445 0.33875 0.00875 0.025
0 0.6559375 0.349375 0.010625 0.03125
0 0.793125 0.373125 0.01625 0.04125
0 0.8025 0.35625 0.01125 0.0325
0 0.7846875 0.34875 0.010625 0.03