0 0.04296875 0.2671296296296296 0.0140625 0.032407407407407406
0 0.02734375 0.23333333333333334 0.009895833333333333 0.022222222222222223
0 0.015625 0.2152777777777778 0.007291666666666667 0.017592592592592594
1 0.010416666666666666 0.20833333333333334 0.004166666666666667 0.016666666666666666
0 0.11692708333333333 0.22592592592592592 0.0067708333333333336 0.016666666666666666
1 0.14244791666666667 0.22268518518518518 0.0046875 0.013888888888888888
0 0.21119791666666668 0.23796296296296296 0.0067708333333333336 0.016666666666666666
0 0.19114583333333332 0.2712962962962963 0.011458333333333333 0.027777777777777776
1 0.06640625 0.44675925925925924 0.05364583333333333 0.08981481481481482
0 0.2713541666666667 0.3365740740740741 0.019791666666666666 0.04722222222222222
1 0.2947916666666667 0.30277777777777776 0.0125 0.03333333333333333
0 0.27734375 0.26944444444444443 0.008854166666666666 0.025925925925925925
0 0.27369791666666665 0.24768518518518517 0.0067708333333333336 0.017592592592592594
1 0.26640625 0.23842592592592593 0.0046875 0.013888888888888888
0 0.3033854166666667 0.25601851851851853 0.0067708333333333336 0.019444444444444445
0 0.31354166666666666 0.2638888888888889 0.007291666666666667 0.020370370370370372
1 0.35208333333333336 0.25324074074074077 0.00625 0.01574074074074074
1 0.4005208333333333 0.26342592592592595 0.005208333333333333 0.017592592592592594
1 0.39895833333333336 0.2865740740740741 0.008333333333333333 0.025
1 0.4234375 0.2740740740740741 0.00625 0.018518518518518517
0 0.4427083333333333 0.412962962962963 0.025 0.06481481481481481
0 0.8247395833333333 0.7087962962962963 0.07864583333333333 0.1527777777777778