1 0.04635416666666667 0.41203703703703703 0.014583333333333334 0.03148148148148148
1 0.11197916666666667 0.3675925925925926 0.009375 0.020370370370370372
0 0.12734375 0.3541666666666667 0.0078125 0.019444444444444445
1 0.22057291666666667 0.36018518518518516 0.0078125 0.020370370370370372
0 0.26223958333333336 0.34675925925925927 0.0067708333333333336 0.019444444444444445
0 0.2950520833333333 0.3837962962962963 0.0140625 0.03425925925925926
1 0.3028645833333333 0.3587962962962963 0.0078125 0.019444444444444445
1 0.35989583333333336 0.4351851851851852 0.017708333333333333 0.040740740740740744
1 0.375 0.36342592592592593 0.008333333333333333 0.021296296296296296
0 0.3723958333333333 0.3435185185185185 0.007291666666666667 0.020370370370370372
1 0.4265625 0.37222222222222223 0.009375 0.025925925925925925
1 0.4552083333333333 0.39537037037037037 0.008333333333333333 0.03148148148148148
0 0.4765625 0.3458333333333333 0.007291666666666667 0.021296296296296296
1 0.19921875 0.4726851851851852 0.022395833333333334 0.05092592592592592
0 0.32526041666666666 0.5578703703703703 0.04010416666666667 0.08425925925925926
1 0.5916666666666667 0.3416666666666667 0.007291666666666667 0.020370370370370372
0 0.6286458333333333 0.38564814814814813 0.009375 0.03425925925925926
0 0.67890625 0.3648148148148148 0.0109375 0.02962962962962963
0 0.7520833333333333 0.35185185185185186 0.010416666666666666 0.025925925925925925
1 0.7473958333333334 0.3277777777777778 0.007291666666666667 0.018518518518518517
0 0.7776041666666667 0.41712962962962963 0.019791666666666666 0.04537037037037037
0 0.8315104166666667 0.33935185185185185 0.008854166666666666 0.023148148148148147
1 0.8526041666666667 0.3194444444444444 0.007291666666666667 0.018518518518518517
0 0.9127604166666666 0.3333333333333333 0.008854166666666666 0.022222222222222223
1 0.76328125 0.549074074074074 0.0359375 0.08333333333333333