1 0.13385416666666666 0.8791666666666667 0.103125 0.23796296296296296
1 0.17890625 0.4740740740740741 0.025520833333333333 0.09074074074074075
0 0.026822916666666665 0.30277777777777776 0.0171875 0.03888888888888889
1 0.24192708333333332 0.3023148148148148 0.013020833333333334 0.032407407407407406
0 0.5317708333333333 0.425 0.03125 0.06481481481481481
0 0.47552083333333334 0.36203703703703705 0.017708333333333333 0.04259259259259259
0 0.4947916666666667 0.33287037037037037 0.013541666666666667 0.032407407407407406
0 0.5427083333333333 0.31527777777777777 0.0125 0.026851851851851852
0 0.6 0.3101851851851852 0.008333333333333333 0.024074074074074074
1 0.6380208333333334 0.29398148148148145 0.007291666666666667 0.019444444444444445
0 0.6979166666666666 0.31342592592592594 0.008333333333333333 0.023148148148148147
1 0.5059895833333333 0.2865740740740741 0.0078125 0.021296296296296296
1 0.4171875 0.2912037037037037 0.009375 0.025
0 0.93046875 0.5115740740740741 0.03802083333333333 0.08425925925925926
0 0.9166666666666666 0.3768518518518518 0.015625 0.03518518518518519
0 0.9075520833333334 0.3347222222222222 0.009895833333333333 0.023148148148148147
1 0.90390625 0.324537037037037 0.0067708333333333336 0.019444444444444445
0 0.7973958333333333 0.32222222222222224 0.008333333333333333 0.022222222222222223
1 0.7645833333333333 0.3060185185185185 0.00625 0.017592592592592594