0 0.9207427536231884 0.6537842190016103 0.02717391304347826 0.0644122383252818
1 0.9286684782608695 0.5656199677938808 0.014039855072463768 0.026570048309178744
1 0.9533514492753623 0.5656199677938808 0.01358695652173913 0.0249597423510467
0 0.9798460144927537 0.607085346215781 0.025815217391304348 0.04508856682769726
1 0.15557065217391305 0.6694847020933977 0.04121376811594203 0.06843800322061191
1 0.04030797101449275 0.5644122383252818 0.010869565217391304 0.020933977455716585
0 0.06295289855072464 0.5471014492753623 0.009057971014492754 0.018518518518518517
1 0.1370018115942029 0.5507246376811594 0.008605072463768116 0.01932367149758454
1 0.17527173913043478 0.53341384863124 0.005434782608695652 0.010466988727858293
1 0.10982789855072464 0.5370370370370371 0.004981884057971014 0.011272141706924315
1 0.036684782608695655 0.5410628019323671 0.006340579710144928 0.01288244766505636
0 0.21988224637681159 0.5362318840579711 0.00588768115942029 0.014492753623188406
1 0.22826086956521738 0.5309983896940419 0.004528985507246377 0.010466988727858293
1 0.24433876811594202 0.5422705314009661 0.00588768115942029 0.015297906602254429
1 0.27445652173913043 0.5289855072463768 0.0036231884057971015 0.00966183574879227
0 0.3292572463768116 0.5322061191626409 0.004528985507246377 0.01288244766505636
1 0.3353713768115942 0.537842190016103 0.004981884057971014 0.01288244766505636
1 0.3509963768115942 0.5579710144927537 0.008152173913043478 0.020933977455716585
1 0.4057971014492754 0.5366344605475041 0.005434782608695652 0.013687600644122383
0 0.416213768115942 0.5309983896940419 0.004528985507246377 0.013687600644122383
1 0.47282608695652173 0.5374396135265701 0.005434782608695652 0.012077294685990338
0 0.49773550724637683 0.5322061191626409 0.004528985507246377 0.01288244766505636
1 0.5489130434782609 0.538244766505636 0.005434782608695652 0.015297906602254429
0 0.5962409420289855 0.534219001610306 0.004981884057971014 0.013687600644122383
1 0.6161684782608695 0.5410628019323671 0.006793478260869565 0.01610305958132045
1 0.6614583333333334 0.5483091787439613 0.007699275362318841 0.020933977455716585
1 0.6408514492753623 0.6018518518518519 0.019021739130434784 0.0426731078904992
1 0.4458786231884058 0.644122383252818 0.0276268115942029 0.061191626409017714
1 0.6897644927536232 0.5668276972624798 0.012681159420289856 0.028985507246376812
0 0.6915760869565217 0.535829307568438 0.006340579710144928 0.016908212560386472
0 0.7658514492753623 0.5475040257648953 0.008152173913043478 0.02254428341384863
0 0.7742300724637681 0.5503220611916264 0.009510869565217392 0.023349436392914653