0 0.38269927536231885 0.5615942028985508 0.01177536231884058 0.029790660225442835
0 0.3795289855072464 0.5414653784219001 0.007246376811594203 0.018518518518518517
0 0.311820652173913 0.5165056360708534 0.004076086956521739 0.010466988727858293
0 0.35122282608695654 0.5169082125603864 0.004076086956521739 0.00966183574879227
1 0.38858695652173914 0.5157004830917874 0.0036231884057971015 0.008856682769726247
1 0.4257246376811594 0.5152979066022544 0.0036231884057971015 0.00966183574879227
0 0.40964673913043476 0.5285829307568438 0.00588768115942029 0.015297906602254429
1 0.46105072463768115 0.5144927536231884 0.0036231884057971015 0.008051529790660225
0 0.46535326086956524 0.5209339774557166 0.004981884057971014 0.011272141706924315
1 0.47758152173913043 0.538647342995169 0.007699275362318841 0.01610305958132045
1 0.48618659420289856 0.5301932367149759 0.00588768115942029 0.015297906602254429
1 0.4963768115942029 0.5136876006441223 0.0036231884057971015 0.008051529790660225
1 0.5208333333333334 0.5253623188405797 0.004528985507246377 0.010466988727858293
0 0.5194746376811594 0.5169082125603864 0.0036231884057971015 0.01288244766505636
1 0.5307971014492754 0.5132850241545893 0.0036231884057971015 0.007246376811594203
1 0.5278532608695652 0.5495169082125604 0.010416666666666666 0.023349436392914653
1 0.5602355072463768 0.5213365539452496 0.004528985507246377 0.010466988727858293
1 0.5656702898550725 0.5136876006441223 0.0036231884057971015 0.008051529790660225
0 0.598052536231884 0.5157004830917874 0.004981884057971014 0.012077294685990338
1 0.6179800724637681 0.5201288244766505 0.004076086956521739 0.00966183574879227
1 0.629302536231884 0.5132850241545893 0.003170289855072464 0.007246376811594203
1 0.6603260869565217 0.5128824476650563 0.0036231884057971015 0.008051529790660225
1 0.6911231884057971 0.5144927536231884 0.0036231884057971015 0.008051529790660225
0 0.6754981884057971 0.5173107890499195 0.004981884057971014 0.012077294685990338
1 0.6825181159420289 0.5209339774557166 0.004528985507246377 0.011272141706924315
1 0.7210144927536232 0.5140901771336553 0.0036231884057971015 0.007246376811594203
1 0.7432065217391305 0.5229468599033816 0.005434782608695652 0.010466988727858293
0 0.7524909420289855 0.5189210950080515 0.004981884057971014 0.012077294685990338
1 0.7022192028985508 0.5318035426731079 0.00588768115942029 0.015297906602254429
0 0.5253623188405797 0.5817230273752013 0.014492753623188406 0.03784219001610306
0 0.5656702898550725 0.5853462157809984 0.015398550724637682 0.040257648953301126
1 0.59375 0.6698872785829307 0.034420289855072464 0.07407407407407407
1 0.6247735507246377 0.6517713365539453 0.030344202898550724 0.06360708534621579
1 0.6340579710144928 0.5603864734299517 0.012681159420289856 0.02576489533011272
1 0.7751358695652174 0.5672302737520128 0.014945652173913044 0.03140096618357488
1 0.8100090579710145 0.5265700483091788 0.00588768115942029 0.011272141706924315
0 0.8401268115942029 0.5229468599033816 0.005434782608695652 0.013687600644122383
1 0.8971920289855072 0.5314009661835749 0.006340579710144928 0.01288244766505636
0 0.9689764492753623 0.5301932367149759 0.007699275362318841 0.015297906602254429
1 0.9791666666666666 0.534621578099839 0.007246376811594203 0.017713365539452495