0 0.9064764492753623 0.7338969404186796 0.04755434782608696 0.10547504025764895
0 0.8903985507246377 0.6203703703703703 0.03170289855072464 0.05394524959742351
0 0.9884510869565217 0.5909822866344605 0.022192028985507248 0.04186795491143317
1 0.9538043478260869 0.5539452495974235 0.014492753623188406 0.02576489533011272
1 0.8104619565217391 0.5607890499194848 0.013134057971014492 0.02818035426731079
1 0.7905344202898551 0.5623993558776168 0.013134057971014492 0.02818035426731079
0 0.6428894927536232 0.5531400966183575 0.010416666666666666 0.02576489533011272
0 0.6331521739130435 0.5507246376811594 0.009963768115942028 0.024154589371980676
1 0.5593297101449275 0.5825281803542673 0.014492753623188406 0.036231884057971016
0 0.5529891304347826 0.537842190016103 0.008152173913043478 0.01932367149758454
1 0.5226449275362319 0.5563607085346216 0.009963768115942028 0.02576489533011272
1 0.4698822463768116 0.5471014492753623 0.008605072463768116 0.020128824476650563
0 0.44882246376811596 0.538244766505636 0.006340579710144928 0.016908212560386472
1 0.3917572463768116 0.5462962962962963 0.007246376811594203 0.016908212560386472
1 0.49841485507246375 0.6570048309178744 0.03125 0.06763285024154589
1 0.036005434782608696 0.8776167471819646 0.07201086956521739 0.17713365539452497
1 0.06997282608695653 0.5933977455716586 0.016757246376811596 0.033816425120772944
1 0.007019927536231884 0.5475040257648953 0.00588768115942029 0.01288244766505636
1 0.07993659420289854 0.5414653784219001 0.00588768115942029 0.012077294685990338
1 0.08922101449275362 0.5587761674718197 0.008152173913043478 0.017713365539452495
0 0.08718297101449275 0.5491143317230274 0.00588768115942029 0.017713365539452495
1 0.14130434782608695 0.538244766505636 0.004528985507246377 0.010466988727858293
1 0.192481884057971 0.534621578099839 0.004528985507246377 0.00966183574879227
1 0.20448369565217392 0.5515297906602254 0.006793478260869565 0.01610305958132045
0 0.2259963768115942 0.5414653784219001 0.006340579710144928 0.016908212560386472
1 0.2980072463768116 0.5487117552334944 0.006340579710144928 0.015297906602254429
0 0.333786231884058 0.5402576489533011 0.005434782608695652 0.014492753623188406