0 0.96953125 0.9208333333333333 0.059895833333333336 0.15648148148148147
0 0.49895833333333334 0.46805555555555556 0.0375 0.0787037037037037
1 0.0203125 0.5166666666666667 0.040625 0.1111111111111111
0 0.06041666666666667 0.30092592592592593 0.01875 0.04259259259259259
1 0.06640625 0.27175925925925926 0.0109375 0.032407407407407406
0 0.025 0.24027777777777778 0.010416666666666666 0.025
0 0.004427083333333333 0.2162037037037037 0.008854166666666666 0.019444444444444445
0 0.04453125 0.22546296296296298 0.008854166666666666 0.019444444444444445
0 0.06041666666666667 0.23287037037037037 0.009375 0.021296296296296296
1 0.096875 0.2222222222222222 0.00625 0.016666666666666666
1 0.15494791666666666 0.23287037037037037 0.0067708333333333336 0.017592592592592594
1 0.16432291666666668 0.2550925925925926 0.008854166666666666 0.025
1 0.1828125 0.24351851851851852 0.007291666666666667 0.020370370370370372
0 0.24401041666666667 0.3523148148148148 0.0203125 0.049074074074074076