0 0.5618206521739131 0.6964573268921095 0.0384963768115942 0.08051529790660225
0 0.5104166666666666 0.6694847020933977 0.03351449275362319 0.07004830917874397
1 0.5840126811594203 0.604669887278583 0.01947463768115942 0.04186795491143317
0 0.6168478260869565 0.6010466988727858 0.018115942028985508 0.03784219001610306
0 0.6159420289855072 0.5623993558776168 0.01177536231884058 0.023349436392914653
0 0.6383605072463768 0.5462962962962963 0.008605072463768116 0.018518518518518517
0 0.35280797101449274 0.5809178743961353 0.015398550724637682 0.03140096618357488
0 0.18953804347826086 0.5756843800322061 0.014039855072463768 0.030595813204508857
0 0.10892210144927536 0.5644122383252818 0.014945652173913044 0.027375201288244767
0 0.11526268115942029 0.5523349436392915 0.008605072463768116 0.02254428341384863
1 0.07948369565217392 0.6457326892109501 0.033967391304347824 0.0644122383252818
1 0.06680253623188406 0.7536231884057971 0.05480072463768116 0.1111111111111111
1 0.15579710144927536 0.5297906602254429 0.004528985507246377 0.01288244766505636
0 0.21942934782608695 0.5314009661835749 0.006793478260869565 0.01610305958132045
1 0.250679347826087 0.5237520128824477 0.004981884057971014 0.010466988727858293
0 0.28917572463768115 0.5241545893719807 0.00588768115942029 0.01288244766505636
1 0.33967391304347827 0.5197262479871175 0.004528985507246377 0.010466988727858293
0 0.35688405797101447 0.5225442834138486 0.004528985507246377 0.011272141706924315
0 0.4947916666666667 0.5752818035426731 0.010416666666666666 0.02818035426731079
0 0.6148097826086957 0.535024154589372 0.00588768115942029 0.015297906602254429
1 0.6908967391304348 0.534621578099839 0.004981884057971014 0.014492753623188406
1 0.744338768115942 0.5511272141706924 0.008605072463768116 0.020128824476650563
1 0.7586050724637681 0.5776972624798712 0.01358695652173913 0.02818035426731079
1 0.042572463768115944 0.5418679549114331 0.006340579710144928 0.017713365539452495
0 0.40964673913043476 0.5366344605475041 0.00588768115942029 0.015297906602254429
0 0.5332880434782609 0.5253623188405797 0.004981884057971014 0.012077294685990338
0 0.5742753623188406 0.5293880837359098 0.005434782608695652 0.012077294685990338
0 0.479393115942029 0.5229468599033816 0.003170289855072464 0.010466988727858293
1 0.499320652173913 0.5201288244766505 0.0022644927536231885 0.00966183574879227
1 0.41938405797101447 0.5197262479871175 0.002717391304347826 0.010466988727858293
0 0.4155344202898551 0.5225442834138486 0.003170289855072464 0.00966183574879227
1 0.5688405797101449 0.5233494363929146 0.0036231884057971015 0.011272141706924315