1 0.11067708333333333 0.5337962962962963 0.059895833333333336 0.11018518518518519
1 0.02421875 0.4041666666666667 0.0328125 0.06759259259259259
1 0.03411458333333333 0.22685185185185186 0.005729166666666666 0.016666666666666666
0 0.06744791666666666 0.23842592592592593 0.0067708333333333336 0.017592592592592594
0 0.1578125 0.29953703703703705 0.014583333333333334 0.032407407407407406
0 0.15520833333333334 0.26296296296296295 0.008333333333333333 0.022222222222222223
0 0.15078125 0.24537037037037038 0.0067708333333333336 0.016666666666666666
1 0.14817708333333332 0.23842592592592593 0.0036458333333333334 0.013888888888888888
0 0.24192708333333332 0.25462962962962965 0.005729166666666666 0.016666666666666666
1 0.26640625 0.25046296296296294 0.0046875 0.013888888888888888
0 0.3020833333333333 0.3023148148148148 0.010416666666666666 0.028703703703703703
0 0.3294270833333333 0.2657407407407407 0.005729166666666666 0.016666666666666666
1 0.3828125 0.2662037037037037 0.004166666666666667 0.013888888888888888
0 0.38776041666666666 0.2763888888888889 0.0067708333333333336 0.017592592592592594
0 0.3885416666666667 0.300462962962963 0.009375 0.025
0 0.41692708333333334 0.2851851851851852 0.0067708333333333336 0.018518518518518517
0 0.42526041666666664 0.29259259259259257 0.0078125 0.022222222222222223
1 0.4010416666666667 0.3384259259259259 0.014583333333333334 0.03611111111111111
0 0.3692708333333333 0.37916666666666665 0.020833333333333332 0.05092592592592592
1 0.4661458333333333 0.28055555555555556 0.007291666666666667 0.016666666666666666
1 0.5145833333333333 0.29212962962962963 0.00625 0.017592592592592594
1 0.5122395833333333 0.31851851851851853 0.0078125 0.025925925925925925
1 0.53828125 0.3037037037037037 0.0067708333333333336 0.022222222222222223
0 0.5580729166666667 0.4912037037037037 0.030729166666666665 0.0787037037037037