0 0.8131793478260869 0.894122383252818 0.07472826086956522 0.18760064412238325
1 0.11118659420289854 0.6622383252818036 0.035778985507246376 0.071658615136876
1 0.043251811594202896 0.6086956521739131 0.028532608695652172 0.04669887278582931
0 0.10326086956521739 0.5571658615136876 0.012681159420289856 0.02576489533011272
0 0.2669836956521739 0.571658615136876 0.013134057971014492 0.0322061191626409
0 0.29506340579710144 0.5744766505636071 0.014039855072463768 0.033011272141706925
1 0.3041213768115942 0.5523349436392915 0.009510869565217392 0.02254428341384863
1 0.32472826086956524 0.5519323671497585 0.008152173913043478 0.018518518518518517
0 0.34533514492753625 0.5253623188405797 0.004981884057971014 0.013687600644122383
0 0.3278985507246377 0.5189210950080515 0.0036231884057971015 0.010466988727858293
0 0.3267663043478261 0.5366344605475041 0.004981884057971014 0.012077294685990338
1 0.41847826086956524 0.5249597423510467 0.004528985507246377 0.014492753623188406
0 0.4617300724637681 0.5978260869565217 0.018568840579710144 0.0426731078904992