0 0.8439764492753623 0.7818035426731079 0.05480072463768116 0.12077294685990338
0 0.8106884057971014 0.642512077294686 0.028079710144927536 0.05636070853462158
0 0.865036231884058 0.5978260869565217 0.02355072463768116 0.03784219001610306
1 0.8426177536231884 0.5579710144927537 0.012228260869565218 0.024154589371980676
1 0.6920289855072463 0.5764895330112721 0.014492753623188406 0.028985507246376812
0 0.9909420289855072 0.5748792270531401 0.017210144927536232 0.033816425120772944
1 0.5640851449275363 0.6123188405797102 0.018568840579710144 0.039452495974235106
1 0.5826539855072463 0.605877616747182 0.016757246376811596 0.039452495974235106
1 0.005434782608695652 0.6360708534621579 0.010869565217391304 0.04186795491143317
0 0.005434782608695652 0.6038647342995169 0.010869565217391304 0.028985507246376812
1 0.09669384057971014 0.6606280193236715 0.029438405797101448 0.05877616747181964
1 0.11209239130434782 0.7862318840579711 0.05570652173913043 0.11352657004830918
0 0.213768115942029 0.5913848631239935 0.01358695652173913 0.029790660225442835
0 0.34216485507246375 0.6107085346215781 0.017663043478260868 0.039452495974235106
0 0.3584692028985507 0.6163446054750402 0.01947463768115942 0.04106280193236715