1 0.307518115942029 0.6847826086956522 0.03804347826086957 0.07648953301127215
1 0.358695652173913 0.5942028985507246 0.01358695652173913 0.040257648953301126
1 0.11979166666666667 0.5680354267310789 0.013134057971014492 0.0249597423510467
0 0.2028985507246377 0.5539452495974235 0.009057971014492754 0.020933977455716585
1 0.23709239130434784 0.5623993558776168 0.012228260869565218 0.0249597423510467
1 0.3070652173913043 0.5688405797101449 0.012681159420289856 0.029790660225442835
0 0.3351449275362319 0.5471014492753623 0.010869565217391304 0.021739130434782608
0 0.4336503623188406 0.5579710144927537 0.011322463768115942 0.02576489533011272
0 0.422554347826087 0.5555555555555556 0.010869565217391304 0.02576489533011272
1 0.5597826086956522 0.5583735909822867 0.012681159420289856 0.026570048309178744
1 0.5742753623188406 0.5555555555555556 0.01177536231884058 0.02576489533011272
0 0.6745923913043478 0.6863929146537843 0.034873188405797104 0.08132045088566828
0 0.6442481884057971 0.5994363929146538 0.013134057971014492 0.04428341384863124
1 0.6641757246376812 0.5434782608695652 0.010416666666666666 0.020933977455716585
0 0.6920289855072463 0.5692431561996779 0.014492753623188406 0.033816425120772944
0 0.764266304347826 0.5531400966183575 0.013134057971014492 0.027375201288244767
1 0.7921195652173914 0.533011272141707 0.009963768115942028 0.01932367149758454
0 0.8752264492753623 0.5422705314009661 0.014039855072463768 0.026570048309178744
1 0.9440670289855072 0.5285829307568438 0.010416666666666666 0.020128824476650563
0 0.015172101449275362 0.5660225442834138 0.010416666666666666 0.020933977455716585