1 0.53203125 0.5666666666666667 0.04114583333333333 0.08888888888888889
1 0.24739583333333334 0.5078703703703704 0.030208333333333334 0.062037037037037036
1 0.1765625 0.45925925925925926 0.020833333333333332 0.044444444444444446
1 0.19114583333333332 0.43425925925925923 0.017708333333333333 0.037037037037037035
1 0.4744791666666667 0.37175925925925923 0.010416666666666666 0.019444444444444445
1 0.4005208333333333 0.37962962962962965 0.008333333333333333 0.018518518518518517
1 0.23489583333333333 0.41388888888888886 0.0125 0.027777777777777776
1 0.2903645833333333 0.399537037037037 0.008854166666666666 0.023148148148148147
0 0.05703125 0.4222222222222222 0.0109375 0.025925925925925925
0 0.1609375 0.4027777777777778 0.007291666666666667 0.020370370370370372
0 0.33046875 0.37777777777777777 0.005729166666666666 0.014814814814814815
0 0.52734375 0.3592592592592593 0.0046875 0.014814814814814815
1 0.5588541666666667 0.3648148148148148 0.00625 0.016666666666666666
0 0.625 0.35324074074074074 0.00625 0.01574074074074074
1 0.6421875 0.3587962962962963 0.00625 0.01574074074074074
1 0.72578125 0.35648148148148145 0.005729166666666666 0.016666666666666666
0 0.7234375 0.3486111111111111 0.004166666666666667 0.01574074074074074
1 0.8229166666666666 0.3527777777777778 0.007291666666666667 0.018518518518518517
0 0.8388020833333333 0.3453703703703704 0.005729166666666666 0.014814814814814815
1 0.9244791666666666 0.3527777777777778 0.008333333333333333 0.018518518518518517
0 0.9609375 0.3449074074074074 0.007291666666666667 0.017592592592592594
0 0.4234375 0.3680555555555556 0.005208333333333333 0.01574074074074074