1 0.12005208333333334 0.3337962962962963 0.0109375 0.026851851851851852
0 0.14765625 0.3194444444444444 0.008854166666666666 0.024074074074074074
1 0.25338541666666664 0.3314814814814815 0.009895833333333333 0.025925925925925925
0 0.31328125 0.3138888888888889 0.008854166666666666 0.024074074074074074
0 0.27291666666666664 0.3990740740740741 0.021875 0.05
1 0.3606770833333333 0.3347222222222222 0.011979166666666667 0.026851851851851852
1 0.434375 0.34629629629629627 0.0125 0.02962962962962963
0 0.44921875 0.31805555555555554 0.009895833333333333 0.025
1 0.49140625 0.3685185185185185 0.016145833333333335 0.037037037037037035
1 0.4942708333333333 0.4101851851851852 0.019791666666666666 0.05
1 0.3671875 0.5041666666666667 0.03854166666666667 0.0787037037037037
0 0.8080729166666667 0.6157407407407407 0.034895833333333334 0.12407407407407407
1 0.9190104166666667 0.36944444444444446 0.018229166666666668 0.040740740740740744
0 0.69375 0.3527777777777778 0.014583333333333334 0.03518518518518519
0 0.5653645833333333 0.3287037037037037 0.0109375 0.027777777777777776