0 0.05078125 0.7476851851851852 0.08489583333333334 0.16203703703703703
1 0.8778645833333333 0.48935185185185187 0.0390625 0.0787037037037037
1 0.5104166666666666 0.47314814814814815 0.03229166666666667 0.06851851851851852
1 0.2721354166666667 0.4337962962962963 0.022395833333333334 0.05277777777777778
1 0.20052083333333334 0.3962962962962963 0.015625 0.037037037037037035
1 0.20833333333333334 0.3763888888888889 0.0125 0.030555555555555555
1 0.24401041666666667 0.35833333333333334 0.008854166666666666 0.024074074074074074
0 0.16927083333333334 0.34814814814814815 0.00625 0.018518518518518517
0 0.07604166666666666 0.36574074074074076 0.008333333333333333 0.024074074074074074
1 0.29322916666666665 0.3458333333333333 0.00625 0.019444444444444445
0 0.32864583333333336 0.325 0.005208333333333333 0.016666666666666666
1 0.3958333333333333 0.3287037037037037 0.005208333333333333 0.016666666666666666
1 0.46640625 0.3199074074074074 0.005729166666666666 0.017592592592592594
1 0.8919270833333334 0.3037037037037037 0.0078125 0.018518518518518517
0 0.9294270833333333 0.2962962962962963 0.0067708333333333336 0.018518518518518517
0 0.8153645833333333 0.2962962962962963 0.005729166666666666 0.016666666666666666
1 0.79765625 0.30416666666666664 0.0067708333333333336 0.01574074074074074
1 0.6270833333333333 0.3074074074074074 0.005208333333333333 0.014814814814814815
1 0.54765625 0.31342592592592594 0.005729166666666666 0.01574074074074074
0 0.5169270833333334 0.30833333333333335 0.0046875 0.012962962962962963
0 0.41848958333333336 0.3162037037037037 0.0046875 0.01574074074074074
0 0.6114583333333333 0.30277777777777776 0.004166666666666667 0.014814814814814815
1 0.7065104166666667 0.30462962962962964 0.0046875 0.014814814814814815
0 0.7065104166666667 0.29444444444444445 0.0026041666666666665 0.005555555555555556