1 0.34010416666666665 0.5398148148148149 0.042708333333333334 0.09074074074074075
1 0.6213541666666667 0.4148148148148148 0.020833333333333332 0.04814814814814815
0 0.7013020833333333 0.3148148148148148 0.0078125 0.020370370370370372
0 0.7260416666666667 0.33101851851851855 0.009375 0.025
0 0.73046875 0.30648148148148147 0.0067708333333333336 0.016666666666666666
0 0.7901041666666667 0.30277777777777776 0.005208333333333333 0.016666666666666666
1 0.8151041666666666 0.3194444444444444 0.007291666666666667 0.020370370370370372
1 0.8278645833333333 0.31342592592592594 0.0067708333333333336 0.019444444444444445
1 0.846875 0.33101851851851855 0.010416666666666666 0.025
1 0.8661458333333333 0.30925925925925923 0.00625 0.018518518518518517
0 0.8875 0.3023148148148148 0.00625 0.017592592592592594
1 0.93828125 0.3087962962962963 0.0067708333333333336 0.017592592592592594
1 0.94765625 0.3439814814814815 0.013020833333333334 0.028703703703703703
0 0.9229166666666667 0.4842592592592593 0.036458333333333336 0.07222222222222222
0 0.85546875 0.6421296296296296 0.05364583333333333 0.125
1 0.8083333333333333 0.37453703703703706 0.016666666666666666 0.03611111111111111
0 0.81328125 0.3509259259259259 0.0078125 0.02962962962962963