0 0.9406702898550725 0.6936392914653784 0.04528985507246377 0.07809983896940419
0 0.9773550724637681 0.6332528180354268 0.028079710144927536 0.04911433172302738
1 0.9608242753623188 0.5785024154589372 0.01585144927536232 0.02818035426731079
0 0.96875 0.5611916264090178 0.01177536231884058 0.024154589371980676
1 0.9719202898550725 0.5471014492753623 0.008152173913043478 0.018518518518518517
1 0.948822463768116 0.534621578099839 0.004528985507246377 0.01288244766505636
0 0.9329710144927537 0.5273752012882448 0.004528985507246377 0.011272141706924315
1 0.9302536231884058 0.5394524959742351 0.006340579710144928 0.01288244766505636
0 0.9377264492753623 0.5583735909822867 0.009510869565217392 0.021739130434782608
1 0.9320652173913043 0.5785024154589372 0.015398550724637682 0.02818035426731079
0 0.863677536231884 0.5297906602254429 0.005434782608695652 0.011272141706924315
0 0.8326539855072463 0.5446859903381642 0.007699275362318841 0.015297906602254429
0 0.8331068840579711 0.534219001610306 0.00588768115942029 0.013687600644122383
0 0.8070652173913043 0.5193236714975845 0.0036231884057971015 0.008051529790660225
0 0.7706068840579711 0.5185185185185185 0.003170289855072464 0.008051529790660225
0 0.514266304347826 0.5225442834138486 0.003170289855072464 0.00966183574879227
0 0.35031702898550726 0.533816425120773 0.004076086956521739 0.01288244766505636
1 0.29347826086956524 0.927133655394525 0.0625 0.14412238325281804
1 0.6238677536231884 0.6272141706924316 0.021286231884057972 0.04830917874396135
1 0.7529438405797102 0.5845410628019324 0.013134057971014492 0.030595813204508857
1 0.8897192028985508 0.5209339774557166 0.003170289855072464 0.008051529790660225
1 0.8466938405797102 0.5201288244766505 0.003170289855072464 0.008051529790660225
1 0.9368206521739131 0.5225442834138486 0.004076086956521739 0.008051529790660225
1 0.9889039855072463 0.5241545893719807 0.004076086956521739 0.008051529790660225