0 0.5848958333333333 0.5138888888888888 0.0020833333333333333 0.005555555555555556
1 0.5411458333333333 0.5148148148148148 0.0020833333333333333 0.005555555555555556
0 0.5885416666666666 0.5148148148148148 0.0020833333333333333 0.005555555555555556
1 0.5401041666666667 0.5166666666666667 0.003125 0.007407407407407408
0 0.5916666666666667 0.5166666666666667 0.0020833333333333333 0.007407407407407408
0 0.5973958333333333 0.5185185185185185 0.003125 0.007407407407407408
1 0.5375 0.5212962962962963 0.003125 0.009259259259259259
0 0.603125 0.5231481481481481 0.003125 0.009259259259259259
1 0.5338541666666666 0.525 0.004166666666666667 0.009259259259259259
0 0.6052083333333333 0.5268518518518519 0.004166666666666667 0.009259259259259259
1 0.5291666666666667 0.5296296296296297 0.004166666666666667 0.011111111111111112
0 0.6135416666666667 0.5314814814814814 0.004166666666666667 0.011111111111111112
1 0.5260416666666666 0.5351851851851852 0.005208333333333333 0.012962962962962963
0 0.6203125 0.5361111111111111 0.005208333333333333 0.009259259259259259
0 0.6291666666666667 0.5407407407407407 0.00625 0.012962962962962963
1 0.5197916666666667 0.5425925925925926 0.00625 0.014814814814814815
1 0.5151041666666667 0.55 0.007291666666666667 0.018518518518518517
0 0.6395833333333333 0.5509259259259259 0.00625 0.016666666666666666
0 0.3026041666666667 0.5518518518518518 0.008333333333333333 0.018518518518518517
1 0.5072916666666667 0.562037037037037 0.008333333333333333 0.022222222222222223
0 0.65 0.562962962962963 0.010416666666666666 0.018518518518518517
0 0.45625 0.5648148148148148 0.011458333333333333 0.022222222222222223
1 0.4979166666666667 0.5777777777777777 0.010416666666666666 0.025925925925925925
0 0.7666666666666667 0.5796296296296296 0.0125 0.027777777777777776
1 0.2989583333333333 0.5805555555555556 0.0125 0.027777777777777776
0 0.678125 0.5824074074074074 0.0125 0.027777777777777776
1 0.48020833333333335 0.6046296296296296 0.014583333333333334 0.03518518518518519
0 0.7135416666666666 0.6074074074074074 0.01875 0.037037037037037035
1 0.45 0.6444444444444445 0.022916666666666665 0.05
0 0.775 0.6481481481481481 0.025 0.05
1 0.66875 0.6722222222222223 0.029166666666666667 0.06111111111111111
1 0.15208333333333332 0.674074074074074 0.03125 0.06111111111111111
0 0.971875 0.7777777777777778 0.05 0.1037037037037037
1 0.3541666666666667 0.7925925925925926 0.04895833333333333 0.1037037037037037