0 0.9890625 0.5652777777777778 0.0140625 0.030555555555555555
0 0.8296875 0.5861111111111111 0.015625 0.03333333333333333
0 0.8 0.6041666666666666 0.01875 0.044444444444444446
0 0.925 0.6430555555555556 0.03125 0.06666666666666667
0 0.5421875 0.5548611111111111 0.003125 0.009722222222222222
0 0.4625 0.5590277777777778 0.003125 0.009722222222222222
0 0.37109375 0.5652777777777778 0.0046875 0.011111111111111112
0 0.646875 0.5444444444444444 0.0046875 0.011111111111111112
0 0.957421875 0.5222222222222223 0.00546875 0.013888888888888888
0 0.831640625 0.5291666666666667 0.00546875 0.013888888888888888
0 0.751953125 0.5347222222222222 0.00546875 0.013888888888888888
0 0.71484375 0.5381944444444444 0.00625 0.015277777777777777