0 0.59765625 0.5199074074074074 0.0036458333333333334 0.008333333333333333
0 0.60234375 0.5226851851851851 0.0026041666666666665 0.008333333333333333
1 0.5341145833333333 0.525 0.0036458333333333334 0.009259259259259259
0 0.6052083333333333 0.5273148148148148 0.004166666666666667 0.010185185185185186
1 0.5296875 0.5296296296296297 0.004166666666666667 0.011111111111111112
0 0.6135416666666667 0.5314814814814814 0.004166666666666667 0.011111111111111112
0 0.6208333333333333 0.5351851851851852 0.00625 0.012962962962962963
1 0.5270833333333333 0.5351851851851852 0.004166666666666667 0.011111111111111112
0 0.6291666666666667 0.5416666666666666 0.00625 0.012962962962962963
1 0.5203125 0.5421296296296296 0.005208333333333333 0.013888888888888888
1 0.515625 0.55 0.00625 0.018518518518518517
0 0.640625 0.5509259259259259 0.008333333333333333 0.016666666666666666
0 0.6505208333333333 0.562962962962963 0.008333333333333333 0.022222222222222223
1 0.5072916666666667 0.562962962962963 0.010416666666666666 0.020370370370370372
1 0.4979166666666667 0.5777777777777777 0.010416666666666666 0.025925925925925925
0 0.678125 0.5833333333333334 0.0125 0.02962962962962963
1 0.4796875 0.6055555555555555 0.014583333333333334 0.03333333333333333
0 0.7135416666666666 0.6074074074074074 0.016666666666666666 0.037037037037037035
1 0.45 0.6444444444444445 0.01875 0.05
0 0.771875 0.6476851851851851 0.016666666666666666 0.049074074074074076
0 0.9708333333333333 0.7768518518518519 0.05416666666666667 0.1
1 0.35390625 0.7925925925925926 0.0453125 0.1037037037037037
1 0.5375 0.5208333333333334 0.003125 0.008333333333333333