1 0.5416666666666666 0.512962962962963 0.0020833333333333333 0.007407407407407408
0 0.5885416666666666 0.5148148148148148 0.0020833333333333333 0.007407407407407408
1 0.5395833333333333 0.5166666666666667 0.003125 0.007407407407407408
0 0.5916666666666667 0.5166666666666667 0.003125 0.007407407407407408
0 0.5979166666666667 0.5185185185185185 0.003125 0.007407407407407408
1 0.5375 0.5203703703703704 0.004166666666666667 0.007407407407407408
0 0.6026041666666667 0.5231481481481481 0.003125 0.009259259259259259
1 0.5338541666666666 0.524074074074074 0.004166666666666667 0.011111111111111112
0 0.6052083333333333 0.5277777777777778 0.004166666666666667 0.011111111111111112
1 0.5296875 0.5296296296296297 0.004166666666666667 0.011111111111111112
0 0.6135416666666667 0.5314814814814814 0.004166666666666667 0.011111111111111112
1 0.5265625 0.5351851851851852 0.005208333333333333 0.012962962962962963
0 0.6208333333333333 0.5351851851851852 0.005208333333333333 0.011111111111111112
0 0.6291666666666667 0.5407407407407407 0.00625 0.014814814814814815
1 0.5208333333333334 0.5425925925925926 0.00625 0.014814814814814815
1 0.515625 0.55 0.00625 0.016666666666666666
0 0.6401041666666667 0.55 0.007291666666666667 0.014814814814814815
0 0.340625 0.5518518518518518 0.008333333333333333 0.018518518518518517
1 0.5078125 0.562962962962963 0.008333333333333333 0.022222222222222223
0 0.428125 0.5666666666666667 0.009375 0.022222222222222223
1 0.4822916666666667 0.5740740740740741 0.010416666666666666 0.024074074074074074
1 0.36875 0.5805555555555556 0.010416666666666666 0.025925925925925925
0 0.6901041666666666 0.5879629629629629 0.013541666666666667 0.02962962962962963
1 0.45729166666666665 0.5944444444444444 0.014583333333333334 0.02962962962962963
0 0.5354166666666667 0.6074074074074074 0.016666666666666666 0.037037037037037035
0 0.95 0.6148148148148148 0.01875 0.040740740740740744
1 0.39895833333333336 0.6601851851851852 0.022916666666666665 0.05555555555555555
1 0.4869791666666667 0.6611111111111111 0.022916666666666665 0.05555555555555555
1 0.7708333333333334 0.7027777777777777 0.03125 0.06666666666666667
1 0.22864583333333333 0.7342592592592593 0.035416666666666666 0.08333333333333333
0 0.7036458333333333 0.7962962962962963 0.04895833333333333 0.10740740740740741
0 0.62109375 0.5652777777777778 0.005729166666666666 0.025