0 0.4984375 0.575 0.0140625 0.03888888888888889
0 0.6390625 0.6055555555555555 0.021875 0.05
0 0.7734375 0.7111111111111111 0.05 0.09722222222222222
1 0.340625 0.5951388888888889 0.015625 0.043055555555555555
1 0.371875 0.6194444444444445 0.021875 0.05
1 0.315625 0.7111111111111111 0.0375 0.09166666666666666
0 0.19765625 0.5680555555555555 0.0125 0.030555555555555555
0 0.31015625 0.5680555555555555 0.0140625 0.03333333333333333
1 0.1546875 0.5972222222222222 0.0171875 0.03888888888888889
1 0.0140625 0.5909722222222222 0.0171875 0.04027777777777778
0 0.021484375 0.5638888888888889 0.01015625 0.027777777777777776
0 0.1140625 0.5666666666666667 0.0140625 0.03333333333333333