0 0.958203125 0.9034722222222222 0.08203125 0.19027777777777777
1 0.841015625 0.5840277777777778 0.01953125 0.043055555555555555
1 0.72421875 0.6291666666666667 0.0265625 0.06111111111111111
1 0.323828125 0.7458333333333333 0.05546875 0.10833333333333334
1 0.869140625 0.5458333333333333 0.01171875 0.027777777777777776
1 0.887109375 0.5576388888888889 0.01484375 0.034722222222222224
0 0.84921875 0.5305555555555556 0.009375 0.022222222222222223
0 0.7625 0.5263888888888889 0.0109375 0.025
0 0.702734375 0.5243055555555556 0.00859375 0.018055555555555554
1 0.73828125 0.5395833333333333 0.0109375 0.02638888888888889
1 0.65078125 0.5333333333333333 0.009375 0.019444444444444445
1 0.603515625 0.5284722222222222 0.00703125 0.018055555555555554
0 0.638671875 0.5201388888888889 0.00703125 0.018055555555555554
1 0.554296875 0.5236111111111111 0.00703125 0.016666666666666666
0 0.58046875 0.5166666666666667 0.0046875 0.013888888888888888
0 0.539453125 0.5145833333333333 0.00390625 0.0125