1 0.5411458333333333 0.512962962962963 0.003125 0.007407407407407408
0 0.5848958333333333 0.5138888888888888 0.0020833333333333333 0.007407407407407408
0 0.5885416666666666 0.5148148148148148 0.0020833333333333333 0.007407407407407408
1 0.5385416666666667 0.5166666666666667 0.0020833333333333333 0.007407407407407408
0 0.5916666666666667 0.5166666666666667 0.0020833333333333333 0.007407407407407408
0 0.5979166666666667 0.5194444444444445 0.003125 0.009259259259259259
1 0.5375 0.5203703703703704 0.0020833333333333333 0.007407407407407408
1 0.5338541666666666 0.524074074074074 0.004166666666666667 0.009259259259259259
0 0.603125 0.524074074074074 0.0020833333333333333 0.009259259259259259
0 0.6052083333333333 0.5268518518518519 0.003125 0.009259259259259259
1 0.5291666666666667 0.5296296296296297 0.004166666666666667 0.011111111111111112
0 0.6135416666666667 0.5324074074074074 0.004166666666666667 0.011111111111111112
1 0.5260416666666666 0.5342592592592592 0.00625 0.012962962962962963
0 0.6203125 0.5351851851851852 0.004166666666666667 0.011111111111111112
1 0.5208333333333334 0.5416666666666666 0.00625 0.014814814814814815
1 0.515625 0.55 0.008333333333333333 0.018518518518518517
0 0.3302083333333333 0.5527777777777778 0.008333333333333333 0.020370370370370372
1 0.5078125 0.562037037037037 0.009375 0.022222222222222223
0 0.428125 0.5666666666666667 0.010416666666666666 0.022222222222222223
1 0.54375 0.5777777777777777 0.010416666666666666 0.025925925925925925
0 0.7666666666666667 0.5796296296296296 0.0125 0.02962962962962963
1 0.2984375 0.5814814814814815 0.0125 0.02962962962962963
0 0.678125 0.5814814814814815 0.013541666666666667 0.02962962962962963
1 0.48020833333333335 0.6055555555555555 0.014583333333333334 0.037037037037037035
0 0.7135416666666666 0.6064814814814815 0.016666666666666666 0.037037037037037035
1 0.8953125 0.6203703703703703 0.019791666666666666 0.040740740740740744
0 0.7020833333333333 0.6407407407407407 0.022916666666666665 0.05
1 0.45 0.6435185185185185 0.022916666666666665 0.05185185185185185
1 0.634375 0.6685185185185185 0.03333333333333333 0.05925925925925926
1 0.15260416666666668 0.674074074074074 0.03125 0.06296296296296296
0 0.9708333333333333 0.7759259259259259 0.05625 0.1
1 0.353125 0.7916666666666666 0.05 0.10555555555555556