0 0.97578125 0.525 0.0078125 0.016666666666666666
0 0.87734375 0.5277777777777778 0.00625 0.016666666666666666
0 0.7828125 0.5305555555555556 0.00625 0.016666666666666666
0 0.7921875 0.5305555555555556 0.00625 0.016666666666666666
0 0.645703125 0.5402777777777777 0.00546875 0.013888888888888888
0 0.5640625 0.5486111111111112 0.00625 0.013888888888888888
0 0.50703125 0.5569444444444445 0.0078125 0.016666666666666666
0 0.473046875 0.5666666666666667 0.00546875 0.016666666666666666
0 0.441015625 0.5763888888888888 0.00703125 0.019444444444444445
0 0.428125 0.5861111111111111 0.009375 0.022222222222222223
0 0.6421875 0.5972222222222222 0.0171875 0.03888888888888889
0 0.8890625 0.6 0.021875 0.044444444444444446
0 0.4234375 0.6027777777777777 0.0140625 0.03333333333333333
0 0.79140625 0.5465277777777777 0.015625 0.015277777777777777
0 0.97265625 0.54375 0.01875 0.020833333333333332