1 0.515625 0.55 0.00625 0.018518518518518517
0 0.640625 0.5509259259259259 0.008333333333333333 0.016666666666666666
0 0.6505208333333333 0.562962962962963 0.008333333333333333 0.022222222222222223
1 0.5072916666666667 0.562962962962963 0.010416666666666666 0.020370370370370372
1 0.4979166666666667 0.5777777777777777 0.010416666666666666 0.025925925925925925
0 0.678125 0.5833333333333334 0.0125 0.02962962962962963
1 0.4796875 0.6055555555555555 0.014583333333333334 0.03333333333333333
0 0.7135416666666666 0.6074074074074074 0.016666666666666666 0.037037037037037035
1 0.45 0.6444444444444445 0.01875 0.05
0 0.775 0.649074074074074 0.022916666666666665 0.04814814814814815
0 0.9708333333333333 0.7768518518518519 0.05416666666666667 0.1
1 0.3541666666666667 0.7935185185185185 0.04583333333333333 0.10555555555555556
1 0.5205729166666667 0.5416666666666666 0.005729166666666666 0.014814814814814815
1 0.5265625 0.5351851851851852 0.005208333333333333 0.012962962962962963
1 0.5294270833333333 0.5296296296296297 0.0046875 0.011111111111111112
1 0.5338541666666666 0.524537037037037 0.004166666666666667 0.010185185185185186
0 0.62890625 0.5416666666666666 0.005729166666666666 0.012962962962962963
0 0.6205729166666667 0.5356481481481481 0.0046875 0.010185185185185186
0 0.6138020833333333 0.5319444444444444 0.0046875 0.008333333333333333
0 0.6052083333333333 0.5268518518518519 0.004166666666666667 0.009259259259259259
0 0.5973958333333333 0.5189814814814815 0.004166666666666667 0.008333333333333333