1 0.3375 0.5833333333333334 0.0125 0.03333333333333333
1 0.36796875 0.6069444444444444 0.01875 0.044444444444444446
1 0.27578125 0.6958333333333333 0.0359375 0.08055555555555556
1 0.2421875 0.5722222222222222 0.0109375 0.027777777777777776
0 0.414453125 0.5541666666666667 0.00859375 0.025
0 0.512109375 0.5708333333333333 0.01171875 0.030555555555555555
0 0.61015625 0.5986111111111111 0.0203125 0.041666666666666664
0 0.678125 0.6673611111111111 0.034375 0.07361111111111111
0 0.36171875 0.5541666666666667 0.009375 0.022222222222222223
1 0.234375 0.5583333333333333 0.0078125 0.022222222222222223
1 0.3328125 0.5444444444444444 0.00625 0.022222222222222223
0 0.428515625 0.5465277777777777 0.00703125 0.018055555555555554
1 0.430078125 0.5354166666666667 0.00703125 0.018055555555555554
1 0.48671875 0.5270833333333333 0.00625 0.018055555555555554
0 0.515625 0.53125 0.00625 0.018055555555555554
0 0.56484375 0.525 0.0046875 0.016666666666666666