0 0.9734375 0.5222222222222223 0.00625 0.016666666666666666
0 0.865625 0.5277777777777778 0.00625 0.016666666666666666
0 0.771875 0.5333333333333333 0.00625 0.016666666666666666
0 0.7609375 0.5347222222222222 0.00625 0.013888888888888888
0 0.6125 0.5458333333333333 0.00625 0.013888888888888888
0 0.52265625 0.5555555555555556 0.0078125 0.016666666666666666
0 0.4578125 0.5694444444444444 0.009375 0.016666666666666666
0 0.41953125 0.5805555555555556 0.009375 0.019444444444444445
0 0.37890625 0.5972222222222222 0.0109375 0.022222222222222223
0 0.3578125 0.6125 0.0140625 0.03333333333333333
0 0.65625 0.6305555555555555 0.021875 0.05
0 0.34375 0.6444444444444445 0.0203125 0.05
0 0.787109375 0.5506944444444445 0.01328125 0.018055555555555554