1 0.540625 0.512962962962963 0.0020833333333333333 0.007407407407407408
1 0.5390625 0.5166666666666667 0.003125 0.007407407407407408
0 0.5921875 0.5166666666666667 0.003125 0.007407407407407408
0 0.5979166666666667 0.5194444444444445 0.004166666666666667 0.009259259259259259
1 0.5375 0.5203703703703704 0.004166666666666667 0.007407407407407408
0 0.603125 0.5231481481481481 0.004166666666666667 0.009259259259259259
1 0.5338541666666666 0.524074074074074 0.004166666666666667 0.007407407407407408
0 0.6052083333333333 0.5268518518518519 0.004166666666666667 0.011111111111111112
1 0.5291666666666667 0.5296296296296297 0.004166666666666667 0.011111111111111112
0 0.6135416666666667 0.5314814814814814 0.005208333333333333 0.011111111111111112
1 0.5265625 0.5342592592592592 0.005208333333333333 0.012962962962962963
0 0.6208333333333333 0.5351851851851852 0.00625 0.012962962962962963
0 0.6291666666666667 0.5407407407407407 0.00625 0.014814814814814815
1 0.5208333333333334 0.5425925925925926 0.00625 0.014814814814814815
1 0.515625 0.549074074074074 0.008333333333333333 0.016666666666666666
0 0.6401041666666667 0.55 0.008333333333333333 0.016666666666666666
0 0.3026041666666667 0.5518518518518518 0.009375 0.016666666666666666
1 0.5072916666666667 0.562037037037037 0.008333333333333333 0.020370370370370372
0 0.65 0.562962962962963 0.008333333333333333 0.018518518518518517
0 0.45625 0.5638888888888889 0.010416666666666666 0.022222222222222223
1 0.4979166666666667 0.5768518518518518 0.010416666666666666 0.025925925925925925
1 0.26614583333333336 0.5777777777777777 0.0125 0.027777777777777776
0 0.7671875 0.5796296296296296 0.0125 0.025925925925925925
0 0.678125 0.5824074074074074 0.0125 0.027777777777777776
1 0.48020833333333335 0.6055555555555555 0.014583333333333334 0.037037037037037035
0 0.7135416666666666 0.6074074074074074 0.016666666666666666 0.03333333333333333
1 0.44895833333333335 0.6444444444444445 0.020833333333333332 0.04814814814814815
0 0.7739583333333333 0.6481481481481481 0.020833333333333332 0.04814814814814815
1 0.0921875 0.6611111111111111 0.027083333333333334 0.05555555555555555
0 0.9708333333333333 0.7777777777777778 0.05625 0.1
1 0.3515625 0.7925925925925926 0.04479166666666667 0.1037037037037037