0 0.3515625 0.5736111111111111 0.0140625 0.030555555555555555
0 0.462890625 0.6291666666666667 0.02265625 0.05277777777777778
0 0.7609375 0.8194444444444444 0.05625 0.14722222222222223
1 0.11015625 0.6708333333333333 0.0296875 0.06388888888888888
1 0.17734375 0.5875 0.0109375 0.030555555555555555
0 0.3328125 0.5611111111111111 0.009375 0.025
1 0.1921875 0.5701388888888889 0.009375 0.02361111111111111
0 0.27578125 0.5541666666666667 0.0078125 0.019444444444444445
1 0.1578125 0.5638888888888889 0.009375 0.022222222222222223
1 0.068359375 0.5625 0.00859375 0.019444444444444445
1 0.119921875 0.5479166666666667 0.00703125 0.015277777777777777
1 0.045703125 0.5576388888888889 0.01015625 0.018055555555555554
1 0.248828125 0.5368055555555555 0.00546875 0.0125
0 0.199609375 0.5527777777777778 0.00703125 0.016666666666666666
0 0.204296875 0.5465277777777777 0.00546875 0.015277777777777777
1 0.2015625 0.5395833333333333 0.0046875 0.0125
1 0.085546875 0.5354166666666667 0.00390625 0.009722222222222222
1 0.140234375 0.5319444444444444 0.00390625 0.008333333333333333
0 0.274609375 0.5395833333333333 0.00546875 0.015277777777777777
0 0.31484375 0.5326388888888889 0.0046875 0.009722222222222222