0 0.98125 0.5222222222222223 0.00625 0.016666666666666666
0 0.88125 0.525 0.00625 0.016666666666666666
0 0.784375 0.5305555555555556 0.00625 0.013888888888888888
0 0.79375 0.5305555555555556 0.0046875 0.013888888888888888
0 0.64453125 0.5416666666666666 0.00625 0.011111111111111112
0 0.5609375 0.5513888888888889 0.00625 0.013888888888888888
0 0.503125 0.5597222222222222 0.0078125 0.019444444444444445
0 0.46875 0.5680555555555555 0.0078125 0.019444444444444445
0 0.43515625 0.5819444444444445 0.009375 0.022222222222222223
0 0.4203125 0.5916666666666667 0.0109375 0.027777777777777776
0 0.6453125 0.6 0.0171875 0.03888888888888889
0 0.9125 0.6069444444444444 0.025 0.05
0 0.4140625 0.6111111111111112 0.0140625 0.03333333333333333
0 0.79453125 0.5451388888888888 0.0140625 0.015277777777777777
0 0.984765625 0.5444444444444444 0.01796875 0.022222222222222223