1 0.965625 0.5055555555555555 0.003125 0.008333333333333333
1 0.93046875 0.5055555555555555 0.003125 0.008333333333333333
1 0.99765625 0.5055555555555555 0.003125 0.011111111111111112
1 0.9171875 0.5069444444444444 0.003125 0.008333333333333333
1 0.91015625 0.5083333333333333 0.003125 0.011111111111111112
1 0.9453125 0.5083333333333333 0.003125 0.008333333333333333
1 0.9953125 0.5097222222222222 0.003125 0.011111111111111112
0 0.915625 0.5111111111111111 0.003125 0.008333333333333333
1 0.9640625 0.5111111111111111 0.0046875 0.011111111111111112
0 0.87578125 0.5125 0.003125 0.008333333333333333
1 0.928125 0.5138888888888888 0.0046875 0.011111111111111112
0 0.8953125 0.5166666666666667 0.003125 0.008333333333333333
1 0.90625 0.5166666666666667 0.00625 0.013888888888888888
1 0.95 0.5166666666666667 0.00625 0.013888888888888888
0 0.878125 0.5166666666666667 0.003125 0.008333333333333333
1 0.9125 0.5194444444444445 0.00625 0.013888888888888888
0 0.8375 0.5194444444444445 0.003125 0.008333333333333333
0 0.934375 0.5222222222222223 0.0046875 0.011111111111111112
0 0.82421875 0.5222222222222223 0.003125 0.011111111111111112
0 0.83515625 0.5236111111111111 0.003125 0.008333333333333333
0 0.8671875 0.5236111111111111 0.0046875 0.013888888888888888
0 0.775 0.5583333333333333 0.009375 0.025
0 0.63515625 0.5638888888888889 0.009375 0.022222222222222223
0 0.77734375 0.5736111111111111 0.0109375 0.030555555555555555
0 0.60625 0.5763888888888888 0.0125 0.025
0 0.934375 0.5861111111111111 0.0203125 0.03888888888888889
0 0.81015625 0.6027777777777777 0.0203125 0.04722222222222222
0 0.56171875 0.6027777777777777 0.015625 0.03611111111111111
0 0.434375 0.6736111111111112 0.025 0.06388888888888888
0 0.8796875 0.5069444444444444 0.003125 0.005555555555555556
0 0.85859375 0.5097222222222222 0.003125 0.005555555555555556
0 0.8546875 0.5111111111111111 0.003125 0.005555555555555556
0 0.0828125 0.9291666666666667 0.0609375 0.14166666666666666