0 0.896875 0.5222222222222223 0.0078125 0.016666666666666666
1 0.983984375 0.5333333333333333 0.00703125 0.019444444444444445
0 0.7859375 0.5569444444444445 0.0109375 0.025
0 0.628125 0.5625 0.0109375 0.025
0 0.378125 0.5666666666666667 0.0078125 0.016666666666666666
1 0.43515625 0.5708333333333333 0.0078125 0.019444444444444445
0 0.262890625 0.5777777777777777 0.00546875 0.019444444444444445
1 0.3109375 0.5861111111111111 0.00625 0.022222222222222223
0 0.10234375 0.5930555555555556 0.0109375 0.022222222222222223
0 0.66875 0.5944444444444444 0.015625 0.03888888888888889
1 0.12578125 0.6055555555555555 0.0109375 0.022222222222222223
0 0.259375 0.6166666666666667 0.0125 0.03333333333333333
1 0.82734375 0.6361111111111111 0.0234375 0.05555555555555555
1 0.48203125 0.6833333333333333 0.025 0.06666666666666667
1 0.09296875 0.7875 0.0453125 0.10277777777777777
1 0.069921875 0.6236111111111111 0.01640625 0.019444444444444445
1 0.237890625 0.6090277777777777 0.01796875 0.018055555555555554
1 0.26171875 0.5993055555555555 0.0171875 0.015277777777777777
0 0.39140625 0.6291666666666667 0.0234375 0.027777777777777776
0 0.828515625 0.5743055555555555 0.01796875 0.02361111111111111
0 0.905078125 0.5534722222222223 0.01953125 0.020833333333333332
1 0.419921875 0.5583333333333333 0.00546875 0.013888888888888888
1 0.437109375 0.5569444444444445 0.00546875 0.013888888888888888
1 0.520703125 0.5597222222222222 0.00859375 0.019444444444444445
1 0.509375 0.5465277777777777 0.00625 0.015277777777777777
1 0.829296875 0.5354166666666667 0.00859375 0.020833333333333332
1 0.732421875 0.5395833333333333 0.00703125 0.015277777777777777
1 0.762890625 0.5229166666666667 0.00703125 0.015277777777777777
0 0.495703125 0.5527777777777778 0.00703125 0.016666666666666666
0 0.57578125 0.54375 0.00625 0.015277777777777777
1 0.631640625 0.5479166666666667 0.00703125 0.015277777777777777
0 0.673046875 0.5319444444444444 0.00546875 0.016666666666666666
0 0.80078125 0.5243055555555556 0.00625 0.015277777777777777
1 0.805859375 0.5222222222222223 0.00703125 0.016666666666666666
1 0.846484375 0.5201388888888889 0.00546875 0.0125