0 0.94296875 0.5541666666666667 0.0125 0.027777777777777776
0 0.79453125 0.575 0.015625 0.030555555555555555
0 0.7640625 0.5847222222222223 0.01875 0.03888888888888889
0 0.84921875 0.6138888888888889 0.0265625 0.05
0 0.3859375 0.5548611111111111 0.0046875 0.0125
0 0.47265625 0.5479166666666667 0.0046875 0.0125
0 0.548046875 0.5451388888888888 0.00546875 0.0125
0 0.646484375 0.5361111111111111 0.00546875 0.011111111111111112
0 0.7125 0.5298611111111111 0.0046875 0.0125
0 0.7484375 0.5256944444444445 0.0046875 0.0125
0 0.886328125 0.5222222222222223 0.00546875 0.013888888888888888
0 0.9421875 0.5159722222222223 0.0046875 0.0125