1 0.5411458333333333 0.512962962962963 0.003125 0.007407407407407408
0 0.5848958333333333 0.512962962962963 0.003125 0.007407407407407408
0 0.5880208333333333 0.5148148148148148 0.003125 0.007407407407407408
1 0.5385416666666667 0.5148148148148148 0.004166666666666667 0.007407407407407408
0 0.5916666666666667 0.5166666666666667 0.004166666666666667 0.007407407407407408
0 0.5979166666666667 0.5203703703703704 0.004166666666666667 0.007407407407407408
1 0.5375 0.5203703703703704 0.004166666666666667 0.009259259259259259
0 0.603125 0.5222222222222223 0.004166666666666667 0.007407407407407408
1 0.5338541666666666 0.524074074074074 0.004166666666666667 0.011111111111111112
0 0.6052083333333333 0.5259259259259259 0.004166666666666667 0.009259259259259259
1 0.5291666666666667 0.5287037037037037 0.004166666666666667 0.011111111111111112
0 0.6135416666666667 0.5305555555555556 0.00625 0.011111111111111112
1 0.5260416666666666 0.5333333333333333 0.00625 0.014814814814814815
0 0.6208333333333333 0.5351851851851852 0.004166666666666667 0.011111111111111112
0 0.6291666666666667 0.5407407407407407 0.00625 0.014814814814814815
1 0.5208333333333334 0.5407407407407407 0.00625 0.014814814814814815
1 0.5151041666666667 0.549074074074074 0.007291666666666667 0.016666666666666666
0 0.6395833333333333 0.55 0.008333333333333333 0.016666666666666666
0 0.3026041666666667 0.5518518518518518 0.008333333333333333 0.018518518518518517
1 0.5078125 0.5611111111111111 0.008333333333333333 0.022222222222222223
0 0.6505208333333333 0.562962962962963 0.009375 0.020370370370370372
0 0.45625 0.5638888888888889 0.009375 0.022222222222222223
1 0.265625 0.575925925925926 0.0125 0.025925925925925925
1 0.4979166666666667 0.5768518518518518 0.010416666666666666 0.025925925925925925
0 0.7666666666666667 0.5796296296296296 0.011458333333333333 0.025925925925925925
0 0.678125 0.5824074074074074 0.0125 0.027777777777777776
1 0.48020833333333335 0.6046296296296296 0.013541666666666667 0.03518518518518519
0 0.7130208333333333 0.6074074074074074 0.016666666666666666 0.037037037037037035
1 0.915625 0.6277777777777778 0.020833333333333332 0.044444444444444446
1 0.45 0.6444444444444445 0.020833333333333332 0.05
0 0.7760416666666666 0.6472222222222223 0.022916666666666665 0.05
1 0.09114583333333333 0.6620370370370371 0.023958333333333335 0.05740740740740741
1 0.6697916666666667 0.6722222222222223 0.027083333333333334 0.06296296296296296
0 0.9755208333333333 0.7768518518518519 0.046875 0.1
1 0.35208333333333336 0.7925925925925926 0.04479166666666667 0.1037037037037037