0 0.9640625 0.5319444444444444 0.00625 0.019444444444444445
0 0.8703125 0.5347222222222222 0.00625 0.013888888888888888
0 0.77421875 0.5347222222222222 0.0046875 0.013888888888888888
0 0.69921875 0.5361111111111111 0.0046875 0.011111111111111112
0 0.6546875 0.5361111111111111 0.003125 0.011111111111111112
0 0.7859375 0.5388888888888889 0.00625 0.016666666666666666
0 0.5953125 0.5388888888888889 0.003125 0.011111111111111112
0 0.89609375 0.5402777777777777 0.00625 0.016666666666666666
0 0.5375 0.5402777777777777 0.003125 0.008333333333333333
0 0.78046875 0.5430555555555555 0.0046875 0.013888888888888888
0 0.47578125 0.5430555555555555 0.0046875 0.008333333333333333
0 0.48203125 0.5430555555555555 0.0046875 0.008333333333333333
0 0.3765625 0.55 0.003125 0.011111111111111112
0 0.73984375 0.55 0.00625 0.016666666666666666
0 0.31015625 0.5555555555555556 0.0046875 0.011111111111111112
0 0.6453125 0.5597222222222222 0.00625 0.019444444444444445
0 0.2625 0.5611111111111111 0.00625 0.013888888888888888
0 0.2375 0.5680555555555555 0.00625 0.013888888888888888
0 0.4890625 0.5736111111111111 0.009375 0.022222222222222223
0 0.2171875 0.5763888888888888 0.00625 0.016666666666666666
0 0.36875 0.5763888888888888 0.00625 0.019444444444444445
0 0.21328125 0.5805555555555556 0.0078125 0.016666666666666666
0 0.2234375 0.5861111111111111 0.0078125 0.022222222222222223
0 0.571484375 0.55 0.00703125 0.008333333333333333
0 0.4734375 0.5520833333333334 0.009375 0.009722222222222222