0 0.95625 0.525 0.009375 0.019444444444444445
0 0.8640625 0.5333333333333333 0.009375 0.022222222222222223
1 0.965625 0.5416666666666666 0.0125 0.027777777777777776
0 0.74375 0.5458333333333333 0.0109375 0.025
1 0.8828125 0.5555555555555556 0.0140625 0.03333333333333333
0 0.65234375 0.5611111111111111 0.0125 0.027777777777777776
0 0.528125 0.5666666666666667 0.0125 0.027777777777777776
0 0.39375 0.5666666666666667 0.009375 0.022222222222222223
0 0.2328125 0.5722222222222222 0.009375 0.022222222222222223
0 0.12578125 0.5791666666666667 0.009375 0.019444444444444445
1 0.753125 0.5791666666666667 0.015625 0.03611111111111111
1 0.31015625 0.5847222222222223 0.0109375 0.027777777777777776
0 0.03203125 0.5861111111111111 0.009375 0.022222222222222223
1 0.3890625 0.5888888888888889 0.0125 0.030555555555555555
1 0.521875 0.5916666666666667 0.015625 0.03611111111111111
1 0.146875 0.5944444444444444 0.0125 0.025
1 0.003125 0.6027777777777777 0.00625 0.022222222222222223
1 0.903125 0.6263888888888889 0.028125 0.06111111111111111
1 0.555078125 0.6736111111111112 0.03203125 0.06944444444444445