1 0.5416666666666666 0.5148148148148148 0.0020833333333333333 0.007407407407407408
0 0.5885416666666666 0.5148148148148148 0.0020833333333333333 0.007407407407407408
1 0.5390625 0.5166666666666667 0.003125 0.007407407407407408
0 0.5916666666666667 0.5166666666666667 0.003125 0.007407407407407408
0 0.5979166666666667 0.5194444444444445 0.004166666666666667 0.007407407407407408
1 0.5380208333333333 0.5208333333333334 0.003125 0.008333333333333333
0 0.603125 0.5222222222222223 0.004166666666666667 0.009259259259259259
1 0.534375 0.524074074074074 0.003125 0.007407407407407408
0 0.6052083333333333 0.5268518518518519 0.004166666666666667 0.009259259259259259
1 0.5296875 0.5296296296296297 0.004166666666666667 0.011111111111111112
0 0.6135416666666667 0.5314814814814814 0.004166666666666667 0.011111111111111112
0 0.6208333333333333 0.5351851851851852 0.00625 0.012962962962962963
1 0.5270833333333333 0.5351851851851852 0.004166666666666667 0.011111111111111112
0 0.6291666666666667 0.5407407407407407 0.00625 0.014814814814814815
1 0.5208333333333334 0.5425925925925926 0.00625 0.014814814814814815
1 0.515625 0.55 0.00625 0.018518518518518517
0 0.640625 0.5509259259259259 0.008333333333333333 0.016666666666666666
0 0.3411458333333333 0.5509259259259259 0.008333333333333333 0.018518518518518517
1 0.5072916666666667 0.562962962962963 0.010416666666666666 0.020370370370370372
0 0.6221354166666667 0.5643518518518519 0.0067708333333333336 0.021296296296296296
0 0.4661458333333333 0.5694444444444444 0.010416666666666666 0.024074074074074074
1 0.528125 0.5722222222222222 0.008333333333333333 0.024074074074074074
1 0.43854166666666666 0.575925925925926 0.010416666666666666 0.025925925925925925
1 0.515625 0.5916666666666667 0.0125 0.03148148148148148
0 0.715625 0.5925925925925926 0.014583333333333334 0.02962962962962963
0 0.9260416666666667 0.6027777777777777 0.016666666666666666 0.03333333333333333
0 0.5354166666666667 0.6074074074074074 0.016666666666666666 0.037037037037037035
1 0.8958333333333334 0.6277777777777778 0.01875 0.044444444444444446
1 0.5151041666666667 0.6462962962962963 0.021875 0.05185185185185185
1 0.390625 0.6601851851851852 0.01875 0.053703703703703705
0 0.9583333333333334 0.6648148148148149 0.027083333333333334 0.05925925925925926
1 0.596875 0.6648148148148149 0.023958333333333335 0.05555555555555555
1 0.31979166666666664 0.6972222222222222 0.034375 0.06851851851851852
0 0.59375 0.7333333333333333 0.041666666666666664 0.08518518518518518