1 0.53359375 0.524074074074074 0.0036458333333333334 0.009259259259259259
0 0.6052083333333333 0.5259259259259259 0.004166666666666667 0.009259259259259259
1 0.5291666666666667 0.5296296296296297 0.004166666666666667 0.011111111111111112
0 0.6135416666666667 0.5314814814814814 0.005208333333333333 0.011111111111111112
1 0.5260416666666666 0.5342592592592592 0.004166666666666667 0.012962962962962963
0 0.6208333333333333 0.5351851851851852 0.00625 0.011111111111111112
0 0.6291666666666667 0.5407407407407407 0.00625 0.014814814814814815
1 0.5203125 0.5416666666666666 0.00625 0.014814814814814815
1 0.5153645833333333 0.549537037037037 0.0067708333333333336 0.017592592592592594
0 0.6395833333333333 0.55 0.008333333333333333 0.014814814814814815
0 0.3026041666666667 0.5509259259259259 0.009375 0.020370370370370372
1 0.5072916666666667 0.562037037037037 0.009375 0.020370370370370372
0 0.6505208333333333 0.562962962962963 0.009375 0.020370370370370372
0 0.45625 0.5648148148148148 0.010416666666666666 0.022222222222222223
1 0.265625 0.5768518518518518 0.0125 0.027777777777777776
1 0.4973958333333333 0.5773148148148148 0.011458333333333333 0.025
0 0.7684895833333333 0.5796296296296296 0.008854166666666666 0.025925925925925925
0 0.678125 0.5824074074074074 0.0125 0.027777777777777776
1 0.48385416666666664 0.6046296296296296 0.007291666666666667 0.03518518518518519
0 0.7135416666666666 0.6074074074074074 0.016666666666666666 0.037037037037037035
1 0.9151041666666667 0.6277777777777778 0.019791666666666666 0.044444444444444446
1 0.45 0.6453703703703704 0.020833333333333332 0.05
0 0.7755208333333333 0.6481481481481481 0.025 0.05185185185185185
1 0.09166666666666666 0.6615740740740741 0.027083333333333334 0.05462962962962963
1 0.66875 0.6722222222222223 0.027083333333333334 0.06296296296296296
0 0.9786458333333333 0.7768518518518519 0.036458333333333336 0.10185185185185185
1 0.3515625 0.7925925925925926 0.042708333333333334 0.1037037037037037