0 0.2765625 0.5472222222222223 0.0078125 0.016666666666666666
0 0.24140625 0.5486111111111112 0.00625 0.013888888888888888
0 0.340625 0.5506944444444445 0.0078125 0.015277777777777777
0 0.1953125 0.55 0.00625 0.013888888888888888
0 0.3015625 0.55 0.009375 0.016666666666666666
0 0.390234375 0.55 0.00703125 0.016666666666666666
0 0.441015625 0.5527777777777778 0.01015625 0.022222222222222223
0 0.119921875 0.5569444444444445 0.00546875 0.013888888888888888
0 0.479296875 0.5583333333333333 0.01015625 0.022222222222222223
0 0.04921875 0.5611111111111111 0.0046875 0.011111111111111112
1 0.1375 0.5652777777777778 0.009375 0.019444444444444445
1 0.071875 0.5666666666666667 0.009375 0.019444444444444445
1 0.2046875 0.5666666666666667 0.0109375 0.022222222222222223
1 0.3015625 0.5694444444444444 0.0109375 0.022222222222222223
1 0.2265625 0.5722222222222222 0.0109375 0.022222222222222223
1 0.3328125 0.5722222222222222 0.0109375 0.025
0 0.521875 0.5722222222222222 0.0125 0.027777777777777776
1 0.0453125 0.5777777777777777 0.009375 0.019444444444444445
1 0.20390625 0.5875 0.0125 0.027777777777777776
1 0.32578125 0.5902777777777778 0.0140625 0.030555555555555555
0 0.5625 0.5916666666666667 0.01875 0.03888888888888889
1 0.30546875 0.6208333333333333 0.01875 0.03888888888888889
0 0.044921875 0.6215277777777778 0.01484375 0.0375
0 0.674609375 0.64375 0.02265625 0.059722222222222225
1 0.2375 0.6986111111111111 0.0296875 0.075
0 0.803515625 0.7770833333333333 0.05859375 0.11527777777777778
1 0.0484375 0.9208333333333333 0.0796875 0.15
1 0.151953125 0.6840277777777778 0.02890625 0.04583333333333333
1 0.060546875 0.6756944444444445 0.03359375 0.043055555555555555
1 0.169140625 0.6305555555555555 0.02578125 0.027777777777777776
1 0.191796875 0.6 0.01484375 0.022222222222222223
1 0.14921875 0.5770833333333333 0.0140625 0.018055555555555554
1 0.06484375 0.5791666666666667 0.0171875 0.013888888888888888
1 0.00546875 0.5729166666666666 0.00625 0.018055555555555554
1 0.036328125 0.5638888888888889 0.00859375 0.011111111111111112