0 0.94375 0.5277777777777778 0.00625 0.016666666666666666
0 0.8453125 0.5305555555555556 0.00625 0.013888888888888888
0 0.78984375 0.5305555555555556 0.0046875 0.011111111111111112
0 0.9703125 0.5319444444444444 0.00625 0.016666666666666666
0 0.71640625 0.5319444444444444 0.0046875 0.011111111111111112
0 0.64765625 0.5347222222222222 0.0046875 0.011111111111111112
0 0.578125 0.5375 0.003125 0.011111111111111112
0 0.584375 0.5375 0.003125 0.011111111111111112
0 0.96796875 0.5402777777777777 0.00625 0.019444444444444445
0 0.469140625 0.5451388888888888 0.00390625 0.0125
0 0.921875 0.55 0.009375 0.022222222222222223
0 0.39921875 0.5513888888888889 0.0046875 0.011111111111111112
0 0.34921875 0.5583333333333333 0.00625 0.011111111111111112
0 0.8015625 0.5611111111111111 0.009375 0.027777777777777776
0 0.31953125 0.5666666666666667 0.00625 0.016666666666666666
0 0.29375 0.575 0.00625 0.016666666666666666
0 0.59609375 0.5791666666666667 0.0109375 0.025
0 0.45 0.5805555555555556 0.009375 0.022222222222222223
0 0.283203125 0.5784722222222223 0.00390625 0.015277777777777777
0 0.28671875 0.5888888888888889 0.009375 0.022222222222222223
0 0.5765625 0.55 0.0078125 0.008333333333333333
0 0.6921875 0.5486111111111112 0.0109375 0.011111111111111112