0 0.28125 0.5569444444444445 0.00625 0.016666666666666666
0 0.31875 0.5583333333333333 0.00625 0.016666666666666666
0 0.23125 0.5597222222222222 0.00625 0.016666666666666666
0 0.34375 0.5597222222222222 0.0078125 0.019444444444444445
0 0.3859375 0.5611111111111111 0.0078125 0.022222222222222223
0 0.44375 0.5625 0.009375 0.022222222222222223
0 0.503125 0.5638888888888889 0.009375 0.027777777777777776
0 0.1484375 0.5666666666666667 0.00625 0.016666666666666666
0 0.0734375 0.5722222222222222 0.00625 0.016666666666666666
0 0.5515625 0.575 0.0125 0.030555555555555555
1 0.15625 0.5791666666666667 0.009375 0.019444444444444445
1 0.0875 0.5819444444444445 0.00625 0.019444444444444445
1 0.225 0.5819444444444445 0.009375 0.025
1 0.33125 0.5861111111111111 0.0125 0.027777777777777776
1 0.01484375 0.5875 0.00625 0.019444444444444445
1 0.24375 0.5902777777777778 0.0109375 0.027777777777777776
1 0.04765625 0.5916666666666667 0.00625 0.022222222222222223
1 0.365625 0.5930555555555556 0.0125 0.030555555555555555
0 0.61171875 0.6 0.0203125 0.041666666666666664
1 0.2015625 0.6138888888888889 0.015625 0.03333333333333333
1 0.34453125 0.6208333333333333 0.0171875 0.03888888888888889
0 0.68828125 0.6375 0.028125 0.06111111111111111
1 0.2828125 0.6847222222222222 0.034375 0.06666666666666667
1 0.099609375 0.6854166666666667 0.03828125 0.04861111111111111
1 0.06328125 0.5743055555555555 0.0140625 0.0125
1 0.157421875 0.5951388888888889 0.01640625 0.018055555555555554
1 0.1734375 0.6333333333333333 0.01875 0.03333333333333333
1 0.1609375 0.5645833333333333 0.0078125 0.0125
1 0.0671875 0.5965277777777778 0.01875 0.015277777777777777