1 0.27291666666666664 0.3675925925925926 0.006944444444444444 0.011111111111111112
1 0.2548611111111111 0.36574074074074076 0.005555555555555556 0.011111111111111112
1 0.2388888888888889 0.3638888888888889 0.004166666666666667 0.009259259259259259
1 0.225 0.362962962962963 0.005555555555555556 0.009259259259259259
0 0.16805555555555557 0.36666666666666664 0.005555555555555556 0.011111111111111112
0 0.15763888888888888 0.36527777777777776 0.005555555555555556 0.012037037037037037
0 0.14895833333333333 0.36435185185185187 0.004861111111111111 0.010185185185185186
0 0.14166666666666666 0.362962962962963 0.004166666666666667 0.009259259259259259
0 0.13506944444444444 0.36157407407407405 0.003472222222222222 0.008333333333333333
0 0.1284722222222222 0.36064814814814816 0.004166666666666667 0.008333333333333333
0 0.12291666666666666 0.36018518518518516 0.004166666666666667 0.007407407407407408
0 0.11701388888888889 0.3592592592592593 0.003472222222222222 0.007407407407407408
0 0.11145833333333334 0.35833333333333334 0.003472222222222222 0.007407407407407408
1 0.21354166666666666 0.36157407407407405 0.004861111111111111 0.008333333333333333
1 0.20243055555555556 0.3597222222222222 0.004861111111111111 0.010185185185185186
1 0.19270833333333334 0.35833333333333334 0.004861111111111111 0.009259259259259259
1 0.1840277777777778 0.35833333333333334 0.004166666666666667 0.009259259259259259
1 0.1753472222222222 0.35694444444444445 0.003472222222222222 0.008333333333333333
1 0.16666666666666666 0.35648148148148145 0.004166666666666667 0.007407407407407408