0 0.9934027777777777 0.4287037037037037 0.011805555555555555 0.037037037037037035
1 0.3888888888888889 0.43703703703703706 0.019444444444444445 0.03518518518518519
1 0.9086805555555556 0.4148148148148148 0.01875 0.02962962962962963
1 0.6465277777777778 0.4217592592592593 0.018055555555555554 0.030555555555555555
0 0.7673611111111112 0.4351851851851852 0.022222222222222223 0.03888888888888889
0 0.5729166666666666 0.44907407407407407 0.02361111111111111 0.044444444444444446
1 0.096875 0.46805555555555556 0.03125 0.04722222222222222
0 0.3923611111111111 0.4791666666666667 0.029166666666666667 0.05462962962962963
0 0.23020833333333332 0.5407407407407407 0.04375 0.08148148148148149
0 0.20034722222222223 0.6986111111111111 0.10208333333333333 0.1527777777777778
0 0.9597222222222223 0.39444444444444443 0.0125 0.022222222222222223
0 0.9975694444444444 0.38981481481481484 0.004861111111111111 0.014814814814814815