0 0.6388888888888888 0.37916666666666665 0.008333333333333333 0.01574074074074074
1 0.6135416666666667 0.3902777777777778 0.010416666666666666 0.019444444444444445
1 0.7086805555555555 0.40324074074074073 0.014583333333333334 0.025
1 0.53125 0.4263888888888889 0.019444444444444445 0.03425925925925926
0 0.7017361111111111 0.4425925925925926 0.024305555555555556 0.04259259259259259
1 0.2565972222222222 0.449537037037037 0.025694444444444443 0.041666666666666664
0 0.5059027777777778 0.4652777777777778 0.029861111111111113 0.05092592592592592
0 0.33611111111111114 0.5120370370370371 0.04583333333333333 0.07222222222222222
0 0.23819444444444443 0.6310185185185185 0.08055555555555556 0.12314814814814815
0 0.4774305555555556 0.3888888888888889 0.00625 0.018518518518518517
0 0.47291666666666665 0.3990740740740741 0.0125 0.024074074074074074
0 0.5416666666666666 0.38287037037037036 0.009722222222222222 0.017592592592592594
0 0.5645833333333333 0.4097222222222222 0.015277777777777777 0.028703703703703703
1 0.6270833333333333 0.3962962962962963 0.0125 0.022222222222222223
1 0.6527777777777778 0.38564814814814813 0.009722222222222222 0.017592592592592594
1 0.7166666666666667 0.3824074074074074 0.009722222222222222 0.016666666666666666
0 0.7572916666666667 0.3763888888888889 0.007638888888888889 0.01574074074074074
1 0.8090277777777778 0.3800925925925926 0.009722222222222222 0.01574074074074074
1 0.875 0.4097222222222222 0.016666666666666666 0.028703703703703703
0 0.9354166666666667 0.43194444444444446 0.022222222222222223 0.03981481481481482
0 0.90625 0.37592592592592594 0.008333333333333333 0.014814814814814815
1 0.9236111111111112 0.37962962962962965 0.009722222222222222 0.016666666666666666