1 0.12040816326530612 0.5672727272727273 0.012244897959183673 0.02909090909090909
0 0.1413265306122449 0.5690909090909091 0.015306122448979591 0.03272727272727273
0 0.30918367346938774 0.5709090909090909 0.012244897959183673 0.02909090909090909
1 0.325 0.5690909090909091 0.011224489795918367 0.025454545454545455
0 0.46479591836734696 0.5727272727272728 0.015306122448979591 0.03272727272727273
1 0.5142857142857142 0.5727272727272728 0.012244897959183673 0.025454545454545455
0 0.6122448979591837 0.5790909090909091 0.014285714285714285 0.03090909090909091
0 0.6663265306122449 0.5709090909090909 0.00816326530612245 0.01818181818181818
1 0.7127551020408164 0.5727272727272728 0.009183673469387756 0.01818181818181818
1 0.7035714285714286 0.5772727272727273 0.011224489795918367 0.02727272727272727
0 0.7540816326530613 0.5818181818181818 0.0163265306122449 0.03636363636363636
1 0.9051020408163265 0.5863636363636363 0.0163265306122449 0.038181818181818185
0 0.8862244897959184 0.6018181818181818 0.02346938775510204 0.04727272727272727
0 0.9785714285714285 0.6272727272727273 0.014285714285714285 0.06181818181818182
0 0.9658163265306122 0.6572727272727272 0.03163265306122449 0.09272727272727273
0 0.6209183673469387 0.6836363636363636 0.05612244897959184 0.13454545454545455