1 0.9208333333333333 0.34629629629629627 0.008333333333333333 0.014814814814814815
1 0.7923611111111111 0.34953703703703703 0.006944444444444444 0.013888888888888888
0 0.9725694444444445 0.350462962962963 0.009027777777777777 0.01574074074074074
0 0.8364583333333333 0.35324074074074074 0.009027777777777777 0.01574074074074074
1 0.6892361111111112 0.3527777777777778 0.00625 0.012962962962962963
0 0.7600694444444445 0.35555555555555557 0.009027777777777777 0.016666666666666666
1 0.6159722222222223 0.35648148148148145 0.006944444444444444 0.014814814814814815
0 0.7440972222222222 0.3592592592592593 0.010416666666666666 0.018518518518518517
1 0.58125 0.36157407407407405 0.008333333333333333 0.01574074074074074
0 0.7802083333333333 0.362962962962963 0.011805555555555555 0.020370370370370372
1 0.5913194444444444 0.36574074074074076 0.009027777777777777 0.018518518518518517
0 0.8232638888888889 0.37037037037037035 0.013194444444444444 0.022222222222222223
1 0.609375 0.3726851851851852 0.011805555555555555 0.021296296296296296
0 0.8541666666666666 0.37824074074074077 0.015277777777777777 0.026851851851851852
1 0.5756944444444444 0.3824074074074074 0.013888888888888888 0.024074074074074074
0 0.8100694444444444 0.3925925925925926 0.017361111111111112 0.03148148148148148
1 0.4548611111111111 0.3958333333333333 0.016666666666666666 0.028703703703703703
0 0.6572916666666667 0.412962962962963 0.022916666666666665 0.03888888888888889
1 0.2513888888888889 0.4125 0.019444444444444445 0.032407407407407406
0 0.44305555555555554 0.45601851851851855 0.030555555555555555 0.05462962962962963
0 0.44479166666666664 0.5388888888888889 0.06041666666666667 0.09259259259259259