0 0.003061224489795918 0.5736363636363636 0.006122448979591836 0.038181818181818185
0 0.19387755102040816 0.5754545454545454 0.014285714285714285 0.034545454545454546
1 0.23265306122448978 0.5736363636363636 0.01020408163265306 0.02727272727272727
0 0.3673469387755102 0.5781818181818181 0.014285714285714285 0.03272727272727273
1 0.44081632653061226 0.5763636363636364 0.01020408163265306 0.025454545454545455
0 0.5265306122448979 0.5836363636363636 0.014285714285714285 0.03636363636363636
0 0.6311224489795918 0.5754545454545454 0.007142857142857143 0.02
1 0.6821428571428572 0.5754545454545454 0.007142857142857143 0.02
1 0.6448979591836734 0.5818181818181818 0.012244897959183673 0.02909090909090909
0 0.6755102040816326 0.5890909090909091 0.02040816326530612 0.04363636363636364
1 0.861734693877551 0.5927272727272728 0.015306122448979591 0.04
0 0.8153061224489796 0.6136363636363636 0.022448979591836733 0.06
0 0.8964285714285715 0.6509090909090909 0.04795918367346939 0.08727272727272728
0 0.7989795918367347 0.71 0.07551020408163266 0.14727272727272728