1 0.91328125 0.44166666666666665 0.0109375 0.022222222222222223
1 0.81328125 0.4444444444444444 0.0109375 0.022222222222222223
1 0.73671875 0.44930555555555557 0.0109375 0.02361111111111111
1 0.65859375 0.45625 0.0109375 0.02638888888888889
0 0.924609375 0.4597222222222222 0.01796875 0.03333333333333333
0 0.848046875 0.4673611111111111 0.01796875 0.034722222222222224
1 0.598828125 0.4666666666666667 0.01328125 0.030555555555555555
1 0.524609375 0.48055555555555557 0.01640625 0.03611111111111111
0 0.75859375 0.4909722222222222 0.021875 0.043055555555555555
1 0.42890625 0.5069444444444444 0.021875 0.04722222222222222
0 0.7515625 0.5548611111111111 0.040625 0.07361111111111111
1 0.32734375 0.5604166666666667 0.034375 0.07083333333333333