1 0.10408163265306122 0.5781818181818181 0.014285714285714285 0.03272727272727273
0 0.19438775510204082 0.5854545454545454 0.019387755102040816 0.04363636363636364
1 0.3433673469387755 0.5827272727272728 0.013265306122448979 0.034545454545454546
0 0.3673469387755102 0.5909090909090909 0.02040816326530612 0.05090909090909091
0 0.5122448979591837 0.6 0.02857142857142857 0.06909090909090909
0 0.6377551020408163 0.5781818181818181 0.01020408163265306 0.025454545454545455
1 0.575 0.5881818181818181 0.017346938775510204 0.04181818181818182
1 0.6979591836734694 0.58 0.01020408163265306 0.025454545454545455
1 0.8367346938775511 0.6072727272727273 0.024489795918367346 0.05818181818181818
0 0.6081632653061224 0.6536363636363637 0.053061224489795916 0.11090909090909092
0 0.4188775510204082 0.8227272727272728 0.11734693877551021 0.2781818181818182