1 0.80078125 0.4527777777777778 0.0109375 0.025
1 0.944140625 0.43680555555555556 0.00859375 0.018055555555555554
1 0.923828125 0.44305555555555554 0.00859375 0.019444444444444445
1 0.840625 0.44513888888888886 0.009375 0.020833333333333332
1 0.737890625 0.48680555555555555 0.01796875 0.04027777777777778
1 0.60703125 0.5215277777777778 0.0234375 0.05138888888888889
1 0.411328125 0.5986111111111111 0.03828125 0.08611111111111111
1 0.96015625 0.43194444444444446 0.00625 0.013888888888888888
1 0.965234375 0.42777777777777776 0.00546875 0.013888888888888888
1 0.99375 0.4263888888888889 0.00625 0.013888888888888888
1 0.973046875 0.42569444444444443 0.00546875 0.0125