0 0.833984375 0.38958333333333334 0.00859375 0.018055555555555554
1 0.865234375 0.38472222222222224 0.00703125 0.013888888888888888
1 0.822265625 0.3861111111111111 0.00546875 0.013888888888888888
0 0.240234375 0.40069444444444446 0.00859375 0.018055555555555554
1 0.168359375 0.39444444444444443 0.00703125 0.013888888888888888
1 0.3109375 0.39375 0.00625 0.015277777777777777
1 0.107421875 0.39305555555555555 0.00703125 0.013888888888888888
1 0.64609375 0.3875 0.00625 0.013888888888888888
0 0.91875 0.3888888888888889 0.009375 0.019444444444444445
1 0.3890625 0.39375 0.00625 0.015277777777777777
0 0.043359375 0.4027777777777778 0.01015625 0.019444444444444445
0 0.157421875 0.40347222222222223 0.00859375 0.018055555555555554
0 0.101171875 0.4027777777777778 0.00859375 0.019444444444444445
1 0.595703125 0.3888888888888889 0.00546875 0.013888888888888888
1 0.701171875 0.3861111111111111 0.00546875 0.013888888888888888
0 0.380078125 0.3993055555555556 0.00859375 0.018055555555555554
0 0.529296875 0.39791666666666664 0.00859375 0.018055555555555554
0 0.319140625 0.40069444444444446 0.00859375 0.018055555555555554
0 0.444921875 0.39652777777777776 0.00859375 0.018055555555555554
0 0.75703125 0.3923611111111111 0.0078125 0.018055555555555554
0 0.656640625 0.39375 0.00703125 0.018055555555555554
0 0.5875 0.3951388888888889 0.0078125 0.018055555555555554
0 0.0484375 0.44583333333333336 0.0234375 0.041666666666666664
0 0.253125 0.44166666666666665 0.021875 0.041666666666666664
0 0.353515625 0.4513888888888889 0.02421875 0.04722222222222222
0 0.150390625 0.4423611111111111 0.02109375 0.04027777777777778
0 0.522265625 0.47152777777777777 0.03046875 0.05694444444444444
0 0.68671875 0.5479166666666667 0.0546875 0.10416666666666667
0 0.997265625 0.3888888888888889 0.00546875 0.016666666666666666
0 0.00390625 0.4041666666666667 0.0078125 0.019444444444444445