1 0.753515625 0.48055555555555557 0.01796875 0.03611111111111111
1 0.6671875 0.47847222222222224 0.0171875 0.0375
0 0.771875 0.5555555555555556 0.0296875 0.06666666666666667
1 0.571875 0.48541666666666666 0.01875 0.04027777777777778
1 0.512109375 0.5034722222222222 0.02265625 0.04861111111111111
1 0.416015625 0.5583333333333333 0.02734375 0.06666666666666667
0 0.7421875 0.6006944444444444 0.0421875 0.07916666666666666
0 0.858984375 0.5527777777777778 0.03359375 0.06388888888888888
0 0.8671875 0.8145833333333333 0.078125 0.16805555555555557
1 0.309375 0.7027777777777777 0.059375 0.11944444444444445
1 0.896484375 0.5013888888888889 0.02109375 0.044444444444444446