1 0.421875 0.43194444444444446 0.0078125 0.016666666666666666
1 0.1421875 0.4152777777777778 0.009375 0.022222222222222223
1 0.272265625 0.41805555555555557 0.00703125 0.016666666666666666
1 0.3125 0.42291666666666666 0.0078125 0.018055555555555554
1 0.364453125 0.4284722222222222 0.00859375 0.018055555555555554
1 0.2015625 0.4152777777777778 0.0078125 0.016666666666666666
1 0.0046875 0.42430555555555555 0.009375 0.020833333333333332
0 0.209375 0.43194444444444446 0.0109375 0.022222222222222223
1 0.2421875 0.4166666666666667 0.0078125 0.016666666666666666
1 0.500390625 0.4423611111111111 0.00703125 0.020833333333333332
0 0.3203125 0.4409722222222222 0.0109375 0.02361111111111111
1 0.09140625 0.4166666666666667 0.009375 0.019444444444444445
0 0.155859375 0.4388888888888889 0.01328125 0.027777777777777776
0 0.184375 0.4513888888888889 0.0171875 0.030555555555555555
0 0.28046875 0.4340277777777778 0.0109375 0.02361111111111111
1 0.880859375 0.4875 0.01640625 0.030555555555555555
1 0.716015625 0.4666666666666667 0.01171875 0.027777777777777776
0 0.408984375 0.4583333333333333 0.01328125 0.030555555555555555
0 0.675 0.5208333333333334 0.021875 0.04722222222222222
0 0.25390625 0.47430555555555554 0.0203125 0.0375
0 0.430859375 0.5180555555555556 0.02421875 0.05
0 0.552734375 0.5881944444444445 0.03203125 0.0763888888888889