0 0.721875 0.40902777777777777 0.015625 0.03194444444444444
0 0.658203125 0.40902777777777777 0.01484375 0.03194444444444444
1 0.994140625 0.3875 0.01171875 0.019444444444444445
1 0.2171875 0.39375 0.0078125 0.018055555555555554
1 0.650390625 0.3909722222222222 0.00703125 0.018055555555555554
1 0.58359375 0.39166666666666666 0.009375 0.019444444444444445
1 0.131640625 0.3958333333333333 0.00703125 0.016666666666666666
1 0.3234375 0.39305555555555555 0.0078125 0.016666666666666666
1 0.028515625 0.4013888888888889 0.00859375 0.016666666666666666
0 0.14765625 0.40902777777777777 0.0109375 0.02638888888888889
1 0.17109375 0.3951388888888889 0.0078125 0.018055555555555554
0 0.277734375 0.41041666666666665 0.01171875 0.02638888888888889
1 0.711328125 0.3888888888888889 0.01015625 0.019444444444444445
1 0.4484375 0.39305555555555555 0.009375 0.019444444444444445
1 0.5109375 0.39305555555555555 0.009375 0.019444444444444445
1 0.079296875 0.3993055555555556 0.00859375 0.018055555555555554
1 0.7890625 0.3875 0.0109375 0.022222222222222223
1 0.90546875 0.3854166666666667 0.0109375 0.020833333333333332
1 0.380078125 0.39305555555555555 0.00859375 0.019444444444444445
0 0.06015625 0.41180555555555554 0.0125 0.02361111111111111
0 0.101171875 0.4111111111111111 0.01171875 0.025
0 0.207421875 0.40902777777777777 0.01328125 0.02638888888888889
0 0.408203125 0.40902777777777777 0.01328125 0.029166666666666667
0 0.821875 0.4076388888888889 0.0171875 0.034722222222222224
0 0.350390625 0.40902777777777777 0.01328125 0.029166666666666667
0 0.562890625 0.40902777777777777 0.01171875 0.029166666666666667
0 0.041015625 0.45 0.02265625 0.041666666666666664
0 0.929296875 0.40902777777777777 0.01953125 0.034722222222222224
0 0.14765625 0.4513888888888889 0.0234375 0.044444444444444446
0 0.26953125 0.4548611111111111 0.0234375 0.04583333333333333
0 0.41796875 0.45625 0.025 0.04861111111111111
0 0.5734375 0.4652777777777778 0.0265625 0.05555555555555555
0 0.716015625 0.48680555555555555 0.03671875 0.07083333333333333
0 0.915234375 0.5263888888888889 0.05703125 0.09166666666666666
0 0.00390625 0.41597222222222224 0.0078125 0.02361111111111111
0 0.487890625 0.40902777777777777 0.01328125 0.029166666666666667