1 0.972265625 0.3902777777777778 0.00703125 0.013888888888888888
0 0.621484375 0.39652777777777776 0.00703125 0.018055555555555554
1 0.7265625 0.38819444444444445 0.00625 0.0125
0 0.57265625 0.4027777777777778 0.009375 0.016666666666666666
0 0.5859375 0.3993055555555556 0.0078125 0.018055555555555554
1 0.397265625 0.4215277777777778 0.01015625 0.02361111111111111
1 0.688671875 0.3888888888888889 0.00546875 0.013888888888888888
1 0.38359375 0.43333333333333335 0.0125 0.027777777777777776
1 0.4140625 0.4076388888888889 0.0078125 0.018055555555555554
0 0.831640625 0.39305555555555555 0.00859375 0.016666666666666666
0 0.96171875 0.3958333333333333 0.0109375 0.019444444444444445
0 0.89296875 0.39375 0.009375 0.018055555555555554
1 0.405859375 0.4131944444444444 0.00859375 0.020833333333333332
0 0.78515625 0.3923611111111111 0.0078125 0.018055555555555554
0 0.59921875 0.39861111111111114 0.0078125 0.016666666666666666
1 0.496484375 0.39305555555555555 0.00546875 0.013888888888888888
1 0.540234375 0.3909722222222222 0.00546875 0.015277777777777777
0 0.674609375 0.39375 0.00703125 0.015277777777777777
1 0.434375 0.3993055555555556 0.00625 0.015277777777777777
0 0.65078125 0.3951388888888889 0.0078125 0.018055555555555554
0 0.74453125 0.3923611111111111 0.0078125 0.015277777777777777
0 0.558203125 0.41041666666666665 0.01015625 0.02361111111111111
1 0.46015625 0.3972222222222222 0.00625 0.016666666666666666
0 0.572265625 0.4173611111111111 0.01328125 0.029166666666666667
0 0.70625 0.39375 0.0078125 0.018055555555555554
0 0.612109375 0.43333333333333335 0.01796875 0.03888888888888889
1 0.363671875 0.4486111111111111 0.01796875 0.03888888888888889
0 0.687890625 0.4666666666666667 0.03046875 0.05555555555555555
1 0.311328125 0.4909722222222222 0.03203125 0.06527777777777778
1 0.1640625 0.6159722222222223 0.075 0.1375
0 0.890234375 0.5597222222222222 0.06953125 0.1111111111111111
0 0.563671875 0.40555555555555556 0.00546875 0.022222222222222223
1 0.899609375 0.3902777777777778 0.00390625 0.011111111111111112
1 0.837109375 0.3888888888888889 0.00390625 0.008333333333333333
1 0.776953125 0.3888888888888889 0.00390625 0.011111111111111112
1 0.62890625 0.3902777777777778 0.0046875 0.011111111111111112