0 0.41796875 0.5453703703703704 0.009895833333333333 0.037037037037037035
0 0.49270833333333336 0.5069444444444444 0.008333333333333333 0.023148148148148147
0 0.471875 0.5231481481481481 0.0125 0.03333333333333333
0 0.49973958333333335 0.49675925925925923 0.0046875 0.017592592592592594
0 0.5145833333333333 0.4875 0.003125 0.013888888888888888
0 0.5026041666666666 0.49398148148148147 0.004166666666666667 0.01574074074074074
0 0.53828125 0.48657407407407405 0.0026041666666666665 0.012037037037037037
0 0.5403645833333334 0.4847222222222222 0.0015625 0.010185185185185186
0 0.5231770833333333 0.4824074074074074 0.0026041666666666665 0.009259259259259259
0 0.559375 0.487962962962963 0.0020833333333333333 0.009259259259259259
0 0.56171875 0.48703703703703705 0.0015625 0.009259259259259259