0 0.3494791666666667 0.512962962962963 0.016666666666666666 0.03888888888888889
0 0.41015625 0.4787037037037037 0.0078125 0.020370370370370372
0 0.2875 0.5592592592592592 0.014583333333333334 0.053703703703703705
0 0.36953125 0.487962962962963 0.009895833333333333 0.025925925925925925
0 0.41171875 0.5314814814814814 0.0109375 0.03518518518518519
0 0.44244791666666666 0.475462962962963 0.005729166666666666 0.017592592592592594
0 0.8494791666666667 0.524537037037037 0.0125 0.030555555555555555
0 0.30520833333333336 0.49953703703703706 0.014583333333333334 0.032407407407407406
0 0.4552083333333333 0.4708333333333333 0.005208333333333333 0.01574074074074074
0 0.4640625 0.46805555555555556 0.003125 0.012037037037037037
0 0.42239583333333336 0.5310185185185186 0.010416666666666666 0.04351851851851852
0 0.4671875 0.4652777777777778 0.0020833333333333333 0.010185185185185186
0 0.45677083333333335 0.462037037037037 0.003125 0.012962962962962963
0 0.45208333333333334 0.45694444444444443 0.0020833333333333333 0.008333333333333333
0 0.44192708333333336 0.45694444444444443 0.0015625 0.008333333333333333
0 0.46848958333333335 0.4638888888888889 0.0015625 0.009259259259259259