0 0.38333333333333336 0.5259259259259259 0.016666666666666666 0.037037037037037035
0 0.3072916666666667 0.538425925925926 0.011458333333333333 0.03981481481481482
0 0.47552083333333334 0.5120370370370371 0.014583333333333334 0.03148148148148148
0 0.5911458333333334 0.48935185185185187 0.00625 0.017592592592592594
0 0.7213541666666666 0.49166666666666664 0.005208333333333333 0.016666666666666666
0 0.6997395833333333 0.4912037037037037 0.005729166666666666 0.017592592592592594
0 0.7565104166666666 0.49166666666666664 0.005729166666666666 0.016666666666666666
0 0.6268229166666667 0.49074074074074076 0.005729166666666666 0.018518518518518517
0 0.7901041666666667 0.49166666666666664 0.00625 0.016666666666666666
0 0.8033854166666666 0.4888888888888889 0.0046875 0.014814814814814815
0 0.5833333333333334 0.48194444444444445 0.005208333333333333 0.013888888888888888
0 0.35703125 0.4962962962962963 0.0067708333333333336 0.020370370370370372
0 0.8294270833333334 0.4828703703703704 0.0036458333333333334 0.012037037037037037
0 0.9971354166666667 0.5222222222222223 0.0046875 0.022222222222222223
0 0.60234375 0.4740740740740741 0.0036458333333333334 0.011111111111111112
0 0.6338541666666667 0.48842592592592593 0.00625 0.017592592592592594
0 0.81640625 0.48564814814814816 0.0046875 0.013888888888888888
0 0.6208333333333333 0.47962962962962963 0.004166666666666667 0.011111111111111112
0 0.865625 0.48055555555555557 0.003125 0.007407407407407408
0 0.64609375 0.48842592592592593 0.0046875 0.01574074074074074
0 0.6705729166666666 0.48935185185185187 0.0046875 0.01574074074074074
0 0.5171875 0.4699074074074074 0.003125 0.008333333333333333
0 0.8466145833333333 0.48148148148148145 0.0036458333333333334 0.011111111111111112
0 0.553125 0.4722222222222222 0.003125 0.007407407407407408
0 0.63359375 0.4773148148148148 0.0046875 0.013888888888888888
0 0.578125 0.47314814814814815 0.003125 0.009259259259259259
0 0.87421875 0.47824074074074074 0.0036458333333333334 0.008333333333333333
0 0.8533854166666667 0.4699074074074074 0.0036458333333333334 0.008333333333333333
0 0.5114583333333333 0.4699074074074074 0.003125 0.008333333333333333
0 0.87734375 0.47638888888888886 0.0026041666666666665 0.008333333333333333
0 0.5229166666666667 0.4699074074074074 0.003125 0.008333333333333333
0 0.5330729166666667 0.47129629629629627 0.0036458333333333334 0.009259259259259259
0 0.5572916666666666 0.4861111111111111 0.005208333333333333 0.014814814814814815
0 0.5596354166666667 0.48518518518518516 0.0046875 0.014814814814814815
0 0.65625 0.49537037037037035 0.009375 0.011111111111111112
0 0.665625 0.49166666666666664 0.004166666666666667 0.018518518518518517
0 0.6630208333333333 0.48703703703703705 0.004166666666666667 0.014814814814814815
0 0.6911458333333333 0.49398148148148147 0.009375 0.010185185185185186
0 0.7125 0.4935185185185185 0.009375 0.009259259259259259
0 0.8661458333333333 0.4708333333333333 0.003125 0.008333333333333333