0 0.28984375 0.49583333333333335 0.0078125 0.017592592592592594
0 0.3059895833333333 0.5046296296296297 0.008854166666666666 0.022222222222222223
0 0.34401041666666665 0.5125 0.0109375 0.028703703703703703
0 0.31666666666666665 0.4898148148148148 0.00625 0.014814814814814815
0 0.35572916666666665 0.4861111111111111 0.004166666666666667 0.011111111111111112
0 0.3692708333333333 0.4759259259259259 0.005208333333333333 0.011111111111111112
0 0.23072916666666668 0.6037037037037037 0.014583333333333334 0.04259259259259259
0 0.3828125 0.48148148148148145 0.005208333333333333 0.012962962962962963
0 0.3377604166666667 0.538425925925926 0.0078125 0.019444444444444445
0 0.35651041666666666 0.475 0.0036458333333333334 0.009259259259259259
0 0.3463541666666667 0.4703703703703704 0.003125 0.007407407407407408
0 0.3494791666666667 0.4736111111111111 0.003125 0.008333333333333333