0 0.4278645833333333 0.4925925925925926 0.0078125 0.022222222222222223
0 0.3421875 0.5254629629629629 0.015625 0.03611111111111111
0 0.40703125 0.5018518518518519 0.008854166666666666 0.025925925925925925
0 0.40703125 0.4777777777777778 0.005729166666666666 0.016666666666666666
0 0.3807291666666667 0.475 0.00625 0.016666666666666666
0 0.43203125 0.4842592592592593 0.0067708333333333336 0.020370370370370372
0 0.3494791666666667 0.4736111111111111 0.005208333333333333 0.013888888888888888
0 0.29348958333333336 0.47314814814814815 0.0036458333333333334 0.014814814814814815
0 0.5744791666666667 0.4444444444444444 0.003125 0.009259259259259259
0 0.5427083333333333 0.44814814814814813 0.003125 0.009259259259259259
0 0.5625 0.4462962962962963 0.003125 0.009259259259259259
0 0.48880208333333336 0.4486111111111111 0.0036458333333333334 0.010185185185185186
0 0.45729166666666665 0.44814814814814813 0.003125 0.009259259259259259
0 0.44036458333333334 0.44537037037037036 0.0026041666666666665 0.007407407407407408
0 0.42291666666666666 0.4486111111111111 0.003125 0.008333333333333333