0 0.7270833333333333 0.5763888888888888 0.013541666666666667 0.03796296296296296
0 0.34765625 0.5365740740740741 0.0109375 0.032407407407407406
0 0.5885416666666666 0.5509259259259259 0.0125 0.03148148148148148
0 0.41067708333333336 0.5226851851851851 0.0067708333333333336 0.023148148148148147
0 0.9119791666666667 0.5962962962962963 0.017708333333333333 0.040740740740740744
0 0.4046875 0.513425925925926 0.004166666666666667 0.017592592592592594
0 0.9252604166666667 0.5425925925925926 0.0046875 0.016666666666666666
0 0.9833333333333333 0.5527777777777778 0.00625 0.018518518518518517
0 0.67890625 0.5203703703703704 0.0046875 0.014814814814814815
0 0.8619791666666666 0.5351851851851852 0.004166666666666667 0.014814814814814815
0 0.5369791666666667 0.5310185185185186 0.007291666666666667 0.023148148148148147
0 0.5450520833333333 0.5222222222222223 0.005729166666666666 0.018518518518518517
0 0.37161458333333336 0.5050925925925925 0.0036458333333333334 0.01574074074074074
0 0.7372395833333333 0.5231481481481481 0.0046875 0.012962962962962963
0 0.7984375 0.5277777777777778 0.004166666666666667 0.014814814814814815
0 0.57734375 0.5189814814814815 0.0046875 0.013888888888888888
0 0.32447916666666665 0.4986111111111111 0.004166666666666667 0.013888888888888888
0 0.62421875 0.5185185185185185 0.005729166666666666 0.014814814814814815
0 0.26927083333333335 0.49166666666666664 0.003125 0.011111111111111112
1 0.47291666666666665 0.5125 0.004166666666666667 0.01574074074074074
1 0.4856770833333333 0.5009259259259259 0.0015625 0.009259259259259259
1 0.46119791666666665 0.49722222222222223 0.0015625 0.007407407407407408
1 0.43203125 0.4976851851851852 0.0015625 0.008333333333333333
1 0.39739583333333334 0.4935185185185185 0.0010416666666666667 0.007407407407407408