0 0.8166666666666667 0.6018518518518519 0.021875 0.044444444444444446
0 0.89375 0.6805555555555556 0.05 0.08333333333333333
0 0.7890625 0.5777777777777777 0.015625 0.027777777777777776
0 0.7666666666666667 0.5592592592592592 0.008333333333333333 0.014814814814814815
0 0.7802083333333333 0.5685185185185185 0.010416666666666666 0.022222222222222223
0 0.7609375 0.5537037037037037 0.007291666666666667 0.011111111111111112
0 0.8010416666666667 0.5564814814814815 0.00625 0.009259259259259259
1 0.7442708333333333 0.5435185185185185 0.003125 0.009259259259259259
0 0.8651041666666667 0.5666666666666667 0.00625 0.009259259259259259
0 0.8338541666666667 0.562037037037037 0.005208333333333333 0.009259259259259259
1 0.746875 0.5425925925925926 0.003125 0.009259259259259259