1 0.390625 0.3537037037037037 0.01875 0.040740740740740744
0 0.6145833333333334 0.38796296296296295 0.020833333333333332 0.04814814814814815
0 0.6104166666666667 0.3425925925925926 0.014583333333333334 0.03518518518518519
0 0.6447916666666667 0.32685185185185184 0.010416666666666666 0.025925925925925925
1 0.5401041666666667 0.3037037037037037 0.009375 0.022222222222222223
0 0.6932291666666667 0.31666666666666665 0.007291666666666667 0.018518518518518517
1 0.715625 0.3074074074074074 0.00625 0.014814814814814815
1 0.6203125 0.2972222222222222 0.007291666666666667 0.016666666666666666
1 0.46770833333333334 0.3148148148148148 0.0125 0.02962962962962963
0 0.7546875 0.3212962962962963 0.00625 0.016666666666666666
0 0.8416666666666667 0.3398148148148148 0.00625 0.012962962962962963
1 0.8080729166666667 0.3263888888888889 0.0046875 0.013888888888888888
1 0.89296875 0.3523148148148148 0.0036458333333333334 0.013888888888888888
0 0.8895833333333333 0.35185185185185186 0.004166666666666667 0.016666666666666666