0 0.7567708333333333 0.5888888888888889 0.01875 0.037037037037037035
0 0.7859375 0.5712962962962963 0.011458333333333333 0.022222222222222223
0 0.8515625 0.7138888888888889 0.059375 0.10555555555555556
0 0.734375 0.6157407407407407 0.029166666666666667 0.05740740740740741
0 0.76875 0.575925925925926 0.0125 0.025925925925925925
0 0.7145833333333333 0.5444444444444444 0.00625 0.014814814814814815
0 0.7588541666666667 0.5583333333333333 0.007291666666666667 0.016666666666666666
0 0.8760416666666667 0.5824074074074074 0.010416666666666666 0.020370370370370372
0 0.6828125 0.5370370370370371 0.005208333333333333 0.011111111111111112
0 0.6630208333333333 0.5314814814814814 0.005208333333333333 0.009259259259259259
0 0.7885416666666667 0.5666666666666667 0.007291666666666667 0.016666666666666666