0 0.2890625 0.3037037037037037 0.011458333333333333 0.025925925925925925
1 0.1609375 0.31666666666666665 0.009375 0.025925925925925925
0 0.26875 0.2796296296296296 0.008333333333333333 0.014814814814814815
1 0.1875 0.28703703703703703 0.00625 0.018518518518518517
0 0.2677083333333333 0.2601851851851852 0.004166666666666667 0.009259259259259259
0 0.6875 0.29907407407407405 0.004166666666666667 0.012962962962962963
1 0.7078125 0.29907407407407405 0.005208333333333333 0.011111111111111112
0 0.7229166666666667 0.3074074074074074 0.00625 0.014814814814814815
1 0.71875 0.30185185185185187 0.004166666666666667 0.011111111111111112
1 0.7364583333333333 0.3074074074074074 0.00625 0.011111111111111112
0 0.7921875 0.32407407407407407 0.00625 0.011111111111111112
0 0.6697916666666667 0.2935185185185185 0.004166666666666667 0.012962962962962963
0 0.85625 0.3435185185185185 0.00625 0.012962962962962963
1 0.8953125 0.3527777777777778 0.00625 0.012962962962962963
0 0.625 0.2824074074074074 0.004166666666666667 0.011111111111111112
0 0.6473958333333333 0.28703703703703703 0.005208333333333333 0.011111111111111112
1 0.21666666666666667 0.2657407407407407 0.00625 0.012962962962962963
1 0.83125 0.33240740740740743 0.00625 0.011111111111111112
0 0.6661458333333333 0.2898148148148148 0.005208333333333333 0.009259259259259259
1 0.76875 0.31574074074074077 0.00625 0.012962962962962963
0 0.2703125 0.25092592592592594 0.005208333333333333 0.007407407407407408
1 0.2390625 0.2518518518518518 0.003125 0.007407407407407408
1 0.2598958333333333 0.24259259259259258 0.003125 0.003703703703703704