0 0.52109375 0.4912037037037037 0.0109375 0.023148148148148147
0 0.5518229166666667 0.4759259259259259 0.0067708333333333336 0.016666666666666666
0 0.36041666666666666 0.5328703703703703 0.009375 0.028703703703703703
0 0.6140625 0.4648148148148148 0.00625 0.014814814814814815
0 0.48125 0.5212962962962963 0.015625 0.03888888888888889
0 0.6572916666666667 0.4583333333333333 0.004166666666666667 0.009259259259259259
0 0.70234375 0.4532407407407407 0.0026041666666666665 0.008333333333333333
0 0.74453125 0.4486111111111111 0.0026041666666666665 0.006481481481481481
0 0.796875 0.4449074074074074 0.0020833333333333333 0.006481481481481481
0 0.8296875 0.44212962962962965 0.0020833333333333333 0.004629629629629629
0 0.8520833333333333 0.4412037037037037 0.0020833333333333333 0.004629629629629629
0 0.8744791666666667 0.44027777777777777 0.0020833333333333333 0.004629629629629629
0 0.37421875 0.4652777777777778 0.0026041666666666665 0.008333333333333333
0 0.37083333333333335 0.46296296296296297 0.0020833333333333333 0.007407407407407408
0 0.3625 0.462037037037037 0.0020833333333333333 0.007407407407407408
0 0.3919270833333333 0.45694444444444443 0.0026041666666666665 0.006481481481481481
0 0.40520833333333334 0.45601851851851855 0.0020833333333333333 0.006481481481481481
0 0.41848958333333336 0.4546296296296296 0.0026041666666666665 0.005555555555555556