0 0.5018229166666667 0.5217592592592593 0.018229166666666668 0.041666666666666664
0 0.60390625 0.5046296296296297 0.009895833333333333 0.027777777777777776
0 0.5322916666666667 0.4666666666666667 0.004166666666666667 0.014814814814814815
0 0.6299479166666667 0.4949074074074074 0.0067708333333333336 0.023148148148148147
0 0.5828125 0.475462962962963 0.005208333333333333 0.01574074074074074
0 0.4942708333333333 0.4587962962962963 0.004166666666666667 0.012037037037037037
0 0.61953125 0.48657407407407405 0.0046875 0.017592592592592594
0 0.5674479166666667 0.44814814814814813 0.0026041666666666665 0.009259259259259259
0 0.525 0.45231481481481484 0.003125 0.010185185185185186
0 0.5020833333333333 0.4550925925925926 0.004166666666666667 0.012037037037037037
0 0.5541666666666667 0.45046296296296295 0.0020833333333333333 0.010185185185185186
0 0.296875 0.5439814814814815 0.014583333333333334 0.03981481481481482