0 0.7153645833333333 0.5736111111111111 0.015104166666666667 0.028703703703703703
0 0.8010416666666667 0.6 0.022916666666666665 0.040740740740740744
0 0.8875 0.5731481481481482 0.008333333333333333 0.016666666666666666
0 0.7666666666666667 0.5657407407407408 0.009375 0.020370370370370372
0 0.8223958333333333 0.5685185185185185 0.009375 0.018518518518518517
0 0.9424479166666667 0.5745370370370371 0.0078125 0.013888888888888888
0 0.9708333333333333 0.5712962962962963 0.007291666666666667 0.012962962962962963
0 0.9497395833333333 0.5574074074074075 0.0046875 0.011111111111111112
0 0.7122395833333334 0.5643518518518519 0.011979166666666667 0.023148148148148147
0 0.9744791666666667 0.5652777777777778 0.005208333333333333 0.012037037037037037
0 0.9354166666666667 0.5527777777777778 0.004166666666666667 0.011111111111111112
0 0.9205729166666666 0.549074074074074 0.0036458333333333334 0.009259259259259259