0 0.5265625 0.525 0.0125 0.027777777777777776
0 0.6338541666666667 0.5305555555555556 0.009375 0.016666666666666666
0 0.5666666666666667 0.5268518518518519 0.010416666666666666 0.024074074074074074
0 0.8770833333333333 0.7055555555555556 0.065625 0.11481481481481481
0 0.6739583333333333 0.5314814814814814 0.009375 0.014814814814814815
0 0.684375 0.5296296296296297 0.00625 0.014814814814814815
0 0.703125 0.5296296296296297 0.00625 0.011111111111111112
0 0.7322916666666667 0.5296296296296297 0.00625 0.011111111111111112
0 0.8651041666666667 0.5416666666666666 0.005208333333333333 0.009259259259259259
0 0.8223958333333333 0.537962962962963 0.00625 0.009259259259259259
0 0.7755208333333333 0.5324074074074074 0.00625 0.009259259259259259
0 0.6684895833333333 0.6050925925925926 0.0328125 0.04537037037037037