0 0.25052083333333336 0.5824074074074074 0.020833333333333332 0.053703703703703705
0 0.221875 0.5476851851851852 0.013541666666666667 0.03611111111111111
0 0.45 0.524537037037037 0.00625 0.021296296296296296
0 0.340625 0.5259259259259259 0.007291666666666667 0.024074074074074074
0 0.24635416666666668 0.5212962962962963 0.00625 0.020370370370370372
0 0.5520833333333334 0.512962962962963 0.005208333333333333 0.016666666666666666
0 0.5453125 0.5060185185185185 0.005208333333333333 0.013888888888888888
0 0.19479166666666667 0.5143518518518518 0.005208333333333333 0.017592592592592594
0 0.52421875 0.5194444444444445 0.0067708333333333336 0.018518518518518517
0 0.15052083333333333 0.5314814814814814 0.007291666666666667 0.025925925925925925
0 0.48098958333333336 0.49907407407407406 0.0036458333333333334 0.011111111111111112
0 0.5190104166666667 0.5018518518518519 0.0036458333333333334 0.011111111111111112
0 0.18958333333333333 0.5101851851851852 0.004166666666666667 0.016666666666666666
0 0.4356770833333333 0.49675925925925923 0.0036458333333333334 0.012037037037037037
0 0.28984375 0.4981481481481482 0.0036458333333333334 0.011111111111111112
0 0.21067708333333332 0.5046296296296297 0.0036458333333333334 0.012962962962962963
0 0.3377604166666667 0.49583333333333335 0.0036458333333333334 0.012037037037037037
0 0.38671875 0.49722222222222223 0.0036458333333333334 0.011111111111111112
0 0.24583333333333332 0.500462962962963 0.004166666666666667 0.012037037037037037