0 0.37994791666666666 0.538425925925926 0.013020833333333334 0.03981481481481482
0 0.38984375 0.5152777777777777 0.0078125 0.026851851851851852
1 0.3033854166666667 0.5018518518518519 0.0036458333333333334 0.016666666666666666
0 0.25078125 0.6134259259259259 0.0140625 0.04351851851851852
1 0.36432291666666666 0.49583333333333335 0.0026041666666666665 0.013888888888888888
1 0.3151041666666667 0.49074074074074076 0.0020833333333333333 0.011111111111111112
1 0.24270833333333333 0.5157407407407407 0.005208333333333333 0.020370370370370372
1 0.34765625 0.4875 0.0026041666666666665 0.012037037037037037
1 0.25338541666666664 0.49722222222222223 0.0026041666666666665 0.014814814814814815
0 0.39479166666666665 0.49907407407407406 0.004166666666666667 0.018518518518518517
0 0.39166666666666666 0.4912037037037037 0.003125 0.013888888888888888
0 0.3966145833333333 0.4828703703703704 0.0026041666666666665 0.012037037037037037