0 0.2799479166666667 0.5458333333333333 0.015104166666666667 0.049074074074074076
0 0.5234375 0.5092592592592593 0.00625 0.025925925925925925
0 0.55546875 0.5013888888888889 0.0067708333333333336 0.019444444444444445
0 0.57265625 0.4930555555555556 0.0046875 0.013888888888888888
0 0.3338541666666667 0.5277777777777778 0.014583333333333334 0.03888888888888889
0 0.5669270833333333 0.4824074074074074 0.0036458333333333334 0.011111111111111112
1 0.5044270833333333 0.5101851851851852 0.005729166666666666 0.022222222222222223
1 0.325 0.5037037037037037 0.008333333333333333 0.022222222222222223
1 0.48489583333333336 0.49907407407407406 0.003125 0.020370370370370372
1 0.37526041666666665 0.4912037037037037 0.0036458333333333334 0.017592592592592594
0 0.5697916666666667 0.487962962962963 0.004166666666666667 0.012962962962962963
1 0.48098958333333336 0.4898148148148148 0.0015625 0.014814814814814815
1 0.5135416666666667 0.5143518518518518 0.011458333333333333 0.017592592592592594
1 0.3997395833333333 0.4842592592592593 0.0026041666666666665 0.014814814814814815
1 0.43307291666666664 0.4791666666666667 0.0015625 0.010185185185185186
1 0.49322916666666666 0.4828703703703704 0.0020833333333333333 0.012037037037037037
1 0.47578125 0.475 0.0015625 0.009259259259259259
1 0.3645833333333333 0.5273148148148148 0.009375 0.03425925925925926
1 0.3494791666666667 0.5333333333333333 0.017708333333333333 0.024074074074074074