0 0.4421875 0.5120370370370371 0.009375 0.02962962962962963
0 0.41015625 0.5120370370370371 0.0109375 0.03148148148148148
0 0.4549479166666667 0.5268518518518519 0.011979166666666667 0.03518518518518519
0 0.30520833333333336 0.5226851851851851 0.016666666666666666 0.03611111111111111
0 0.6432291666666666 0.5115740740740741 0.008333333333333333 0.023148148148148147
0 0.55 0.5185185185185185 0.0125 0.03148148148148148
0 0.3763020833333333 0.5268518518518519 0.016145833333333335 0.03888888888888889
0 0.5138020833333333 0.5199074074074074 0.011979166666666667 0.032407407407407406
0 0.60078125 0.5152777777777777 0.009895833333333333 0.026851851851851852
0 0.36692708333333335 0.49212962962962964 0.0067708333333333336 0.019444444444444445
0 0.30520833333333336 0.49722222222222223 0.007291666666666667 0.022222222222222223
0 0.3885416666666667 0.5162037037037037 0.009375 0.032407407407407406
0 0.3848958333333333 0.4842592592592593 0.004166666666666667 0.014814814814814815
0 0.6604166666666667 0.487962962962963 0.004166666666666667 0.012962962962962963
0 0.6739583333333333 0.48518518518518516 0.004166666666666667 0.011111111111111112
0 0.45625 0.5152777777777777 0.011458333333333333 0.028703703703703703
0 0.3424479166666667 0.48148148148148145 0.0036458333333333334 0.012962962962962963
0 0.31015625 0.48009259259259257 0.0036458333333333334 0.012037037037037037
0 0.6619791666666667 0.47638888888888886 0.003125 0.008333333333333333
0 0.6794270833333333 0.48333333333333334 0.0036458333333333334 0.011111111111111112
0 0.6463541666666667 0.47314814814814815 0.003125 0.009259259259259259
0 0.6497395833333334 0.4912037037037037 0.0036458333333333334 0.013888888888888888
0 0.6453125 0.49537037037037035 0.005208333333333333 0.014814814814814815
0 0.6263020833333334 0.46944444444444444 0.0026041666666666665 0.007407407407407408
0 0.5322916666666667 0.5203703703703704 0.017708333333333333 0.020370370370370372
0 0.4979166666666667 0.5231481481481481 0.01875 0.022222222222222223
0 0.4361979166666667 0.5328703703703703 0.021354166666666667 0.023148148148148147
0 0.3875 0.4888888888888889 0.004166666666666667 0.014814814814814815
0 0.315625 0.46944444444444444 0.003125 0.007407407407407408