0 0.39479166666666665 0.5226851851851851 0.0125 0.028703703703703703
0 0.4752604166666667 0.5046296296296297 0.0109375 0.024074074074074074
0 0.5984375 0.4930555555555556 0.007291666666666667 0.017592592592592594
0 0.5380208333333333 0.49722222222222223 0.009375 0.020370370370370372
0 0.671875 0.48842592592592593 0.007291666666666667 0.017592592592592594
0 0.7302083333333333 0.4837962962962963 0.005208333333333333 0.013888888888888888
0 0.3658854166666667 0.5291666666666667 0.0109375 0.032407407407407406
0 0.275 0.5962962962962963 0.014583333333333334 0.06296296296296296
0 0.64296875 0.4703703703703704 0.0036458333333333334 0.009259259259259259
0 0.7075520833333333 0.47685185185185186 0.0046875 0.011111111111111112
0 0.7205729166666667 0.48518518518518516 0.0046875 0.014814814814814815
0 0.68828125 0.47453703703703703 0.0046875 0.010185185185185186
0 0.6643229166666667 0.4726851851851852 0.0046875 0.010185185185185186
0 0.6609375 0.4666666666666667 0.005208333333333333 0.011111111111111112
0 0.6270833333333333 0.46574074074074073 0.004166666666666667 0.009259259259259259
0 0.375 0.4888888888888889 0.004166666666666667 0.009259259259259259
0 0.5723958333333333 0.4685185185185185 0.005208333333333333 0.009259259259259259
0 0.7286458333333333 0.4787037037037037 0.005208333333333333 0.012962962962962963
0 0.6033854166666667 0.4689814814814815 0.0036458333333333334 0.008333333333333333