0 0.81171875 0.6203703703703703 0.027604166666666666 0.07037037037037037
0 0.7984375 0.5652777777777778 0.013541666666666667 0.03796296296296296
0 0.24322916666666666 0.5601851851851852 0.016666666666666666 0.044444444444444446
0 0.9177083333333333 0.5407407407407407 0.0125 0.027777777777777776
0 0.8463541666666666 0.5472222222222223 0.013541666666666667 0.03148148148148148
0 0.2518229166666667 0.6222222222222222 0.016145833333333335 0.07222222222222222
0 0.18177083333333333 0.5370370370370371 0.0125 0.03518518518518519
1 0.44296875 0.5115740740740741 0.0036458333333333334 0.013888888888888888
1 0.5278645833333333 0.5680555555555555 0.013020833333333334 0.04351851851851852
1 0.5299479166666666 0.5120370370370371 0.0036458333333333334 0.012962962962962963
1 0.4908854166666667 0.5069444444444444 0.0026041666666666665 0.012037037037037037
1 0.39296875 0.5060185185185185 0.0026041666666666665 0.012037037037037037