0 0.8132716049382716 0.5625 0.021604938271604937 0.04537037037037037
0 0.6552469135802469 0.6375 0.029012345679012345 0.06388888888888888
0 0.7845679012345679 0.5407407407407407 0.01728395061728395 0.044444444444444446
0 0.04259259259259259 0.5768518518518518 0.030864197530864196 0.06666666666666667
0 0.20339506172839505 0.5671296296296297 0.02654320987654321 0.05648148148148148
0 0.11882716049382716 0.5407407407407407 0.02654320987654321 0.053703703703703705
0 0.18611111111111112 0.5300925925925926 0.025308641975308643 0.05092592592592592
0 0.1410493827160494 0.5023148148148148 0.021604938271604937 0.04537037037037037
0 0.3472222222222222 0.5925925925925926 0.03148148148148148 0.06111111111111111
0 0.34629629629629627 0.5324074074074074 0.022222222222222223 0.046296296296296294
0 0.5679012345679012 0.5518518518518518 0.019753086419753086 0.03333333333333333
0 0.44938271604938274 0.5333333333333333 0.019753086419753086 0.018518518518518517