0 0.6690104166666667 0.4930555555555556 0.005729166666666666 0.01574074074074074
0 0.7127604166666667 0.49444444444444446 0.005729166666666666 0.014814814814814815
0 0.7421875 0.49444444444444446 0.00625 0.014814814814814815
0 0.5614583333333333 0.4759259259259259 0.004166666666666667 0.014814814814814815
0 0.6153645833333333 0.4842592592592593 0.0067708333333333336 0.016666666666666666
0 0.7588541666666667 0.4935185185185185 0.00625 0.012962962962962963
0 0.76875 0.48703703703703705 0.004166666666666667 0.011111111111111112
0 0.5044270833333333 0.4703703703703704 0.0036458333333333334 0.014814814814814815
0 0.7791666666666667 0.49166666666666664 0.004166666666666667 0.012962962962962963
0 0.3 0.4675925925925926 0.004166666666666667 0.012962962962962963
0 0.3611979166666667 0.4675925925925926 0.0026041666666666665 0.012962962962962963
0 0.7809895833333333 0.48935185185185187 0.0036458333333333334 0.012037037037037037