0 0.24609375 0.5842592592592593 0.027604166666666666 0.07222222222222222
0 0.31640625 0.5328703703703703 0.013020833333333334 0.03981481481481482
0 0.27578125 0.49583333333333335 0.008854166666666666 0.028703703703703703
0 0.30833333333333335 0.5037037037037037 0.010416666666666666 0.03148148148148148
0 0.23776041666666667 0.4898148148148148 0.008854166666666666 0.025925925925925925
0 0.5671875 0.44351851851851853 0.005208333333333333 0.012962962962962963
0 0.6260416666666667 0.4351851851851852 0.004166666666666667 0.011111111111111112
0 0.5322916666666667 0.4462962962962963 0.004166666666666667 0.014814814814814815
0 0.49166666666666664 0.4449074074074074 0.005208333333333333 0.013888888888888888
0 0.59375 0.44074074074074077 0.004166666666666667 0.011111111111111112
0 0.6307291666666667 0.43333333333333335 0.005208333333333333 0.011111111111111112
0 0.6083333333333333 0.43796296296296294 0.004166666666666667 0.011111111111111112
0 0.6229166666666667 0.43148148148148147 0.004166666666666667 0.007407407407407408
0 0.23541666666666666 0.4675925925925926 0.004166666666666667 0.011111111111111112
0 0.33828125 0.4537037037037037 0.0036458333333333334 0.009259259259259259
0 0.4044270833333333 0.44583333333333336 0.0036458333333333334 0.010185185185185186
0 0.4322916666666667 0.44074074074074077 0.003125 0.009259259259259259
0 0.44895833333333335 0.4439814814814815 0.004166666666666667 0.012037037037037037