0 0.9744791666666667 0.5574074074074075 0.007291666666666667 0.014814814814814815
0 0.7276041666666667 0.5296296296296297 0.00625 0.014814814814814815
0 0.9197916666666667 0.5509259259259259 0.00625 0.012962962962962963
0 0.7859375 0.5361111111111111 0.00625 0.016666666666666666
0 0.94375 0.5537037037037037 0.005208333333333333 0.011111111111111112
0 0.8390625 0.5425925925925926 0.00625 0.014814814814814815
0 0.6674479166666667 0.5208333333333334 0.0046875 0.013888888888888888
0 0.5369791666666667 0.5046296296296297 0.005208333333333333 0.011111111111111112
0 0.6002604166666666 0.5115740740740741 0.0046875 0.013888888888888888
0 0.25885416666666666 0.48333333333333334 0.005208333333333333 0.014814814814814815
0 0.4796875 0.49907407407407406 0.005208333333333333 0.009259259259259259
0 0.8875 0.5467592592592593 0.004166666666666667 0.013888888888888888
0 0.5770833333333333 0.5083333333333333 0.004166666666666667 0.009259259259259259
0 0.746875 0.5305555555555556 0.004166666666666667 0.009259259259259259
0 0.3416666666666667 0.4898148148148148 0.004166666666666667 0.014814814814814815