0 0.75625 0.5708333333333333 0.0125 0.028703703703703703
0 0.7375 0.5875 0.021875 0.03981481481481482
0 0.76875 0.5601851851851852 0.009375 0.016666666666666666
0 0.7552083333333334 0.6574074074074074 0.041666666666666664 0.08703703703703704
0 0.7630208333333334 0.5407407407407407 0.004166666666666667 0.007407407407407408
0 0.7744791666666667 0.5472222222222223 0.00625 0.009259259259259259
0 0.78046875 0.5560185185185185 0.0067708333333333336 0.01574074074074074
0 0.75625 0.5375 0.004166666666666667 0.006481481481481481
0 0.97109375 0.5717592592592593 0.005729166666666666 0.010185185185185186
0 0.7518229166666667 0.5356481481481481 0.0036458333333333334 0.006481481481481481
0 0.76875 0.5430555555555555 0.004166666666666667 0.008333333333333333
0 0.9046875 0.5611111111111111 0.005208333333333333 0.009259259259259259