0 0.353125 0.5189814814814815 0.013541666666666667 0.030555555555555555
0 0.503125 0.4912037037037037 0.008333333333333333 0.021296296296296296
0 0.3143229166666667 0.5435185185185185 0.009895833333333333 0.025925925925925925
0 0.42864583333333334 0.500462962962963 0.011458333333333333 0.023148148148148147
0 0.52890625 0.47175925925925927 0.0046875 0.013888888888888888
0 0.5408854166666667 0.4740740740740741 0.005729166666666666 0.014814814814814815
0 0.5557291666666667 0.47962962962962963 0.007291666666666667 0.018518518518518517
0 0.5510416666666667 0.4861111111111111 0.007291666666666667 0.018518518518518517
0 0.33125 0.4935185185185185 0.00625 0.014814814814814815
0 0.38958333333333334 0.48333333333333334 0.004166666666666667 0.011111111111111112
0 0.51953125 0.4638888888888889 0.0036458333333333334 0.009259259259259259
0 0.5229166666666667 0.46805555555555556 0.004166666666666667 0.010185185185185186
0 0.27786458333333336 0.6046296296296296 0.0109375 0.025925925925925925