0 0.8471354166666667 0.5879629629629629 0.0203125 0.046296296296296294
0 0.6315104166666666 0.5810185185185185 0.018229166666666668 0.04722222222222222
0 0.25859375 0.5611111111111111 0.015104166666666667 0.046296296296296294
0 0.9583333333333334 0.575925925925926 0.015625 0.037037037037037035
0 0.46015625 0.5518518518518518 0.015104166666666667 0.037037037037037035
0 0.97109375 0.5583333333333333 0.0109375 0.027777777777777776
0 0.20546875 0.5351851851851852 0.011979166666666667 0.03148148148148148
0 0.8244791666666667 0.5236111111111111 0.005208333333333333 0.01574074074074074
0 0.7609375 0.5171296296296296 0.004166666666666667 0.013888888888888888
0 0.40677083333333336 0.5296296296296297 0.008333333333333333 0.025925925925925925
0 0.6966145833333334 0.513425925925926 0.0046875 0.013888888888888888
0 0.884375 0.5319444444444444 0.00625 0.017592592592592594
0 0.93671875 0.5435185185185185 0.009895833333333333 0.020370370370370372
0 0.5700520833333333 0.5097222222222222 0.0046875 0.013888888888888888
0 0.5104166666666666 0.5101851851851852 0.005208333333333333 0.016666666666666666
0 0.41875 0.5189814814814815 0.008333333333333333 0.019444444444444445
0 0.45755208333333336 0.512962962962963 0.005729166666666666 0.016666666666666666
0 0.6322916666666667 0.5106481481481482 0.004166666666666667 0.013888888888888888
1 0.284375 0.5208333333333334 0.00625 0.021296296296296296
0 0.228125 0.6259259259259259 0.010416666666666666 0.022222222222222223
1 0.246875 0.4981481481481482 0.0020833333333333333 0.011111111111111112
1 0.21145833333333333 0.4949074074074074 0.0020833333333333333 0.010185185185185186
1 0.18359375 0.4981481481481482 0.0015625 0.011111111111111112