0 0.3854166666666667 0.5125 0.010416666666666666 0.025
0 0.3229166666666667 0.5212962962962963 0.0125 0.027777777777777776
0 0.4549479166666667 0.5055555555555555 0.0109375 0.024074074074074074
0 0.60546875 0.49398148148148147 0.009895833333333333 0.021296296296296296
0 0.5322916666666667 0.49074074074074076 0.00625 0.018518518518518517
0 0.6192708333333333 0.49166666666666664 0.007291666666666667 0.018518518518518517
0 0.29010416666666666 0.49907407407407406 0.00625 0.012962962962962963
0 0.5184895833333333 0.49027777777777776 0.005729166666666666 0.01574074074074074
0 0.3614583333333333 0.49444444444444446 0.00625 0.014814814814814815
0 0.5513020833333333 0.5009259259259259 0.0078125 0.018518518518518517
0 0.4171875 0.4898148148148148 0.00625 0.014814814814814815
0 0.578125 0.4875 0.005208333333333333 0.013888888888888888
0 0.6015625 0.487962962962963 0.00625 0.016666666666666666
0 0.45208333333333334 0.49074074074074076 0.00625 0.016666666666666666
0 0.5473958333333333 0.49027777777777776 0.00625 0.01574074074074074
0 0.5098958333333333 0.4888888888888889 0.005208333333333333 0.014814814814814815
0 0.6942708333333333 0.47685185185185186 0.005208333333333333 0.012962962962962963
0 0.5557291666666667 0.4888888888888889 0.00625 0.014814814814814815
0 0.92109375 0.49398148148148147 0.008854166666666666 0.023148148148148147
0 0.7197916666666667 0.4740740740740741 0.004166666666666667 0.011111111111111112
0 0.4953125 0.4759259259259259 0.005208333333333333 0.011111111111111112
0 0.48723958333333334 0.4888888888888889 0.005729166666666666 0.014814814814814815
0 0.49192708333333335 0.49166666666666664 0.005729166666666666 0.011111111111111112