0 0.28854166666666664 0.5671296296296297 0.009375 0.041666666666666664
0 0.8848958333333333 0.49583333333333335 0.00625 0.017592592592592594
0 0.43828125 0.5217592592592593 0.0078125 0.021296296296296296
0 0.5692708333333333 0.5092592592592593 0.007291666666666667 0.018518518518518517
0 0.5010416666666667 0.5143518518518518 0.008333333333333333 0.021296296296296296
0 0.9799479166666667 0.5 0.0067708333333333336 0.018518518518518517
0 0.6447916666666667 0.5055555555555555 0.008333333333333333 0.018518518518518517
0 0.390625 0.5314814814814814 0.009375 0.025925925925925925
0 0.7375 0.49722222222222223 0.00625 0.016666666666666666
0 0.95546875 0.49074074074074076 0.0036458333333333334 0.011111111111111112
0 0.934375 0.4898148148148148 0.004166666666666667 0.009259259259259259
0 0.7984375 0.49444444444444446 0.003125 0.014814814814814815
0 0.73984375 0.49027777777777776 0.0036458333333333334 0.012037037037037037
0 0.3419270833333333 0.5375 0.005729166666666666 0.01574074074074074
0 0.6890625 0.49953703703703706 0.003125 0.013888888888888888