0 0.91171875 0.6430555555555556 0.022395833333333334 0.06574074074074074
0 0.76328125 0.6143518518518518 0.024479166666666666 0.062037037037037036
0 0.6138020833333333 0.5462962962962963 0.0140625 0.037037037037037035
0 0.7541666666666667 0.5435185185185185 0.008333333333333333 0.024074074074074074
0 0.9395833333333333 0.6157407407407407 0.016666666666666666 0.046296296296296294
0 0.9473958333333333 0.6361111111111111 0.025 0.053703703703703705
0 0.5958333333333333 0.5287037037037037 0.010416666666666666 0.027777777777777776
0 0.9104166666666667 0.600925925925926 0.015625 0.04259259259259259
0 0.7822916666666667 0.5527777777777778 0.010416666666666666 0.027777777777777776
0 0.7276041666666667 0.5361111111111111 0.007291666666666667 0.022222222222222223
0 0.8729166666666667 0.5851851851851851 0.015625 0.037037037037037035
0 0.6473958333333333 0.5222222222222223 0.007291666666666667 0.020370370370370372
0 0.8260416666666667 0.5685185185185185 0.0125 0.03148148148148148
0 0.6559895833333333 0.5717592592592593 0.019270833333333334 0.04537037037037037
0 0.6875 0.5277777777777778 0.00625 0.022222222222222223
0 0.6072916666666667 0.5222222222222223 0.009375 0.022222222222222223
0 0.5994791666666667 0.5055555555555555 0.00625 0.011111111111111112
0 0.6375 0.5101851851851852 0.004166666666666667 0.012962962962962963
0 0.6583333333333333 0.5101851851851852 0.004166666666666667 0.012962962962962963
0 0.6463541666666667 0.5046296296296297 0.005208333333333333 0.009259259259259259
0 0.6296875 0.5 0.003125 0.011111111111111112
0 0.5682291666666667 0.4981481481481482 0.005208333333333333 0.014814814814814815
0 0.621875 0.4981481481481482 0.003125 0.009259259259259259
0 0.653125 0.5055555555555555 0.004166666666666667 0.011111111111111112
0 0.6151041666666667 0.49537037037037035 0.003125 0.009259259259259259
0 0.6375 0.5018518518518519 0.003125 0.009259259259259259