0 0.5088541666666667 0.5111111111111111 0.008333333333333333 0.020370370370370372
0 0.4583333333333333 0.5282407407407408 0.011458333333333333 0.032407407407407406
0 0.5513020833333333 0.5069444444444444 0.005729166666666666 0.017592592592592594
0 0.596875 0.5087962962962963 0.005208333333333333 0.013888888888888888
0 0.6356770833333333 0.5060185185185185 0.0026041666666666665 0.010185185185185186
0 0.6453125 0.5092592592592593 0.003125 0.011111111111111112
0 0.5994791666666667 0.49907407407407406 0.003125 0.009259259259259259
0 0.6122395833333333 0.5027777777777778 0.0026041666666666665 0.009259259259259259
0 0.6278645833333333 0.49953703703703706 0.0026041666666666665 0.008333333333333333
0 0.37786458333333334 0.5439814814814815 0.005729166666666666 0.012037037037037037
0 0.6096354166666667 0.4986111111111111 0.0015625 0.008333333333333333
0 0.6447916666666667 0.5009259259259259 0.0020833333333333333 0.007407407407407408