0 0.4434895833333333 0.5402777777777777 0.018229166666666668 0.04722222222222222
0 0.56640625 0.5097222222222222 0.011979166666666667 0.030555555555555555
0 0.71484375 0.49537037037037035 0.005729166666666666 0.020370370370370372
0 0.80859375 0.49444444444444446 0.0046875 0.014814814814814815
0 0.63125 0.5 0.008333333333333333 0.022222222222222223
0 0.7528645833333333 0.49444444444444446 0.005729166666666666 0.018518518518518517
0 0.840625 0.49444444444444446 0.004166666666666667 0.014814814814814815
0 0.3125 0.48657407407407405 0.00625 0.019444444444444445
0 0.8817708333333333 0.49074074074074076 0.003125 0.011111111111111112
0 0.8661458333333333 0.49212962962962964 0.003125 0.012037037037037037
0 0.8921875 0.4898148148148148 0.0020833333333333333 0.009259259259259259
0 0.8984375 0.48842592592592593 0.0020833333333333333 0.008333333333333333
0 0.9138020833333333 0.48935185185185187 0.0015625 0.008333333333333333
0 0.93359375 0.4898148148148148 0.0015625 0.007407407407407408