0 0.5703125 0.5351851851851852 0.01875 0.040740740740740744
0 0.7510416666666667 0.5435185185185185 0.015625 0.03888888888888889
0 0.9713541666666666 0.5513888888888889 0.007291666666666667 0.026851851851851852
0 0.88125 0.549074074074074 0.013541666666666667 0.027777777777777776
0 0.7541666666666667 0.5120370370370371 0.00625 0.012962962962962963
0 0.9690104166666667 0.5277777777777778 0.0026041666666666665 0.009259259259259259
0 0.7911458333333333 0.5148148148148148 0.00625 0.011111111111111112
0 0.99296875 0.5342592592592592 0.0036458333333333334 0.012962962962962963
0 0.6817708333333333 0.5074074074074074 0.00625 0.011111111111111112
0 0.5145833333333333 0.49444444444444446 0.00625 0.014814814814814815
0 0.4390625 0.48842592592592593 0.005208333333333333 0.013888888888888888
0 0.58125 0.5 0.00625 0.014814814814814815
0 0.8192708333333333 0.5157407407407407 0.005208333333333333 0.009259259259259259
0 0.9796875 0.5310185185185186 0.004166666666666667 0.012037037037037037
0 0.3609375 0.5314814814814814 0.008333333333333333 0.022222222222222223
0 0.7333333333333333 0.5138888888888888 0.00625 0.016666666666666666
0 0.31354166666666666 0.475462962962963 0.004166666666666667 0.012037037037037037
0 0.9458333333333333 0.5217592592592593 0.003125 0.008333333333333333
0 0.8401041666666667 0.5166666666666667 0.003125 0.009259259259259259
0 0.40572916666666664 0.4861111111111111 0.005208333333333333 0.014814814814814815
0 0.97109375 0.525 0.0026041666666666665 0.009259259259259259
0 0.8828125 0.5185185185185185 0.005208333333333333 0.009259259259259259
0 0.8591145833333333 0.5175925925925926 0.0036458333333333334 0.009259259259259259
0 0.96640625 0.5263888888888889 0.0026041666666666665 0.010185185185185186
1 0.32916666666666666 0.48009259259259257 0.004166666666666667 0.013888888888888888