0 0.7841145833333333 0.5879629629629629 0.015104166666666667 0.037037037037037035
0 0.9588541666666667 0.5898148148148148 0.0125 0.025925925925925925
0 0.8661458333333333 0.5851851851851851 0.011458333333333333 0.02962962962962963
0 0.3419270833333333 0.5254629629629629 0.011979166666666667 0.03425925925925926
0 0.7182291666666667 0.6134259259259259 0.022916666666666665 0.05648148148148148
0 0.33645833333333336 0.5467592592592593 0.010416666666666666 0.028703703703703703
1 0.5473958333333333 0.5574074074074075 0.009375 0.03518518518518519
0 0.7138020833333333 0.7944444444444444 0.058854166666666666 0.15925925925925927
1 0.6138020833333333 0.524537037037037 0.0036458333333333334 0.012037037037037037
1 0.5825520833333333 0.5166666666666667 0.0026041666666666665 0.011111111111111112
1 0.5325520833333334 0.5152777777777777 0.0026041666666666665 0.012037037037037037
1 0.49140625 0.5060185185185185 0.0026041666666666665 0.010185185185185186