1 0.7390625 0.5527777777777778 0.01875 0.04259259259259259
1 0.7723958333333333 0.5416666666666666 0.0125 0.025925925925925925
1 0.9299479166666667 0.5736111111111111 0.005729166666666666 0.013888888888888888
1 0.16692708333333334 0.3976851851851852 0.011979166666666667 0.026851851851851852
1 0.7822916666666667 0.6898148148148148 0.06041666666666667 0.12037037037037036
1 0.8330729166666667 0.5476851851851852 0.008854166666666666 0.017592592592592594
0 0.23776041666666667 0.38472222222222224 0.0078125 0.01574074074074074
1 0.5872395833333334 0.46574074074074073 0.005729166666666666 0.016666666666666666
0 0.18385416666666668 0.38472222222222224 0.008333333333333333 0.019444444444444445
1 0.8213541666666667 0.5337962962962963 0.00625 0.012037037037037037
1 0.99296875 0.5907407407407408 0.0067708333333333336 0.012962962962962963
1 0.73984375 0.5115740740740741 0.0067708333333333336 0.013888888888888888
1 0.6984375 0.49907407407407406 0.00625 0.012962962962962963
1 0.8984375 0.5560185185185185 0.004166666666666667 0.010185185185185186
1 0.9677083333333333 0.575925925925926 0.005208333333333333 0.011111111111111112
1 0.6489583333333333 0.48518518518518516 0.005208333333333333 0.011111111111111112
1 0.66015625 0.48842592592592593 0.009895833333333333 0.013888888888888888
1 0.6213541666666667 0.4777777777777778 0.009375 0.011111111111111112
1 0.5265625 0.4708333333333333 0.00625 0.030555555555555555
1 0.5950520833333334 0.4699074074074074 0.0078125 0.012037037037037037
0 0.7049479166666667 0.4930555555555556 0.0046875 0.008333333333333333