0 0.58828125 0.5467592592592593 0.016145833333333335 0.03796296296296296
0 0.56953125 0.524074074074074 0.011979166666666667 0.024074074074074074
0 0.54296875 0.513425925925926 0.009895833333333333 0.019444444444444445
0 0.5067708333333333 0.5046296296296297 0.009375 0.018518518518518517
0 0.75 0.5347222222222222 0.007291666666666667 0.017592592592592594
0 0.63984375 0.5842592592592593 0.0109375 0.024074074074074074
0 0.6583333333333333 0.5138888888888888 0.004166666666666667 0.009259259259259259
0 0.6932291666666667 0.5194444444444445 0.005208333333333333 0.011111111111111112
0 0.7440104166666667 0.5333333333333333 0.0067708333333333336 0.016666666666666666
0 0.7375 0.5333333333333333 0.008333333333333333 0.016666666666666666
1 0.096875 0.4648148148148148 0.009375 0.016666666666666666
1 0.17708333333333334 0.4759259259259259 0.009375 0.020370370370370372
0 0.6390625 0.5106481481481482 0.004166666666666667 0.008333333333333333
0 0.61796875 0.5074074074074074 0.0036458333333333334 0.007407407407407408