1 0.7385416666666667 0.45092592592592595 0.010416666666666666 0.03148148148148148
0 0.42083333333333334 0.5157407407407407 0.029166666666666667 0.06851851851851852
1 0.7234375 0.4212962962962963 0.007291666666666667 0.020370370370370372
1 0.8236979166666667 0.6111111111111112 0.028645833333333332 0.07777777777777778
0 0.57109375 0.4203703703703704 0.0109375 0.027777777777777776
0 0.6052083333333333 0.39814814814814814 0.007291666666666667 0.020370370370370372
0 0.6393229166666666 0.3800925925925926 0.0046875 0.013888888888888888
1 0.7130208333333333 0.3939814814814815 0.004166666666666667 0.01574074074074074
0 0.6268229166666667 0.38981481481481484 0.0067708333333333336 0.016666666666666666
0 0.6513020833333333 0.37453703703703706 0.0036458333333333334 0.012037037037037037
0 0.6544270833333333 0.3685185185185185 0.0036458333333333334 0.011111111111111112
1 0.7174479166666666 0.40694444444444444 0.005729166666666666 0.017592592592592594
1 0.7041666666666667 0.3726851851851852 0.0020833333333333333 0.008333333333333333
1 0.7072916666666667 0.37777777777777777 0.003125 0.009259259259259259
0 0.6614583333333334 0.36574074074074076 0.003125 0.009259259259259259
1 0.7106770833333333 0.38472222222222224 0.0026041666666666665 0.012037037037037037
0 0.6671875 0.3625 0.0020833333333333333 0.008333333333333333