1 0.7065104166666667 0.5398148148148149 0.022395833333333334 0.05
0 0.6346354166666667 0.49953703703703706 0.013020833333333334 0.030555555555555555
0 0.6515625 0.4875 0.007291666666666667 0.021296296296296296
0 0.5184895833333333 0.46574074074074073 0.0078125 0.022222222222222223
0 0.6604166666666667 0.48148148148148145 0.00625 0.011111111111111112
0 0.5736979166666667 0.46435185185185185 0.0046875 0.013888888888888888
0 0.6786458333333333 0.4759259259259259 0.00625 0.011111111111111112
0 0.6854166666666667 0.475 0.00625 0.009259259259259259
0 0.671875 0.4777777777777778 0.00625 0.014814814814814815
0 0.6739583333333333 0.47685185185185186 0.010416666666666666 0.009259259259259259
0 0.6192708333333333 0.46574074074074073 0.005208333333333333 0.009259259259259259
0 0.60234375 0.4652777777777778 0.005729166666666666 0.012037037037037037
0 0.690625 0.4740740740740741 0.00625 0.009259259259259259
0 0.7869791666666667 0.4898148148148148 0.005208333333333333 0.009259259259259259
0 0.8036458333333333 0.49537037037037035 0.005208333333333333 0.009259259259259259
0 0.6307291666666667 0.46574074074074073 0.005208333333333333 0.007407407407407408
0 0.7364583333333333 0.4777777777777778 0.004166666666666667 0.005555555555555556
0 0.6921875 0.4740740740740741 0.007291666666666667 0.007407407407407408