0 0.66015625 0.475 0.005729166666666666 0.018518518518518517
0 0.6041666666666666 0.449537037037037 0.004166666666666667 0.010185185185185186
0 0.621875 0.45787037037037037 0.0020833333333333333 0.010185185185185186
0 0.59375 0.4439814814814815 0.003125 0.008333333333333333
0 0.5807291666666666 0.4388888888888889 0.0020833333333333333 0.007407407407407408
0 0.5869791666666667 0.44166666666666665 0.0020833333333333333 0.007407407407407408
0 0.5770833333333333 0.4375 0.0010416666666666667 0.004629629629629629
0 0.5622395833333333 0.4305555555555556 0.0015625 0.005555555555555556
0 0.69921875 0.47129629629629627 0.0036458333333333334 0.009259259259259259
1 0.5169270833333334 0.42824074074074076 0.0015625 0.006481481481481481
1 0.51171875 0.42916666666666664 0.0015625 0.006481481481481481
1 0.5213541666666667 0.42824074074074076 0.0010416666666666667 0.006481481481481481
1 0.5244791666666667 0.42824074074074076 0.0010416666666666667 0.004629629629629629
1 0.5265625 0.4273148148148148 0.0010416666666666667 0.004629629629629629
1 0.5286458333333334 0.4263888888888889 0.0010416666666666667 0.004629629629629629