0 0.71015625 0.6328703703703704 0.0421875 0.0787037037037037
0 0.7057291666666666 0.5773148148148148 0.023958333333333335 0.04351851851851852
0 0.7145833333333333 0.5430555555555555 0.010416666666666666 0.021296296296296296
0 0.971875 0.5879629629629629 0.01875 0.027777777777777776
0 0.7544270833333333 0.5634259259259259 0.0171875 0.030555555555555555
0 0.86328125 0.5587962962962963 0.011979166666666667 0.021296296296296296
0 0.8135416666666667 0.5462962962962963 0.009375 0.016666666666666666
0 0.6203125 0.5157407407407407 0.00625 0.014814814814814815
0 0.5890625 0.5064814814814815 0.005208333333333333 0.011111111111111112
0 0.6760416666666667 0.5314814814814814 0.008333333333333333 0.018518518518518517
0 0.5625 0.49907407407407406 0.004166666666666667 0.009259259259259259
0 0.6463541666666667 0.5064814814814815 0.003125 0.007407407407407408
0 0.7158854166666667 0.5203703703703704 0.0046875 0.011111111111111112
0 0.6778645833333333 0.5120370370370371 0.0046875 0.009259259259259259
0 0.6190104166666667 0.5 0.0036458333333333334 0.007407407407407408
0 0.546875 0.49444444444444446 0.004166666666666667 0.009259259259259259