0 0.44166666666666665 0.5365740740740741 0.019791666666666666 0.04722222222222222
0 0.4822916666666667 0.5171296296296296 0.0125 0.032407407407407406
0 0.47682291666666665 0.4898148148148148 0.0036458333333333334 0.016666666666666666
0 0.30390625 0.4976851851851852 0.005729166666666666 0.025
0 0.47890625 0.500462962962963 0.005729166666666666 0.023148148148148147
0 0.48151041666666666 0.4837962962962963 0.0026041666666666665 0.01574074074074074
0 0.47734375 0.4791666666666667 0.0026041666666666665 0.012037037037037037
0 0.475 0.47453703703703703 0.0020833333333333333 0.010185185185185186
0 0.8302083333333333 0.5402777777777777 0.009375 0.017592592592592594
0 0.73671875 0.5032407407407408 0.0078125 0.008333333333333333
0 0.3015625 0.4847222222222222 0.004166666666666667 0.021296296296296296
0 0.47317708333333336 0.47314814814814815 0.0015625 0.011111111111111112
0 0.4713541666666667 0.46944444444444444 0.0020833333333333333 0.011111111111111112
0 0.47734375 0.46574074074074073 0.0026041666666666665 0.009259259259259259
0 0.4973958333333333 0.46574074074074073 0.0020833333333333333 0.007407407407407408
0 0.5177083333333333 0.46620370370370373 0.0020833333333333333 0.006481481481481481
0 0.53203125 0.46435185185185185 0.0015625 0.006481481481481481
0 0.5494791666666666 0.4615740740740741 0.0010416666666666667 0.004629629629629629