0 0.5111979166666667 0.5236111111111111 0.018229166666666668 0.03981481481481482
0 0.7299479166666667 0.5194444444444445 0.011979166666666667 0.027777777777777776
0 0.6166666666666667 0.5185185185185185 0.013541666666666667 0.03518518518518519
0 0.7723958333333333 0.5046296296296297 0.008333333333333333 0.018518518518518517
0 0.7953125 0.5203703703703704 0.010416666666666666 0.025925925925925925
0 0.7901041666666667 0.5111111111111111 0.009375 0.022222222222222223
0 0.6963541666666667 0.48703703703703705 0.00625 0.014814814814814815
0 0.7307291666666667 0.49398148148148147 0.007291666666666667 0.01574074074074074
0 0.6270833333333333 0.475 0.00625 0.012962962962962963
0 0.5333333333333333 0.4638888888888889 0.004166666666666667 0.009259259259259259
0 0.6588541666666666 0.48055555555555557 0.005208333333333333 0.012962962962962963
0 0.3763020833333333 0.5314814814814814 0.009895833333333333 0.02962962962962963
0 0.5729166666666666 0.4675925925925926 0.005208333333333333 0.009259259259259259
0 0.34375 0.4601851851851852 0.004166666666666667 0.011111111111111112