0 0.2989583333333333 0.5282407407407408 0.01875 0.041666666666666664
0 0.42526041666666664 0.4935185185185185 0.008854166666666666 0.020370370370370372
0 0.23932291666666666 0.5222222222222223 0.0171875 0.03518518518518519
0 0.4505208333333333 0.48935185185185187 0.007291666666666667 0.01574074074074074
0 0.6166666666666667 0.5064814814814815 0.008333333333333333 0.022222222222222223
0 0.4359375 0.47962962962962963 0.005208333333333333 0.014814814814814815
0 0.5966145833333333 0.5027777777777778 0.008854166666666666 0.022222222222222223
0 0.4088541666666667 0.4773148148148148 0.004166666666666667 0.012037037037037037
0 0.45989583333333334 0.48564814814814816 0.00625 0.01574074074074074
0 0.3703125 0.5356481481481481 0.007291666666666667 0.019444444444444445
0 0.8466145833333333 0.5370370370370371 0.011979166666666667 0.02962962962962963
0 0.40546875 0.4773148148148148 0.0046875 0.012037037037037037
0 0.5619791666666667 0.4986111111111111 0.009375 0.025