0 0.6278645833333333 0.5101851851851852 0.009895833333333333 0.027777777777777776
0 0.4986979166666667 0.5199074074074074 0.0171875 0.03796296296296296
0 0.82109375 0.4898148148148148 0.0046875 0.016666666666666666
0 0.68046875 0.49953703703703706 0.0067708333333333336 0.023148148148148147
0 0.34453125 0.5287037037037037 0.0109375 0.03518518518518519
0 0.9401041666666666 0.4898148148148148 0.004166666666666667 0.014814814814814815
0 0.7653645833333333 0.4935185185185185 0.005729166666666666 0.018518518518518517
0 0.36354166666666665 0.47453703703703703 0.004166666666666667 0.012037037037037037
0 0.59921875 0.47685185185185186 0.0036458333333333334 0.012962962962962963
0 0.40625 0.47638888888888886 0.004166666666666667 0.012037037037037037
0 0.29609375 0.475462962962963 0.0036458333333333334 0.010185185185185186
0 0.38984375 0.47453703703703703 0.0036458333333333334 0.012037037037037037
0 0.26614583333333336 0.475 0.003125 0.009259259259259259
1 0.43046875 0.48518518518518516 0.0036458333333333334 0.014814814814814815
0 0.5268229166666667 0.47962962962962963 0.0046875 0.014814814814814815
1 0.3268229166666667 0.4888888888888889 0.0026041666666666665 0.012962962962962963
0 0.3294270833333333 0.4740740740740741 0.0026041666666666665 0.011111111111111112
1 0.26588541666666665 0.48703703703703705 0.0026041666666666665 0.011111111111111112
1 0.28515625 0.47962962962962963 0.0015625 0.009259259259259259
1 0.3299479166666667 0.4810185185185185 0.0026041666666666665 0.008333333333333333
1 0.38255208333333335 0.48009259259259257 0.0026041666666666665 0.012037037037037037