0 0.5518229166666667 0.4925925925925926 0.0067708333333333336 0.018518518518518517
0 0.42734375 0.5282407407407408 0.0171875 0.03981481481481482
0 0.5036458333333333 0.5125 0.013541666666666667 0.032407407407407406
0 0.5338541666666666 0.5 0.008333333333333333 0.022222222222222223
0 0.5578125 0.4875 0.004166666666666667 0.01574074074074074
0 0.5611979166666666 0.4824074074074074 0.0026041666666666665 0.012962962962962963
0 0.5473958333333333 0.4791666666666667 0.003125 0.012037037037037037
0 0.54375 0.4726851851851852 0.0020833333333333333 0.010185185185185186
0 0.5296875 0.4740740740740741 0.0020833333333333333 0.011111111111111112
0 0.5643229166666667 0.47314814814814815 0.0015625 0.007407407407407408
0 0.5684895833333333 0.4722222222222222 0.0015625 0.007407407407407408
0 0.5755208333333334 0.4708333333333333 0.0010416666666666667 0.006481481481481481