0 0.7927083333333333 0.5481481481481482 0.07083333333333333 0.16111111111111112
0 0.6427083333333333 0.4625 0.017708333333333333 0.03796296296296296
1 0.31223958333333335 0.5138888888888888 0.0234375 0.044444444444444446
1 0.04895833333333333 0.5981481481481481 0.03958333333333333 0.08333333333333333
0 0.5520833333333334 0.46620370370370373 0.011458333333333333 0.025
1 0.36666666666666664 0.4976851851851852 0.007291666666666667 0.025
1 0.3723958333333333 0.5 0.005208333333333333 0.018518518518518517
1 0.4666666666666667 0.4740740740740741 0.005208333333333333 0.012962962962962963
1 0.5098958333333333 0.4634259259259259 0.004166666666666667 0.010185185185185186
0 0.5046875 0.4685185185185185 0.00625 0.018518518518518517
0 0.5609375 0.45694444444444443 0.005208333333333333 0.017592592592592594
0 0.5994791666666667 0.45046296296296295 0.005208333333333333 0.013888888888888888