1 0.2439516129032258 0.13541666666666666 0.04485887096774194 0.135752688172043
1 0.3790322580645161 0.16330645161290322 0.08215725806451613 0.14045698924731181
1 0.4831149193548387 0.13625672043010753 0.05997983870967742 0.13608870967741934
1 0.5158770161290323 0.19018817204301075 0.0625 0.1478494623655914
1 0.5538054435483871 0.26948924731182794 0.09753024193548387 0.16868279569892472
1 0.6248739919354839 0.36155913978494625 0.10912298387096774 0.18010752688172044
1 0.7163558467741935 0.25235215053763443 0.0950100806451613 0.1592741935483871
1 0.84765625 0.3528225806451613 0.10912298387096774 0.17809139784946237
0 0.09828629032258064 0.2620967741935484 0.1003024193548387 0.16061827956989247
0 0.12701612903225806 0.34627016129032256 0.08921370967741936 0.1737231182795699
0 0.16771673387096775 0.17893145161290322 0.08089717741935484 0.14415322580645162
0 0.22731854838709678 0.25285618279569894 0.053931451612903226 0.1616263440860215
0 0.2508820564516129 0.3321572580645161 0.03755040322580645 0.1743951612903226
0 0.2912046370967742 0.18128360215053763 0.08442540322580645 0.14146505376344087
0 0.37638608870967744 0.2385752688172043 0.09097782258064516 0.15994623655913978
0 0.45627520161290325 0.3953293010752688 0.10861895161290322 0.18380376344086022