0 0.6817708333333333 0.5069444444444444 0.016666666666666666 0.030555555555555555
0 0.60078125 0.4847222222222222 0.008854166666666666 0.021296296296296296
1 0.4317708333333333 0.49027777777777776 0.008333333333333333 0.013888888888888888
1 0.3729166666666667 0.5069444444444444 0.020833333333333332 0.041666666666666664
1 0.20182291666666666 0.4925925925925926 0.0046875 0.016666666666666666
1 0.4471354166666667 0.47962962962962963 0.0046875 0.014814814814814815
1 0.43802083333333336 0.47685185185185186 0.00625 0.009259259259259259
0 0.5645833333333333 0.47824074074074074 0.007291666666666667 0.008333333333333333
0 0.5333333333333333 0.4708333333333333 0.003125 0.012037037037037037
0 0.4669270833333333 0.4703703703703704 0.0046875 0.009259259259259259
0 0.38958333333333334 0.475462962962963 0.003125 0.008333333333333333
0 0.30572916666666666 0.4828703703703704 0.005208333333333333 0.008333333333333333