0 0.7401041666666667 0.6101851851851852 0.03333333333333333 0.046296296296296294
0 0.6106770833333334 0.48333333333333334 0.0109375 0.022222222222222223
0 0.5713541666666667 0.43472222222222223 0.007291666666666667 0.017592592592592594
1 0.3015625 0.6111111111111112 0.03333333333333333 0.046296296296296294
1 0.415625 0.4740740740740741 0.011458333333333333 0.024074074074074074
1 0.44557291666666665 0.43148148148148147 0.005729166666666666 0.016666666666666666
1 0.45416666666666666 0.4134259259259259 0.00625 0.008333333333333333
0 0.5434895833333333 0.40185185185185185 0.0026041666666666665 0.007407407407407408
0 0.5369791666666667 0.3958333333333333 0.0020833333333333333 0.006481481481481481
1 0.46875 0.4009259259259259 0.003125 0.009259259259259259
1 0.4744791666666667 0.39305555555555555 0.0020833333333333333 0.008333333333333333