0 0.7252604166666666 0.5152777777777777 0.024479166666666666 0.05648148148148148
0 0.5317708333333333 0.44351851851851853 0.015625 0.020370370370370372
1 0.265625 0.48148148148148145 0.03958333333333333 0.08518518518518518
1 0.31588541666666664 0.42916666666666664 0.018229166666666668 0.03981481481481482
0 0.4359375 0.4199074074074074 0.007291666666666667 0.023148148148148147
0 0.37265625 0.4097222222222222 0.0078125 0.017592592592592594
1 0.23932291666666666 0.41064814814814815 0.005729166666666666 0.01574074074074074
1 0.3484375 0.4 0.005208333333333333 0.011111111111111112
1 0.31796875 0.39490740740740743 0.0036458333333333334 0.008333333333333333
0 0.37916666666666665 0.39861111111111114 0.003125 0.010185185185185186
0 0.4236979166666667 0.4027777777777778 0.0036458333333333334 0.011111111111111112
0 0.43255208333333334 0.4083333333333333 0.0046875 0.012962962962962963
1 0.30885416666666665 0.3921296296296296 0.003125 0.008333333333333333