1 0.13307291666666668 0.8125 0.050520833333333334 0.08055555555555556
1 0.38333333333333336 0.5097222222222222 0.014583333333333334 0.032407407407407406
1 0.42994791666666665 0.44537037037037036 0.009895833333333333 0.020370370370370372
0 0.8838541666666667 0.7888888888888889 0.046875 0.07407407407407407
0 0.6369791666666667 0.5222222222222223 0.014583333333333334 0.027777777777777776
0 0.57890625 0.4486111111111111 0.008854166666666666 0.021296296296296296
1 0.4432291666666667 0.4222222222222222 0.007291666666666667 0.009259259259259259
0 0.5432291666666667 0.4074074074074074 0.003125 0.009259259259259259
1 0.4609375 0.40555555555555556 0.003125 0.011111111111111112
0 0.5359375 0.4 0.0020833333333333333 0.007407407407407408
1 0.46822916666666664 0.3972222222222222 0.0020833333333333333 0.007407407407407408