0 0.7875 0.538425925925926 0.030208333333333334 0.05648148148148148
0 0.5776041666666667 0.5018518518518519 0.017708333333333333 0.03333333333333333
1 0.18125 0.537962962962963 0.06145833333333333 0.12037037037037036
1 0.30572916666666666 0.4962962962962963 0.020833333333333332 0.04259259259259259
0 0.48854166666666665 0.4875 0.010416666666666666 0.025
1 0.42630208333333336 0.4828703703703704 0.0078125 0.017592592592592594
1 0.47421875 0.4777777777777778 0.005729166666666666 0.014814814814814815
0 0.54921875 0.48703703703703705 0.008854166666666666 0.020370370370370372
1 0.46484375 0.4759259259259259 0.0046875 0.012962962962962963
1 0.446875 0.47638888888888886 0.004166666666666667 0.010185185185185186
0 0.5817708333333333 0.48564814814814816 0.00625 0.017592592592592594
0 0.5713541666666667 0.47962962962962963 0.005208333333333333 0.011111111111111112