1 0.19427083333333334 0.65 0.036458333333333336 0.09444444444444444
1 0.3067708333333333 0.5634259259259259 0.015625 0.032407407407407406
1 0.48072916666666665 0.5398148148148149 0.0125 0.020370370370370372
0 0.7557291666666667 0.6370370370370371 0.035416666666666666 0.07222222222222222
0 0.5703125 0.5671296296296297 0.01875 0.03981481481481482
0 0.6513020833333333 0.5518518518518518 0.0140625 0.02962962962962963
0 0.678125 0.5370370370370371 0.008333333333333333 0.018518518518518517
0 0.65859375 0.5236111111111111 0.0067708333333333336 0.01574074074074074
1 0.5432291666666667 0.5268518518518519 0.007291666666666667 0.018518518518518517
1 0.5309895833333333 0.5194444444444445 0.005729166666666666 0.014814814814814815
1 0.509375 0.5152777777777777 0.005208333333333333 0.012037037037037037
0 0.5947916666666667 0.5162037037037037 0.004166666666666667 0.012037037037037037