0 0.504914314516129 0.2866263440860215 0.05922379032258065 0.07123655913978495
0 0.637726814516129 0.30023521505376344 0.05569556451612903 0.07963709677419355
0 0.6227318548387096 0.36088709677419356 0.08770161290322581 0.0967741935483871
0 0.6926663306451613 0.3040994623655914 0.059727822580645164 0.11088709677419355
0 0.7988911290322581 0.3123319892473118 0.05997983870967742 0.10920698924731183
0 0.7482358870967742 0.3629032258064516 0.06451612903225806 0.12432795698924731
0 0.8883568548387096 0.3585349462365591 0.07258064516129033 0.11827956989247312
0 0.8278729838709677 0.4106182795698925 0.08417338709677419 0.12836021505376344
1 0.9415322580645161 0.41985887096774194 0.07913306451612903 0.1334005376344086
1 0.8723538306451613 0.5709005376344086 0.0768649193548387 0.16868279569892472
1 0.7309727822580645 0.4879032258064516 0.07787298387096774 0.14448924731182797
1 0.7981350806451613 0.6231518817204301 0.0967741935483871 0.1743951612903226
1 0.3785282258064516 0.5589717741935484 0.10383064516129033 0.12063172043010753
1 0.48853326612903225 0.6140793010752689 0.10307459677419355 0.16969086021505375
1 0.5554435483870968 0.4852150537634409 0.10332661290322581 0.12029569892473119
1 0.5217993951612904 0.3316532258064516 0.06880040322580645 0.09206989247311828