1 0.6520833333333333 0.5018518518518519 0.034375 0.08333333333333333
1 0.6635416666666667 0.462037037037037 0.021875 0.027777777777777776
0 0.37604166666666666 0.4666666666666667 0.017708333333333333 0.027777777777777776
0 0.13307291666666668 0.562037037037037 0.034895833333333334 0.07592592592592592
0 0.471875 0.43796296296296294 0.010416666666666666 0.02962962962962963
0 0.4109375 0.4361111111111111 0.007291666666666667 0.020370370370370372
0 0.3763020833333333 0.43657407407407406 0.0067708333333333336 0.013888888888888888
1 0.48854166666666665 0.41712962962962963 0.005208333333333333 0.013888888888888888
1 0.5317708333333333 0.425 0.007291666666666667 0.012962962962962963
1 0.6471354166666666 0.43472222222222223 0.0078125 0.023148148148148147
1 0.48333333333333334 0.41805555555555557 0.003125 0.010185185185185186
0 0.3971354166666667 0.4273148148148148 0.0036458333333333334 0.010185185185185186