1 0.022135416666666668 0.5231481481481481 0.043229166666666666 0.15555555555555556
1 0.3502604166666667 0.4791666666666667 0.0296875 0.05648148148148148
1 0.3736979166666667 0.47314814814814815 0.0109375 0.027777777777777776
0 0.6997395833333333 0.5236111111111111 0.0203125 0.03981481481481482
0 0.57265625 0.49444444444444446 0.011979166666666667 0.025925925925925925
0 0.5072916666666667 0.4791666666666667 0.007291666666666667 0.019444444444444445
0 0.5588541666666667 0.4837962962962963 0.00625 0.017592592592592594
0 0.5888020833333333 0.48518518518518516 0.0046875 0.012962962962962963
0 0.5833333333333334 0.48148148148148145 0.004166666666666667 0.011111111111111112
1 0.4549479166666667 0.4722222222222222 0.005729166666666666 0.014814814814814815
1 0.49609375 0.47175925925925927 0.0046875 0.013888888888888888
1 0.4875 0.4699074074074074 0.004166666666666667 0.012037037037037037
1 0.4708333333333333 0.4671296296296296 0.004166666666666667 0.010185185185185186