1 0.22864583333333333 0.5365740740740741 0.03333333333333333 0.06018518518518518
1 0.34713541666666664 0.5013888888888889 0.013020833333333334 0.028703703703703703
0 0.69296875 0.5319444444444444 0.0265625 0.05648148148148148
0 0.5731770833333333 0.49212962962962964 0.008854166666666666 0.026851851851851852
0 0.50546875 0.48148148148148145 0.0067708333333333336 0.016666666666666666
0 0.4140625 0.4777777777777778 0.004166666666666667 0.012962962962962963
0 0.30911458333333336 0.48657407407407405 0.0036458333333333334 0.012037037037037037
0 0.052083333333333336 0.5092592592592593 0.003125 0.011111111111111112
1 0.2760416666666667 0.49074074074074076 0.005208333333333333 0.014814814814814815
1 0.35078125 0.487962962962963 0.0046875 0.018518518518518517
1 0.19166666666666668 0.4962962962962963 0.004166666666666667 0.014814814814814815
0 0.18854166666666666 0.4962962962962963 0.003125 0.012962962962962963
1 0.08880208333333334 0.5055555555555555 0.005729166666666666 0.022222222222222223