0 0.74609375 0.47631048387096775 0.03251008064516129 0.02721774193548387
0 0.6329385080645161 0.4124663978494624 0.01940524193548387 0.01646505376344086
0 0.6282762096774194 0.3862567204301075 0.014616935483870967 0.01310483870967742
0 0.5975302419354839 0.36861559139784944 0.008064516129032258 0.010080645161290322
0 0.5836693548387096 0.3528225806451613 0.00655241935483871 0.012096774193548387
1 0.33341733870967744 0.4440524193548387 0.02469758064516129 0.03931451612903226
1 0.40725806451612906 0.3941532258064516 0.013608870967741936 0.024193548387096774
1 0.4329637096774194 0.3741599462365591 0.014616935483870967 0.01243279569892473
1 0.45854334677419356 0.35685483870967744 0.0073084677419354835 0.014112903225806451
1 0.4696320564516129 0.34576612903225806 0.006804435483870968 0.0114247311827957
1 0.47190020161290325 0.3395497311827957 0.0073084677419354835 0.007056451612903226
1 0.4845010080645161 0.332997311827957 0.004284274193548387 0.008064516129032258
0 0.5686743951612904 0.3385416666666667 0.004788306451612903 0.009072580645161291
1 0.48928931451612906 0.32846102150537637 0.003780241935483871 0.007728494623655914
0 0.5637600806451613 0.3348454301075269 0.003528225806451613 0.007728494623655914