1 0.30755208333333334 0.5143518518518518 0.027604166666666666 0.05462962962962963
0 0.5505208333333333 0.5032407407407408 0.017708333333333333 0.03425925925925926
0 0.3932291666666667 0.4930555555555556 0.010416666666666666 0.021296296296296296
1 0.24166666666666667 0.49953703703703706 0.014583333333333334 0.03425925925925926
1 0.15885416666666666 0.5013888888888889 0.0125 0.026851851851851852
0 0.21848958333333332 0.4930555555555556 0.0067708333333333336 0.017592592592592594
0 0.29010416666666666 0.4935185185185185 0.007291666666666667 0.020370370370370372
1 0.08671875 0.5078703703703704 0.005729166666666666 0.019444444444444445
1 0.14765625 0.49722222222222223 0.0067708333333333336 0.014814814814814815
1 0.17369791666666667 0.4912037037037037 0.005729166666666666 0.012037037037037037
1 0.12994791666666666 0.4930555555555556 0.0036458333333333334 0.010185185185185186
0 0.24765625 0.4898148148148148 0.005729166666666666 0.016666666666666666
0 0.2565104166666667 0.48842592592592593 0.0036458333333333334 0.012037037037037037