0 0.8130208333333333 0.6222222222222222 0.04375 0.08703703703703704
0 0.45729166666666665 0.5032407407407408 0.017708333333333333 0.03425925925925926
0 0.3171875 0.47129629629629627 0.011458333333333333 0.027777777777777776
0 0.23958333333333334 0.45601851851851855 0.008333333333333333 0.021296296296296296
1 0.11302083333333333 0.4652777777777778 0.03333333333333333 0.07314814814814814
1 0.10052083333333334 0.4486111111111111 0.015625 0.03611111111111111
1 0.0703125 0.4439814814814815 0.008333333333333333 0.023148148148148147
1 0.17395833333333333 0.4449074074074074 0.00625 0.017592592592592594
0 0.28932291666666665 0.45925925925925926 0.0078125 0.018518518518518517
1 0.21640625 0.4439814814814815 0.0046875 0.013888888888888888
1 0.20416666666666666 0.44074074074074077 0.004166666666666667 0.011111111111111112
0 0.3145833333333333 0.45925925925925926 0.004166666666666667 0.014814814814814815