0 0.7346354166666667 0.5675925925925925 0.04114583333333333 0.10185185185185185
0 0.7010416666666667 0.5064814814814815 0.015625 0.03148148148148148
1 0.4166666666666667 0.48657407407407405 0.019791666666666666 0.03611111111111111
1 0.22786458333333334 0.4976851851851852 0.03177083333333333 0.06018518518518518
0 0.6263020833333334 0.4935185185185185 0.009895833333333333 0.024074074074074074
1 0.4578125 0.48703703703703705 0.00625 0.018518518518518517
1 0.4622395833333333 0.48935185185185187 0.0036458333333333334 0.013888888888888888
1 0.5497395833333333 0.4847222222222222 0.0046875 0.012037037037037037
1 0.5919270833333333 0.48333333333333334 0.0036458333333333334 0.011111111111111112
1 0.5888020833333333 0.48194444444444445 0.0026041666666666665 0.008333333333333333
0 0.5846354166666666 0.48657407407407405 0.005729166666666666 0.01574074074074074
0 0.6385416666666667 0.4875 0.005208333333333333 0.01574074074074074
0 0.6778645833333333 0.48935185185185187 0.0046875 0.013888888888888888
0 0.6817708333333333 0.48657407407407405 0.003125 0.010185185185185186
0 0.6432291666666666 0.4842592592592593 0.003125 0.009259259259259259
1 0.5770833333333333 0.48148148148148145 0.003125 0.009259259259259259