0 0.17317708333333334 0.5740740740740741 0.05260416666666667 0.10740740740740741
0 0.4122395833333333 0.5300925925925926 0.018229166666666668 0.03425925925925926
1 0.75859375 0.5560185185185185 0.021354166666666667 0.04351851851851852
1 0.7203125 0.5421296296296296 0.010416666666666666 0.026851851851851852
1 0.9182291666666667 0.5967592592592592 0.035416666666666666 0.06944444444444445
0 0.5604166666666667 0.5328703703703703 0.008333333333333333 0.019444444444444445
0 0.65390625 0.5324074074074074 0.0078125 0.016666666666666666
0 0.70703125 0.5347222222222222 0.0046875 0.013888888888888888
0 0.67734375 0.5310185185185186 0.0046875 0.010185185185185186
1 0.7729166666666667 0.5453703703703704 0.00625 0.022222222222222223
1 0.8229166666666666 0.5467592592592593 0.005208333333333333 0.01574074074074074