0 0.70234375 0.5032407407407408 0.0203125 0.049074074074074076
0 0.6075520833333333 0.4722222222222222 0.013020833333333334 0.02962962962962963
1 0.23151041666666666 0.513425925925926 0.04010416666666667 0.0824074074074074
1 0.3502604166666667 0.46574074074074073 0.0140625 0.03518518518518519
0 0.5403645833333334 0.45740740740740743 0.011979166666666667 0.024074074074074074
0 0.571875 0.4550925925925926 0.007291666666666667 0.017592592592592594
0 0.5888020833333333 0.4513888888888889 0.0046875 0.013888888888888888
1 0.37916666666666665 0.4550925925925926 0.011458333333333333 0.023148148148148147
1 0.43645833333333334 0.44907407407407407 0.00625 0.016666666666666666
1 0.4986979166666667 0.4444444444444444 0.0067708333333333336 0.014814814814814815
1 0.4703125 0.44027777777777777 0.004166666666666667 0.010185185185185186
1 0.43359375 0.4388888888888889 0.0036458333333333334 0.009259259259259259
0 0.5052083333333334 0.4398148148148148 0.004166666666666667 0.011111111111111112
0 0.553125 0.4425925925925926 0.003125 0.009259259259259259