1 0.01640625 0.8083333333333333 0.0328125 0.10185185185185185
1 0.303125 0.5740740740740741 0.025 0.05185185185185185
1 0.33125 0.5449074074074074 0.0125 0.025
0 0.6346354166666667 0.5879629629629629 0.022395833333333334 0.044444444444444446
0 0.5986979166666667 0.5472222222222223 0.0109375 0.022222222222222223
0 0.5302083333333333 0.5527777777777778 0.0125 0.027777777777777776
0 0.9315104166666667 0.6953703703703704 0.04114583333333333 0.08703703703703704
1 0.46380208333333334 0.5333333333333333 0.009895833333333333 0.018518518518518517
1 0.51796875 0.5273148148148148 0.0067708333333333336 0.01574074074074074
0 0.6322916666666667 0.5393518518518519 0.007291666666666667 0.017592592592592594
1 0.5083333333333333 0.5208333333333334 0.005208333333333333 0.012037037037037037
1 0.4901041666666667 0.5180555555555556 0.003125 0.010185185185185186
0 0.5677083333333334 0.5212962962962963 0.004166666666666667 0.011111111111111112
0 0.6213541666666667 0.5291666666666667 0.004166666666666667 0.012037037037037037