0 0.9559895833333333 0.5472222222222223 0.0609375 0.12777777777777777
0 0.6127604166666667 0.49675925925925923 0.015104166666666667 0.03425925925925926
0 0.5515625 0.4842592592592593 0.007291666666666667 0.020370370370370372
0 0.49947916666666664 0.48194444444444445 0.004166666666666667 0.013888888888888888
1 0.33098958333333334 0.5314814814814814 0.016145833333333335 0.037037037037037035
1 0.37916666666666665 0.5087962962962963 0.008333333333333333 0.023148148148148147
1 0.37213541666666666 0.5 0.0036458333333333334 0.011111111111111112
1 0.30416666666666664 0.5106481481481482 0.004166666666666667 0.012037037037037037
1 0.23307291666666666 0.5226851851851851 0.0036458333333333334 0.012037037037037037
1 0.15078125 0.5375 0.0046875 0.017592592592592594
1 0.04921875 0.562962962962963 0.005729166666666666 0.022222222222222223
0 0.3268229166666667 0.5050925925925925 0.0036458333333333334 0.010185185185185186
0 0.4203125 0.4875 0.005208333333333333 0.012037037037037037
0 0.22161458333333334 0.524074074074074 0.0036458333333333334 0.011111111111111112