1 0.10911458333333333 0.5351851851851852 0.0484375 0.1037037037037037
1 0.31692708333333336 0.4625 0.019270833333333334 0.03981481481481482
0 0.6122395833333333 0.47962962962962963 0.019270833333333334 0.046296296296296294
0 0.6463541666666667 0.4625 0.011458333333333333 0.028703703703703703
0 0.815625 0.5555555555555556 0.03229166666666667 0.08333333333333333
1 0.43203125 0.44583333333333336 0.013020833333333334 0.028703703703703703
1 0.4908854166666667 0.42916666666666664 0.0067708333333333336 0.01574074074074074
1 0.5291666666666667 0.43842592592592594 0.009375 0.021296296296296296
0 0.6552083333333333 0.4527777777777778 0.007291666666666667 0.020370370370370372
1 0.44583333333333336 0.42592592592592593 0.004166666666666667 0.011111111111111112
0 0.5359375 0.42824074074074076 0.004166666666666667 0.013888888888888888
0 0.5986979166666667 0.4356481481481482 0.0046875 0.013888888888888888