0 0.6846354166666667 0.5560185185185185 0.0296875 0.06018518518518518
0 0.6088541666666667 0.5212962962962963 0.013541666666666667 0.027777777777777776
0 0.5333333333333333 0.5277777777777778 0.016666666666666666 0.03518518518518519
1 0.215625 0.5578703703703703 0.03229166666666667 0.07685185185185185
1 0.29140625 0.5328703703703703 0.015104166666666667 0.030555555555555555
1 0.4518229166666667 0.5166666666666667 0.009895833333333333 0.022222222222222223
0 0.6377604166666667 0.5152777777777777 0.0078125 0.019444444444444445
1 0.51015625 0.5087962962962963 0.0067708333333333336 0.017592592592592594
1 0.49895833333333334 0.5055555555555555 0.005208333333333333 0.014814814814814815
0 0.62109375 0.5078703703703704 0.0046875 0.012037037037037037
1 0.4783854166666667 0.5055555555555555 0.0046875 0.012962962962962963
0 0.5611979166666666 0.5055555555555555 0.0046875 0.011111111111111112