0 0.026822916666666665 0.8148148148148148 0.05364583333333333 0.12962962962962962
0 0.37994791666666666 0.5777777777777777 0.0203125 0.044444444444444446
0 0.4703125 0.5375 0.014583333333333334 0.032407407407407406
1 0.8375 0.6324074074074074 0.058333333333333334 0.12037037037037036
1 0.7005208333333334 0.5388888888888889 0.01875 0.04814814814814815
0 0.39348958333333334 0.537962962962963 0.009895833333333333 0.024074074074074074
0 0.3502604166666667 0.5375 0.0078125 0.019444444444444445
1 0.5247395833333334 0.5055555555555555 0.0078125 0.020370370370370372
1 0.4708333333333333 0.5064814814814815 0.00625 0.014814814814814815
1 0.4625 0.5055555555555555 0.005208333333333333 0.011111111111111112
0 0.37005208333333334 0.5273148148148148 0.0046875 0.012037037037037037
1 0.6606770833333333 0.5064814814814815 0.011979166666666667 0.025925925925925925