0 0.2526041666666667 0.5523148148148148 0.036458333333333336 0.06944444444444445
0 0.5291666666666667 0.5157407407407407 0.013541666666666667 0.03148148148148148
0 0.64453125 0.5023148148148148 0.0109375 0.023148148148148147
1 0.7736979166666667 0.5138888888888888 0.015104166666666667 0.03888888888888889
1 0.9598958333333333 0.5555555555555556 0.042708333333333334 0.07777777777777778
0 0.7049479166666667 0.49907407407407406 0.0067708333333333336 0.016666666666666666
1 0.8114583333333333 0.5111111111111111 0.010416666666666666 0.027777777777777776
1 0.8440104166666667 0.5074074074074074 0.0067708333333333336 0.018518518518518517
1 0.7598958333333333 0.49444444444444446 0.00625 0.014814814814814815
0 0.6604166666666667 0.49722222222222223 0.005208333333333333 0.012962962962962963
1 0.7252604166666666 0.49074074074074076 0.0036458333333333334 0.011111111111111112
1 0.721875 0.48935185185185187 0.003125 0.010185185185185186