1 0.14114583333333333 0.8134259259259259 0.013541666666666667 0.03796296296296296
1 0.3763020833333333 0.5259259259259259 0.021354166666666667 0.027777777777777776
1 0.4390625 0.45046296296296295 0.008333333333333333 0.019444444444444445
0 0.67109375 0.5300925925925926 0.021354166666666667 0.028703703703703703
0 0.5947916666666667 0.45925925925925926 0.008333333333333333 0.016666666666666666
0 0.56640625 0.42407407407407405 0.0067708333333333336 0.014814814814814815
1 0.4583333333333333 0.42083333333333334 0.005208333333333333 0.013888888888888888
1 0.4640625 0.4064814814814815 0.005208333333333333 0.007407407407407408
0 0.5442708333333334 0.3972222222222222 0.0020833333333333333 0.007407407407407408
1 0.47578125 0.39490740740740743 0.0026041666666666665 0.008333333333333333
1 0.48098958333333336 0.38935185185185184 0.0026041666666666665 0.006481481481481481
0 0.5388020833333333 0.39166666666666666 0.0015625 0.005555555555555556