0 0.5839213709677419 0.4501008064516129 0.08266129032258064 0.13407258064516128
0 0.6917842741935484 0.4417002688172043 0.08366935483870967 0.12936827956989247
0 0.7923387096774194 0.5089045698924731 0.09324596774193548 0.14885752688172044
0 0.8263608870967742 0.616263440860215 0.10786290322580645 0.17473118279569894
0 0.6566280241935484 0.5162970430107527 0.09954637096774194 0.1502016129032258
0 0.5216733870967742 0.5282258064516129 0.08417338709677419 0.15725806451612903
0 0.6634324596774194 0.605510752688172 0.09753024193548387 0.17338709677419356
0 0.43825604838709675 0.4176747311827957 0.07762096774193548 0.12634408602150538
1 0.12991431451612903 0.44573252688172044 0.060735887096774195 0.1327284946236559
1 0.1858618951612903 0.5221774193548387 0.07736895161290322 0.1532258064516129
1 0.30544354838709675 0.43481182795698925 0.0625 0.13440860215053763
1 0.35446068548387094 0.5026881720430108 0.09047379032258064 0.15255376344086022
1 0.3629032258064516 0.5957661290322581 0.08870967741935484 0.17405913978494625
1 0.4184727822580645 0.6990927419354839 0.11013104838709678 0.19926075268817203
1 0.5641381048387096 0.6434811827956989 0.09702620967741936 0.18010752688172044
1 0.7844002016129032 0.7073252688172043 0.12172379032258064 0.1935483870967742