1 0.23854166666666668 0.49444444444444446 0.057291666666666664 0.11666666666666667
1 0.33645833333333336 0.42407407407407405 0.020833333333333332 0.046296296296296294
0 0.821875 0.5712962962962963 0.03125 0.07037037037037037
0 0.5791666666666667 0.4583333333333333 0.017708333333333333 0.022222222222222223
0 0.40963541666666664 0.4078703703703704 0.0078125 0.019444444444444445
0 0.47552083333333334 0.42407407407407405 0.009375 0.025925925925925925
0 0.47317708333333336 0.4097222222222222 0.0046875 0.012037037037037037
0 0.46458333333333335 0.4041666666666667 0.004166666666666667 0.010185185185185186
0 0.41953125 0.3958333333333333 0.0036458333333333334 0.010185185185185186
1 0.35625 0.38842592592592595 0.003125 0.008333333333333333
1 0.38645833333333335 0.39537037037037037 0.004166666666666667 0.011111111111111112
1 0.2703125 0.3976851851851852 0.007291666666666667 0.01574074074074074
1 0.34869791666666666 0.38472222222222224 0.0036458333333333334 0.010185185185185186