1 0.3997395833333333 0.5180555555555556 0.015104166666666667 0.032407407407407406
1 0.4421875 0.4587962962962963 0.0125 0.01574074074074074
1 0.46848958333333335 0.42824074074074076 0.005729166666666666 0.013888888888888888
0 0.6458333333333334 0.5356481481481481 0.020833333333333332 0.026851851851851852
0 0.61171875 0.4671296296296296 0.011979166666666667 0.013888888888888888
0 0.57734375 0.43703703703703706 0.005729166666666666 0.011111111111111112
0 0.9520833333333333 0.8560185185185185 0.04791666666666667 0.0712962962962963
1 0.15130208333333334 0.8037037037037037 0.011979166666666667 0.03518518518518519
0 0.5625 0.4162037037037037 0.003125 0.010185185185185186
1 0.4786458333333333 0.41203703703703703 0.003125 0.009259259259259259
1 0.48125 0.40324074074074073 0.005208333333333333 0.004629629629629629