1 0.3263020833333333 0.6018518518518519 0.0390625 0.07592592592592592
1 0.3966145833333333 0.5453703703703704 0.0171875 0.03518518518518519
0 0.7942708333333334 0.5935185185185186 0.027083333333333334 0.05
0 0.6302083333333334 0.5476851851851852 0.014583333333333334 0.030555555555555555
0 0.5559895833333334 0.5296296296296297 0.008854166666666666 0.020370370370370372
0 0.6140625 0.525 0.009375 0.018518518518518517
0 0.6471354166666666 0.5189814814814815 0.0067708333333333336 0.01574074074074074
1 0.39427083333333335 0.5314814814814814 0.00625 0.020370370370370372
1 0.5015625 0.5189814814814815 0.007291666666666667 0.017592592592592594
1 0.546875 0.5125 0.00625 0.013888888888888888
0 0.6408854166666667 0.5106481481481482 0.0036458333333333334 0.012037037037037037
0 0.5932291666666667 0.5078703703703704 0.004166666666666667 0.010185185185185186
1 0.5390625 0.5087962962962963 0.004166666666666667 0.012037037037037037
1 0.5223958333333333 0.5074074074074074 0.003125 0.009259259259259259