0 0.6160534274193549 0.3272849462365591 0.07283266129032258 0.09341397849462366
0 0.6827116935483871 0.33686155913978494 0.09979838709677419 0.11189516129032258
0 0.7415574596774194 0.3600470430107527 0.10761088709677419 0.10786290322580645
0 0.8146421370967742 0.45060483870967744 0.09198588709677419 0.11626344086021505
0 0.7376512096774194 0.46018145161290325 0.10786290322580645 0.1663306451612903
0 0.6155493951612904 0.44506048387096775 0.12323588709677419 0.14348118279569894
1 0.38205645161290325 0.33064516129032256 0.1063508064516129 0.12298387096774194
1 0.2439516129032258 0.27889784946236557 0.0967741935483871 0.09543010752688172
1 0.2009828629032258 0.3382056451612903 0.07988911290322581 0.15893817204301075
1 0.3738659274193548 0.43783602150537637 0.1302923387096774 0.14448924731182797
1 0.33001512096774194 0.49899193548387094 0.15196572580645162 0.16801075268817203
1 0.5963961693548387 0.5540994623655914 0.14994959677419356 0.17338709677419356
1 0.8160282258064516 0.561491935483871 0.12852822580645162 0.2103494623655914
0 0.6881300403225806 0.2854502688172043 0.07484879032258064 0.0769489247311828