0 0.24192708333333332 0.41712962962962963 0.03802083333333333 0.08611111111111111
0 0.35390625 0.3226851851851852 0.022395833333333334 0.05277777777777778
0 0.39791666666666664 0.2777777777777778 0.015625 0.03518518518518519
0 0.4114583333333333 0.2569444444444444 0.011458333333333333 0.026851851851851852
0 0.4192708333333333 0.24722222222222223 0.007291666666666667 0.020370370370370372
0 0.41796875 0.24027777777777778 0.0046875 0.017592592592592594
0 0.43984375 0.2310185185185185 0.0067708333333333336 0.019444444444444445
0 0.45390625 0.2212962962962963 0.005729166666666666 0.016666666666666666
0 0.47552083333333334 0.2273148148148148 0.00625 0.01574074074074074
0 0.48046875 0.21898148148148147 0.005729166666666666 0.019444444444444445
0 0.49921875 0.21203703703703702 0.0046875 0.012962962962962963
0 0.5080729166666667 0.22314814814814815 0.005729166666666666 0.016666666666666666
0 0.5125 0.22268518518518518 0.00625 0.017592592592592594