0 0.5188609467455622 0.33157894736842103 0.005177514792899409 0.014473684210526316
0 0.5012943786982249 0.3348684210526316 0.005547337278106509 0.015789473684210527
0 0.4604289940828402 0.33157894736842103 0.006656804733727811 0.017105263157894738
0 0.44619082840236685 0.3319078947368421 0.00628698224852071 0.017763157894736842
0 0.45451183431952663 0.33651315789473685 0.005917159763313609 0.020394736842105264
0 0.46856508875739644 0.34078947368421053 0.008136094674556213 0.019736842105263157
0 0.4881656804733728 0.34671052631578947 0.008875739644970414 0.02368421052631579
0 0.5343934911242604 0.36776315789473685 0.011094674556213017 0.02894736842105263
0 0.5517751479289941 0.4141447368421053 0.016272189349112426 0.04802631578947368
0 0.7067307692307693 0.8157894736842105 0.08136094674556213 0.20789473684210527
0 0.516457100591716 0.3269736842105263 0.0033284023668639054 0.011842105263157895
0 0.7396449704142012 0.3960526315789474 0.008875739644970414 0.013157894736842105
0 0.7485207100591716 0.39407894736842103 0.0014792899408284023 0.017105263157894738
0 0.7496301775147929 0.39703947368421055 0.0022189349112426036 0.021710526315789475
0 0.7516642011834319 0.3983552631578947 0.0025887573964497044 0.021710526315789475
0 0.7540680473372781 0.4006578947368421 0.0022189349112426036 0.02236842105263158
0 0.7568417159763313 0.40032894736842106 0.0040680473372781065 0.021710526315789475
0 0.5134985207100592 0.3213815789473684 0.0018491124260355029 0.009868421052631578