0 0.146875 0.5425925925925926 0.04583333333333333 0.12962962962962962
0 0.2947916666666667 0.35324074074074074 0.030208333333333334 0.06388888888888888
0 0.3359375 0.3 0.017708333333333333 0.044444444444444446
0 0.2828125 0.2708333333333333 0.011458333333333333 0.030555555555555555
0 0.3265625 0.27546296296296297 0.0125 0.03425925925925926
0 0.22213541666666667 0.2740740740740741 0.0109375 0.027777777777777776
0 0.1765625 0.2791666666666667 0.010416666666666666 0.025
0 0.1328125 0.28425925925925927 0.008333333333333333 0.024074074074074074
0 0.12838541666666667 0.27824074074074073 0.0067708333333333336 0.023148148148148147
0 0.14479166666666668 0.26851851851851855 0.00625 0.020370370370370372
0 0.178125 0.25833333333333336 0.00625 0.016666666666666666
0 0.21770833333333334 0.24814814814814815 0.00625 0.018518518518518517
0 0.23958333333333334 0.24444444444444444 0.005208333333333333 0.016666666666666666
0 0.26614583333333336 0.2388888888888889 0.005208333333333333 0.016666666666666666
0 0.30520833333333336 0.23194444444444445 0.005208333333333333 0.017592592592592594
0 0.9822916666666667 0.3194444444444444 0.017708333333333333 0.046296296296296294
0 0.6940104166666666 0.2361111111111111 0.0078125 0.020370370370370372
0 0.39505208333333336 0.2162037037037037 0.0046875 0.013888888888888888
0 0.3890625 0.2152777777777778 0.004166666666666667 0.013888888888888888
0 0.38307291666666665 0.21435185185185185 0.0036458333333333334 0.012037037037037037
0 0.3731770833333333 0.21481481481481482 0.0036458333333333334 0.012962962962962963
0 0.37838541666666664 0.21944444444444444 0.0046875 0.014814814814814815
0 0.35390625 0.22546296296296298 0.0046875 0.01574074074074074