0 0.20598958333333334 0.21342592592592594 0.005729166666666666 0.013888888888888888
0 0.209375 0.21574074074074073 0.00625 0.014814814814814815
0 0.26119791666666664 0.2273148148148148 0.0078125 0.019444444444444445
0 0.22109375 0.21712962962962962 0.005729166666666666 0.01574074074074074
0 0.09244791666666667 0.24537037037037038 0.005729166666666666 0.014814814814814815
0 0.240625 0.21805555555555556 0.007291666666666667 0.017592592592592594
0 0.04973958333333333 0.2601851851851852 0.0067708333333333336 0.016666666666666666
0 0.22161458333333334 0.2375 0.008854166666666666 0.021296296296296296
0 0.1234375 0.2740740740740741 0.0125 0.02962962962962963
0 0.16380208333333332 0.25416666666666665 0.009895833333333333 0.025
0 0.14895833333333333 0.28564814814814815 0.014583333333333334 0.03425925925925926
0 0.20859375 0.29398148148148145 0.018229166666666668 0.04351851851851852
0 0.20572916666666666 0.36898148148148147 0.028125 0.0712962962962963