0 0.76640625 0.6421296296296296 0.04635416666666667 0.10277777777777777
0 0.64140625 0.5694444444444444 0.022395833333333334 0.05185185185185185
0 0.64609375 0.5467592592592593 0.0109375 0.03796296296296296
0 0.6630208333333333 0.5375 0.011458333333333333 0.026851851851851852
0 0.68671875 0.5277777777777778 0.0078125 0.018518518518518517
0 0.6731770833333334 0.5189814814814815 0.005729166666666666 0.01574074074074074
0 0.6333333333333333 0.5148148148148148 0.004166666666666667 0.012962962962962963
0 0.46822916666666664 0.5138888888888888 0.004166666666666667 0.012962962962962963
0 0.36171875 0.5125 0.0046875 0.012037037037037037
0 0.3997395833333333 0.5143518518518518 0.0036458333333333334 0.012037037037037037
0 0.5690104166666666 0.5143518518518518 0.0036458333333333334 0.012037037037037037
0 0.5119791666666667 0.5162037037037037 0.004166666666666667 0.012037037037037037