0 0.03254437869822485 0.33125 0.004437869822485207 0.009868421052631578
0 0.06120562130177515 0.3236842105263158 0.0040680473372781065 0.007894736842105263
0 0.21597633136094674 0.30526315789473685 0.005917159763313609 0.010526315789473684
0 0.04955621301775148 0.3263157894736842 0.0036982248520710057 0.009210526315789473
0 0.22300295857988164 0.3088815789473684 0.005177514792899409 0.0125
0 0.019230769230769232 0.33289473684210524 0.004437869822485207 0.009210526315789473
0 0.2481508875739645 0.3125 0.006656804733727811 0.014473684210526316
0 0.2967825443786982 0.3213815789473684 0.0070266272189349116 0.017763157894736842
0 0.3566937869822485 0.33026315789473687 0.009245562130177515 0.021052631578947368
0 0.41346153846153844 0.3427631578947368 0.010355029585798817 0.02368421052631579
0 0.49204881656804733 0.36414473684210524 0.01220414201183432 0.028289473684210528
0 0.5454881656804734 0.40328947368421053 0.01775147928994083 0.04078947368421053
0 0.6669748520710059 0.5236842105263158 0.03587278106508876 0.07894736842105263