0 0.4855769230769231 0.30394736842105263 0.0036982248520710057 0.009210526315789473
0 0.5068417159763313 0.3190789473684211 0.005547337278106509 0.014473684210526316
0 0.49204881656804733 0.3069078947368421 0.0040680473372781065 0.009868421052631578
0 0.5009245562130178 0.32730263157894735 0.00628698224852071 0.015131578947368421
0 0.12333579881656805 0.3519736842105263 0.009245562130177515 0.019736842105263157
0 0.01904585798816568 0.38453947368421054 0.011464497041420118 0.023026315789473683
0 0.4831730769230769 0.34078947368421053 0.009985207100591717 0.02236842105263158
0 0.44822485207100593 0.35526315789473684 0.01257396449704142 0.02763157894736842
0 0.43398668639053256 0.375 0.01664201183431953 0.03684210526315789
0 0.48520710059171596 0.40657894736842104 0.022928994082840236 0.04868421052631579
0 0.6261094674556213 0.4707236842105263 0.03328402366863906 0.06776315789473684
0 0.8202662721893491 0.6447368421052632 0.053994082840236685 0.12368421052631579
0 0.502034023668639 0.3055921052631579 0.0040680473372781065 0.0125
0 0.5109097633136095 0.3118421052631579 0.0033284023668639054 0.011842105263157895