0 0.3328125 0.225 0.00625 0.018518518518518517
0 0.33046875 0.2324074074074074 0.0078125 0.020370370370370372
0 0.31692708333333336 0.24444444444444444 0.008854166666666666 0.022222222222222223
0 0.29765625 0.2569444444444444 0.009895833333333333 0.025
0 0.065625 0.33935185185185185 0.015625 0.03425925925925926
0 0.28619791666666666 0.2722222222222222 0.011979166666666667 0.02962962962962963
0 0.23697916666666666 0.3125 0.017708333333333333 0.041666666666666664
0 0.1796875 0.37453703703703706 0.027083333333333334 0.062037037037037036
0 0.29609375 0.22268518518518518 0.0046875 0.013888888888888888
0 0.3028645833333333 0.22453703703703703 0.005729166666666666 0.013888888888888888
0 0.3182291666666667 0.21574074074074073 0.005208333333333333 0.014814814814814815
0 0.3390625 0.21064814814814814 0.005208333333333333 0.013888888888888888
0 0.3453125 0.20833333333333334 0.005208333333333333 0.012962962962962963
0 0.35234375 0.2064814814814815 0.0046875 0.012962962962962963
0 0.35833333333333334 0.20046296296296295 0.004166666666666667 0.013888888888888888
0 0.3640625 0.1986111111111111 0.004166666666666667 0.012037037037037037