0 0.8447916666666667 0.23842592592592593 0.010416666666666666 0.025
0 0.8981770833333333 0.2523148148148148 0.0109375 0.026851851851851852
0 0.98125 0.274537037037037 0.014583333333333334 0.030555555555555555
0 0.8546875 0.30972222222222223 0.021875 0.05092592592592592
0 0.7307291666666667 0.29953703703703705 0.023958333333333335 0.05277777777777778
0 0.6390625 0.2986111111111111 0.023958333333333335 0.05462962962962963
0 0.5583333333333333 0.30185185185185187 0.025 0.05740740740740741
0 0.3802083333333333 0.32916666666666666 0.029166666666666667 0.06759259259259259
0 0.18880208333333334 0.37824074074074077 0.027604166666666666 0.075
0 0.9520833333333333 0.26481481481481484 0.014583333333333334 0.02962962962962963
0 0.9916666666666667 0.3277777777777778 0.016666666666666666 0.04814814814814815
0 0.7872395833333333 0.21898148148148147 0.0046875 0.019444444444444445
0 0.8049479166666667 0.21944444444444444 0.0046875 0.018518518518518517
0 0.8065104166666667 0.22777777777777777 0.005729166666666666 0.022222222222222223
0 0.74140625 0.20092592592592592 0.0036458333333333334 0.014814814814814815
0 0.6971354166666667 0.19814814814814816 0.0036458333333333334 0.014814814814814815
0 0.6364583333333333 0.19537037037037036 0.004166666666666667 0.014814814814814815
0 0.57578125 0.1925925925925926 0.0046875 0.014814814814814815
0 0.509375 0.1912037037037037 0.003125 0.013888888888888888
0 0.44166666666666665 0.19027777777777777 0.004166666666666667 0.013888888888888888
0 0.4 0.19166666666666668 0.004166666666666667 0.014814814814814815
0 0.30078125 0.19305555555555556 0.0036458333333333334 0.013888888888888888
0 0.36276041666666664 0.19166666666666668 0.0036458333333333334 0.014814814814814815
0 0.24088541666666666 0.19537037037037036 0.0046875 0.014814814814814815
0 0.27265625 0.19490740740740742 0.0046875 0.013888888888888888
0 0.20546875 0.19814814814814816 0.005729166666666666 0.016666666666666666
0 0.115625 0.22314814814814815 0.00625 0.018518518518518517
0 0.18671875 0.2050925925925926 0.005729166666666666 0.017592592592592594