0 0.6179733727810651 0.49276315789473685 0.029585798816568046 0.07105263157894737
0 0.5830251479289941 0.37203947368421053 0.011464497041420118 0.028289473684210528
0 0.6076183431952663 0.3470394736842105 0.005917159763313609 0.017763157894736842
0 0.6257396449704142 0.3424342105263158 0.005177514792899409 0.015131578947368421
0 0.6440458579881657 0.3394736842105263 0.0040680473372781065 0.013157894736842105
0 0.6640162721893491 0.33848684210526314 0.0033284023668639054 0.0125
0 0.6778846153846154 0.33782894736842106 0.0029585798816568047 0.01118421052631579
0 0.6936020710059172 0.33848684210526314 0.0025887573964497044 0.009868421052631578
0 0.2191198224852071 0.2950657894736842 0.0040680473372781065 0.009868421052631578
0 0.11409023668639054 0.30164473684210524 0.0040680473372781065 0.0125
0 0.2634985207100592 0.29210526315789476 0.0033284023668639054 0.010526315789473684
0 0.29456360946745563 0.2901315789473684 0.0033284023668639054 0.010526315789473684
0 0.3184171597633136 0.28848684210526315 0.0029585798816568047 0.008552631578947369
0 0.3219304733727811 0.28618421052631576 0.0025887573964497044 0.007894736842105263
0 0.3139792899408284 0.2845394736842105 0.0029585798816568047 0.007236842105263158
0 0.30713757396449703 0.2832236842105263 0.0025887573964497044 0.008552631578947369
0 0.3265532544378698 0.2878289473684211 0.0029585798816568047 0.007236842105263158
0 0.6294378698224852 0.31513157894736843 0.0029585798816568047 0.007894736842105263
0 0.634060650887574 0.31546052631578947 0.0025887573964497044 0.008552631578947369
0 0.6370192307692307 0.3180921052631579 0.0025887573964497044 0.008552631578947369
0 0.6606878698224852 0.32532894736842105 0.0025887573964497044 0.009868421052631578
0 0.6841715976331361 0.33322368421052634 0.0036982248520710057 0.009868421052631578