0 0.029166666666666667 0.4583333333333333 0.015625 0.03518518518518519
0 0.12369791666666667 0.37083333333333335 0.0265625 0.058333333333333334
0 0.2674479166666667 0.30416666666666664 0.0203125 0.04722222222222222
0 0.40572916666666664 0.26296296296296295 0.017708333333333333 0.037037037037037035
0 0.5408854166666667 0.2300925925925926 0.0171875 0.03425925925925926
0 0.60703125 0.2111111111111111 0.011979166666666667 0.02962962962962963
0 0.7197916666666667 0.19305555555555556 0.011458333333333333 0.025
0 0.7979166666666667 0.18333333333333332 0.008333333333333333 0.020370370370370372
0 0.9013020833333333 0.18055555555555555 0.0067708333333333336 0.018518518518518517
0 0.95546875 0.1814814814814815 0.0078125 0.020370370370370372
0 0.41015625 0.21296296296296297 0.0078125 0.020370370370370372
0 0.3338541666666667 0.2263888888888889 0.007291666666666667 0.021296296296296296
0 0.28567708333333336 0.2351851851851852 0.0067708333333333336 0.018518518518518517
0 0.2630208333333333 0.2388888888888889 0.00625 0.012962962962962963
0 0.22578125 0.2462962962962963 0.005729166666666666 0.014814814814814815
0 0.52578125 0.19490740740740742 0.0078125 0.017592592592592594
0 0.48359375 0.14212962962962963 0.0046875 0.013888888888888888
0 0.18072916666666666 0.2574074074074074 0.004166666666666667 0.016666666666666666
0 0.13359375 0.26990740740740743 0.0046875 0.01574074074074074