0 0.6921875 0.22361111111111112 0.003125 0.010185185185185186
0 0.3578125 0.23472222222222222 0.003125 0.008333333333333333
0 0.3458333333333333 0.24166666666666667 0.004166666666666667 0.011111111111111112
0 0.3494791666666667 0.23935185185185184 0.003125 0.010185185185185186
0 0.28098958333333335 0.2574074074074074 0.0046875 0.012962962962962963
0 0.3296875 0.24583333333333332 0.005208333333333333 0.012037037037037037
0 0.26614583333333336 0.25833333333333336 0.005208333333333333 0.012962962962962963
0 0.6390625 0.27037037037037037 0.011458333333333333 0.027777777777777776
0 0.7596354166666667 0.23657407407407408 0.0046875 0.013888888888888888
0 0.7927083333333333 0.2449074074074074 0.00625 0.013888888888888888
0 0.83046875 0.2611111111111111 0.0078125 0.016666666666666666
0 0.8158854166666667 0.2689814814814815 0.009895833333333333 0.021296296296296296
0 0.6375 0.29444444444444445 0.015625 0.037037037037037035
0 0.6765625 0.2638888888888889 0.010416666666666666 0.024074074074074074
0 0.75703125 0.26805555555555555 0.009895833333333333 0.023148148148148147
0 0.7236979166666667 0.3736111111111111 0.025520833333333333 0.06574074074074074
0 0.94765625 0.6185185185185185 0.05260416666666667 0.13148148148148148
0 0.38333333333333336 0.2300925925925926 0.003125 0.010185185185185186