0 0.7015625 0.22361111111111112 0.005208333333333333 0.012037037037037037
0 0.746875 0.23425925925925925 0.005208333333333333 0.014814814814814815
0 0.8057291666666667 0.24444444444444444 0.00625 0.016666666666666666
0 0.7736979166666667 0.23796296296296296 0.0067708333333333336 0.016666666666666666
0 0.84921875 0.2523148148148148 0.0078125 0.017592592592592594
0 0.9372395833333333 0.26990740740740743 0.008854166666666666 0.019444444444444445
0 0.940625 0.30185185185185187 0.016666666666666666 0.03518518518518519
0 0.7729166666666667 0.2810185185185185 0.016666666666666666 0.03981481481481482
0 0.6580729166666667 0.287962962962963 0.0203125 0.046296296296296294
0 0.5026041666666666 0.36157407407407405 0.034375 0.075
0 0.60625 0.3263888888888889 0.027083333333333334 0.06018518518518518