0 0.08229166666666667 0.43194444444444446 0.004166666666666667 0.008333333333333333
0 0.41041666666666665 0.36215277777777777 0.004166666666666667 0.007638888888888889
0 0.07265625 0.4375 0.0046875 0.009722222222222222
0 0.4518229166666667 0.3597222222222222 0.0046875 0.009722222222222222
0 0.3875 0.3798611111111111 0.005208333333333333 0.0125
0 0.4986979166666667 0.35868055555555556 0.0046875 0.010416666666666666
0 0.3416666666666667 0.39166666666666666 0.007291666666666667 0.0125
0 0.06640625 0.44548611111111114 0.0078125 0.013194444444444444
0 0.24921875 0.4128472222222222 0.0078125 0.014583333333333334
0 0.5583333333333333 0.3607638888888889 0.00625 0.011805555555555555
0 0.125 0.4375 0.007291666666666667 0.015277777777777777
0 0.5984375 0.36180555555555555 0.007291666666666667 0.015277777777777777
0 0.5770833333333333 0.37604166666666666 0.010416666666666666 0.017361111111111112
0 0.40963541666666664 0.4510416666666667 0.021354166666666667 0.034027777777777775
0 0.38645833333333335 0.3729166666666667 0.004166666666666667 0.009722222222222222