0 0.184375 0.3458333333333333 0.004166666666666667 0.013888888888888888
0 0.30442708333333335 0.30648148148148147 0.005729166666666666 0.014814814814814815
0 0.1421875 0.36203703703703705 0.003125 0.011111111111111112
0 0.3578125 0.2949074074074074 0.00625 0.017592592592592594
0 0.47421875 0.27361111111111114 0.0067708333333333336 0.019444444444444445
0 0.5434895833333333 0.26851851851851855 0.008854166666666666 0.020370370370370372
0 0.65234375 0.275 0.009895833333333333 0.025925925925925925
0 0.7268229166666667 0.3055555555555556 0.0140625 0.037037037037037035
0 0.7395833333333334 0.36666666666666664 0.021875 0.05740740740740741
0 0.73125 0.5421296296296296 0.046875 0.125
0 0.09010416666666667 0.387037037037037 0.003125 0.011111111111111112
0 0.23255208333333333 0.3282407407407407 0.0036458333333333334 0.012037037037037037