0 0.096875 0.5333333333333333 0.042708333333333334 0.11481481481481481
0 0.11119791666666666 0.4212962962962963 0.027604166666666666 0.06666666666666667
0 0.20338541666666668 0.35 0.0171875 0.040740740740740744
0 0.30182291666666666 0.3162037037037037 0.013020833333333334 0.03425925925925926
0 0.4041666666666667 0.2935185185185185 0.009375 0.03148148148148148
0 0.4921875 0.2800925925925926 0.009375 0.028703703703703703
0 0.609375 0.26805555555555555 0.009375 0.028703703703703703
0 0.7161458333333334 0.2625 0.009375 0.028703703703703703
0 0.8526041666666667 0.262037037037037 0.009375 0.027777777777777776
0 0.9966145833333333 0.2740740740740741 0.0067708333333333336 0.02962962962962963
0 0.03203125 0.3314814814814815 0.005729166666666666 0.020370370370370372
0 0.052083333333333336 0.32222222222222224 0.005208333333333333 0.016666666666666666
0 0.0421875 0.3212962962962963 0.005208333333333333 0.016666666666666666