0 0.96875 0.5527777777777778 0.020833333333333332 0.053703703703703705
0 0.7677083333333333 0.3925925925925926 0.0125 0.037037037037037035
0 0.5955729166666667 0.30972222222222223 0.008854166666666666 0.026851851851851852
0 0.5703125 0.2796296296296296 0.00625 0.018518518518518517
0 0.6190104166666667 0.2875 0.0046875 0.013888888888888888
0 0.4973958333333333 0.2777777777777778 0.007291666666666667 0.022222222222222223
0 0.5091145833333334 0.2675925925925926 0.005729166666666666 0.016666666666666666
0 0.38645833333333335 0.26064814814814813 0.00625 0.019444444444444445
0 0.42291666666666666 0.2537037037037037 0.005208333333333333 0.014814814814814815
0 0.2830729166666667 0.2513888888888889 0.0067708333333333336 0.017592592592592594
0 0.22213541666666667 0.2462962962962963 0.0046875 0.016666666666666666
0 0.22942708333333334 0.23981481481481481 0.0036458333333333334 0.014814814814814815
0 0.2825520833333333 0.23703703703703705 0.0036458333333333334 0.011111111111111112
0 0.6575520833333334 0.29259259259259257 0.0036458333333333334 0.012962962962962963
0 0.64921875 0.28379629629629627 0.0026041666666666665 0.008333333333333333
0 0.3458333333333333 0.2439814814814815 0.005208333333333333 0.013888888888888888