0 0.7825520833333334 0.48564814814814816 0.0067708333333333336 0.017592592592592594
0 0.4625 0.5037037037037037 0.009375 0.025925925925925925
0 0.8791666666666667 0.49074074074074076 0.005208333333333333 0.014814814814814815
0 0.8747395833333333 0.49675925925925923 0.0078125 0.019444444444444445
0 0.8166666666666667 0.4847222222222222 0.005208333333333333 0.013888888888888888
0 0.6942708333333333 0.48009259259259257 0.005208333333333333 0.013888888888888888
0 0.5697916666666667 0.4828703703703704 0.005208333333333333 0.013888888888888888
0 0.7645833333333333 0.4828703703703704 0.005208333333333333 0.013888888888888888
0 0.6203125 0.48055555555555557 0.005208333333333333 0.012962962962962963
0 0.5486979166666667 0.4875 0.005729166666666666 0.01574074074074074
0 0.6630208333333333 0.4925925925925926 0.007291666666666667 0.020370370370370372
0 0.9020833333333333 0.4949074074074074 0.00625 0.017592592592592594
0 0.7807291666666667 0.49398148148148147 0.009375 0.023148148148148147
0 0.584375 0.4912037037037037 0.007291666666666667 0.019444444444444445
0 0.4276041666666667 0.5212962962962963 0.014583333333333334 0.03888888888888889
0 0.8651041666666667 0.5106481481481482 0.015625 0.03611111111111111
0 0.9591145833333333 0.5092592592592593 0.013020833333333334 0.02962962962962963
0 0.7953125 0.5398148148148149 0.022916666666666665 0.05555555555555555
0 0.8096354166666667 0.6439814814814815 0.04739583333333333 0.12129629629629629