0 0.9731770833333333 0.55 0.0067708333333333336 0.012962962962962963
0 0.46822916666666664 0.600925925925926 0.008333333333333333 0.020370370370370372
0 0.8544270833333333 0.5768518518518518 0.0078125 0.016666666666666666
0 0.38359375 0.5986111111111111 0.0067708333333333336 0.019444444444444445
0 0.9091145833333333 0.5652777777777778 0.0078125 0.01574074074074074
0 0.290625 0.5972222222222222 0.00625 0.018518518518518517
0 0.56171875 0.6027777777777777 0.009895833333333333 0.024074074074074074
0 0.8421875 0.5856481481481481 0.010416666666666666 0.023148148148148147
0 0.90078125 0.5916666666666667 0.015104166666666667 0.03333333333333333
0 0.6630208333333333 0.6050925925925926 0.011458333333333333 0.028703703703703703
0 0.7380208333333333 0.6106481481481482 0.016666666666666666 0.03425925925925926
0 0.8671875 0.6328703703703704 0.022916666666666665 0.05648148148148148