0 0.13958333333333334 0.5152777777777777 0.046875 0.11944444444444445
0 0.096875 0.4041666666666667 0.023958333333333335 0.06944444444444445
0 0.0359375 0.38796296296296295 0.016666666666666666 0.04814814814814815
0 0.05546875 0.3578703703703704 0.013020833333333334 0.03425925925925926
0 0.121875 0.3296296296296296 0.010416666666666666 0.027777777777777776
0 0.2 0.30277777777777776 0.009375 0.025925925925925925
0 0.27005208333333336 0.2833333333333333 0.0078125 0.022222222222222223
0 0.3658854166666667 0.25925925925925924 0.008854166666666666 0.022222222222222223
0 0.4518229166666667 0.2412037037037037 0.0078125 0.021296296296296296
0 0.56015625 0.225 0.0078125 0.022222222222222223
0 0.6705729166666666 0.2152777777777778 0.0067708333333333336 0.021296296296296296
0 0.78671875 0.20787037037037037 0.0078125 0.026851851851851852
0 0.9489583333333333 0.21435185185185185 0.009375 0.023148148148148147