0 0.022189349112426034 0.3549342105263158 0.005917159763313609 0.020394736842105264
0 0.12592455621301776 0.33651315789473685 0.005547337278106509 0.017763157894736842
0 0.8284023668639053 0.5148026315789473 0.02440828402366864 0.06118421052631579
0 0.702292899408284 0.44243421052631576 0.01849112426035503 0.04276315789473684
0 0.6560650887573964 0.4131578947368421 0.014053254437869823 0.035526315789473684
0 0.6203772189349113 0.3888157894736842 0.009985207100591717 0.02894736842105263
0 0.5968934911242604 0.37236842105263157 0.008875739644970414 0.02368421052631579
0 0.551405325443787 0.3549342105263158 0.005917159763313609 0.017763157894736842
0 0.5001849112426036 0.34111842105263157 0.004807692307692308 0.01381578947368421
0 0.5199704142011834 0.3480263157894737 0.005917159763313609 0.015789473684210527
0 0.529215976331361 0.34111842105263157 0.004437869822485207 0.01381578947368421
0 0.5608357988165681 0.3417763157894737 0.0040680473372781065 0.0125
0 0.5894970414201184 0.34342105263157896 0.004437869822485207 0.011842105263157895
0 0.6044748520710059 0.33848684210526314 0.0025887573964497044 0.007236842105263158