0 0.18723958333333332 0.3962962962962963 0.030729166666666665 0.08333333333333333
0 0.23567708333333334 0.3263888888888889 0.019270833333333334 0.058333333333333334
0 0.19270833333333334 0.2847222222222222 0.013541666666666667 0.03981481481481482
0 0.13828125 0.28194444444444444 0.0109375 0.032407407407407406
0 0.07552083333333333 0.28055555555555556 0.010416666666666666 0.03148148148148148
0 0.11015625 0.22361111111111112 0.0036458333333333334 0.012037037037037037
0 0.18515625 0.20277777777777778 0.0046875 0.012962962962962963
0 0.5088541666666667 0.1638888888888889 0.004166666666666667 0.014814814814814815
0 0.54453125 0.1587962962962963 0.0036458333333333334 0.013888888888888888
0 0.56484375 0.1550925925925926 0.0036458333333333334 0.012037037037037037
0 0.46067708333333335 0.16944444444444445 0.0046875 0.016666666666666666
0 0.4044270833333333 0.17083333333333334 0.0046875 0.01574074074074074
0 0.34427083333333336 0.17407407407407408 0.004166666666666667 0.016666666666666666
0 0.2796875 0.18055555555555555 0.004166666666666667 0.016666666666666666
0 0.034375 0.24768518518518517 0.004166666666666667 0.013888888888888888