0 0.9317708333333333 0.21342592592592594 0.005208333333333333 0.012037037037037037
0 0.9078125 0.21203703703703702 0.005208333333333333 0.012962962962962963
0 0.8690104166666667 0.2152777777777778 0.0067708333333333336 0.01574074074074074
0 0.865625 0.2162037037037037 0.00625 0.017592592592592594
0 0.9169270833333333 0.21898148148148147 0.0046875 0.013888888888888888
0 0.9260416666666667 0.21666666666666667 0.005208333333333333 0.012962962962962963
0 0.8880208333333334 0.21388888888888888 0.00625 0.014814814814814815
0 0.8541666666666666 0.21944444444444444 0.00625 0.018518518518518517
0 0.8057291666666667 0.22916666666666666 0.010416666666666666 0.025
0 0.8369791666666667 0.22407407407407406 0.007291666666666667 0.020370370370370372
0 0.76015625 0.23564814814814813 0.013020833333333334 0.028703703703703703
0 0.40729166666666666 0.30277777777777776 0.025 0.05185185185185185
0 0.6658854166666667 0.2462962962962963 0.016145833333333335 0.03333333333333333
0 0.596875 0.2587962962962963 0.017708333333333333 0.03796296296296296