0 0.44765625 0.21157407407407408 0.0067708333333333336 0.019444444444444445
0 0.4359375 0.2111111111111111 0.00625 0.018518518518518517
0 0.42421875 0.20787037037037037 0.0036458333333333334 0.01574074074074074
0 0.425 0.2152777777777778 0.005208333333333333 0.019444444444444445
0 0.3919270833333333 0.2175925925925926 0.0067708333333333336 0.020370370370370372
0 0.35130208333333335 0.22407407407407406 0.0046875 0.020370370370370372
0 0.35625 0.23425925925925925 0.007291666666666667 0.024074074074074074
0 0.396875 0.24259259259259258 0.010416666666666666 0.03148148148148148
0 0.37213541666666666 0.274537037037037 0.015104166666666667 0.03981481481481482
0 0.17890625 0.41944444444444445 0.04010416666666667 0.08703703703703704
0 0.30520833333333336 0.32731481481481484 0.022916666666666665 0.05648148148148148
0 0.4609375 0.2 0.004166666666666667 0.016666666666666666
0 0.46927083333333336 0.2 0.004166666666666667 0.014814814814814815