0 0.8984375 0.26805555555555555 0.017708333333333333 0.03425925925925926
0 0.22109375 0.40046296296296297 0.03697916666666667 0.08055555555555556
0 0.26953125 0.3300925925925926 0.0234375 0.05462962962962963
0 0.23828125 0.30092592592592593 0.015104166666666667 0.04259259259259259
0 0.15442708333333333 0.2949074074074074 0.011979166666666667 0.03425925925925926
0 0.06588541666666667 0.3 0.009895833333333333 0.027777777777777776
0 0.049479166666666664 0.2935185185185185 0.008333333333333333 0.024074074074074074
0 0.036458333333333336 0.28888888888888886 0.00625 0.020370370370370372
0 0.04088541666666667 0.28194444444444444 0.0036458333333333334 0.017592592592592594
0 0.04635416666666667 0.2777777777777778 0.005208333333333333 0.020370370370370372
0 0.0390625 0.26851851851851855 0.004166666666666667 0.014814814814814815
0 0.05963541666666667 0.2671296296296296 0.0046875 0.01574074074074074
0 0.06770833333333333 0.25925925925925924 0.004166666666666667 0.012962962962962963
0 0.0765625 0.2587962962962963 0.004166666666666667 0.013888888888888888
0 0.08151041666666667 0.2550925925925926 0.0046875 0.013888888888888888
0 0.01328125 0.2763888888888889 0.0046875 0.01574074074074074