0 0.5505208333333333 0.21898148148148147 0.009375 0.023148148148148147
0 0.5484375 0.2300925925925926 0.022916666666666665 0.028703703703703703
0 0.5549479166666667 0.2273148148148148 0.0109375 0.025
0 0.4395833333333333 0.25277777777777777 0.0125 0.03148148148148148
0 0.45651041666666664 0.26666666666666666 0.016145833333333335 0.040740740740740744
0 0.49713541666666666 0.23796296296296296 0.013020833333333334 0.027777777777777776
0 0.540625 0.2324074074074074 0.0125 0.027777777777777776
0 0.44505208333333335 0.29212962962962963 0.022395833333333334 0.049074074074074076
0 0.50625 0.2796296296296296 0.01875 0.046296296296296294
0 0.48072916666666665 0.27175925925925926 0.017708333333333333 0.041666666666666664
0 0.3450520833333333 0.30925925925925923 0.025520833333333333 0.05555555555555555
0 0.17552083333333332 0.3731481481481482 0.029166666666666667 0.06851851851851852
0 0.56171875 0.2037037037037037 0.005729166666666666 0.018518518518518517