0 0.509375 0.2037037037037037 0.007291666666666667 0.016666666666666666
0 0.4075520833333333 0.20879629629629629 0.0067708333333333336 0.017592592592592594
0 0.8317708333333333 0.1574074074074074 0.011458333333333333 0.025925925925925925
0 0.43723958333333335 0.23333333333333334 0.0109375 0.027777777777777776
0 0.5078125 0.20925925925925926 0.008333333333333333 0.018518518518518517
0 0.4635416666666667 0.2175925925925926 0.008333333333333333 0.020370370370370372
0 0.49635416666666665 0.21342592592592594 0.008333333333333333 0.021296296296296296
0 0.43203125 0.2449074074074074 0.0140625 0.032407407407407406
0 0.42291666666666666 0.22685185185185186 0.009375 0.024074074074074074
0 0.47109375 0.23981481481481481 0.013020833333333334 0.02962962962962963
0 0.284375 0.2791666666666667 0.016666666666666666 0.03981481481481482
0 0.45364583333333336 0.23564814814814813 0.0125 0.028703703703703703
0 0.37109375 0.25324074074074077 0.0140625 0.03425925925925926
0 0.25442708333333336 0.3162037037037037 0.0234375 0.05277777777777778
0 0.28932291666666665 0.38564814814814813 0.03802083333333333 0.0824074074074074
0 0.51796875 0.19444444444444445 0.0046875 0.014814814814814815
0 0.52109375 0.19074074074074074 0.0036458333333333334 0.011111111111111112