0 0.14088541666666668 0.26851851851851855 0.0026041666666666665 0.011111111111111112
0 0.11380208333333333 0.2712962962962963 0.0046875 0.012962962962962963
0 0.20911458333333333 0.2759259259259259 0.0046875 0.012962962962962963
0 0.05651041666666667 0.27685185185185185 0.0036458333333333334 0.012962962962962963
0 0.37109375 0.2916666666666667 0.005729166666666666 0.012962962962962963
0 0.14505208333333333 0.274537037037037 0.0036458333333333334 0.013888888888888888
0 0.07916666666666666 0.2810185185185185 0.004166666666666667 0.013888888888888888
0 0.2955729166666667 0.2824074074074074 0.0036458333333333334 0.012962962962962963
0 0.4453125 0.30277777777777776 0.004166666666666667 0.012962962962962963
0 0.48984375 0.3143518518518518 0.0046875 0.013888888888888888
0 0.5263020833333333 0.3263888888888889 0.0067708333333333336 0.017592592592592594
0 0.5658854166666667 0.3458333333333333 0.0078125 0.021296296296296296
0 0.61953125 0.3958333333333333 0.016145833333333335 0.03611111111111111
0 0.71015625 0.4722222222222222 0.024479166666666666 0.05740740740740741
0 0.15104166666666666 0.2652777777777778 0.003125 0.012037037037037037
0 0.1546875 0.262037037037037 0.003125 0.011111111111111112