0 0.12083333333333333 0.2587962962962963 0.004166666666666667 0.013888888888888888
0 0.09895833333333333 0.26851851851851855 0.005208333333333333 0.016666666666666666
0 0.12916666666666668 0.2550925925925926 0.004166666666666667 0.013888888888888888
0 0.11640625 0.2574074074074074 0.0046875 0.012962962962962963
0 0.13411458333333334 0.25 0.0026041666666666665 0.009259259259259259
0 0.08515625 0.2657407407407407 0.0036458333333333334 0.014814814814814815
0 0.08203125 0.26481481481481484 0.0036458333333333334 0.011111111111111112
0 0.07838541666666667 0.2796296296296296 0.005729166666666666 0.018518518518518517
0 0.06666666666666667 0.2875 0.007291666666666667 0.019444444444444445
0 0.049479166666666664 0.32685185185185184 0.011458333333333333 0.03148148148148148
0 0.05260416666666667 0.30925925925925923 0.007291666666666667 0.025925925925925925
0 0.053125 0.2949074074074074 0.005208333333333333 0.01574074074074074
0 0.12552083333333333 0.337037037037037 0.019791666666666666 0.046296296296296294
0 0.20078125 0.3699074074074074 0.028645833333333332 0.06574074074074074
0 0.18802083333333333 0.47129629629629627 0.0375 0.10555555555555556
0 0.030208333333333334 0.2865740740740741 0.004166666666666667 0.01574074074074074
0 0.057291666666666664 0.275 0.005208333333333333 0.016666666666666666