0 0.09895833333333333 0.2273148148148148 0.004166666666666667 0.012037037037037037
0 0.04921875 0.24351851851851852 0.005729166666666666 0.014814814814814815
0 0.39166666666666666 0.24074074074074073 0.010416666666666666 0.037037037037037035
0 0.05859375 0.2587962962962963 0.0078125 0.019444444444444445
0 0.3450520833333333 0.22453703703703703 0.008854166666666666 0.030555555555555555
0 0.24635416666666668 0.22175925925925927 0.008333333333333333 0.025
0 0.30026041666666664 0.2222222222222222 0.009895833333333333 0.02962962962962963
0 0.15026041666666667 0.23472222222222222 0.0078125 0.021296296296296296
0 0.38125 0.25972222222222224 0.013541666666666667 0.04351851851851852
0 0.33984375 0.29907407407407405 0.021354166666666667 0.05555555555555555
0 0.16927083333333334 0.4217592592592593 0.030208333333333334 0.08981481481481482
0 0.1640625 0.20601851851851852 0.004166666666666667 0.01574074074074074
0 0.22916666666666666 0.19027777777777777 0.005208333333333333 0.012037037037037037
0 0.29401041666666666 0.1736111111111111 0.0046875 0.013888888888888888
0 0.42994791666666665 0.15601851851851853 0.0046875 0.013888888888888888
0 0.48125 0.15555555555555556 0.004166666666666667 0.014814814814814815
0 0.5283854166666667 0.15601851851851853 0.0036458333333333334 0.013888888888888888
0 0.5690104166666666 0.15231481481481482 0.0036458333333333334 0.013888888888888888
0 0.5994791666666667 0.14953703703703702 0.003125 0.012037037037037037
0 0.6177083333333333 0.14583333333333334 0.003125 0.012037037037037037
0 0.6416666666666667 0.14305555555555555 0.003125 0.012037037037037037
0 0.37421875 0.16111111111111112 0.0036458333333333334 0.011111111111111112
0 0.6473958333333333 0.1398148148148148 0.003125 0.011111111111111112