0 0.21380208333333334 0.45231481481481484 0.044270833333333336 0.10462962962962963
0 0.2752604166666667 0.3314814814814815 0.024479166666666666 0.05925925925925926
0 0.3260416666666667 0.2773148148148148 0.014583333333333334 0.03981481481481482
0 0.38333333333333336 0.24722222222222223 0.010416666666666666 0.02962962962962963
0 0.4471354166666667 0.22777777777777777 0.008854166666666666 0.025925925925925925
0 0.47760416666666666 0.21944444444444444 0.008333333333333333 0.024074074074074074
0 0.45598958333333334 0.2162037037037037 0.005729166666666666 0.021296296296296296
0 0.41015625 0.20833333333333334 0.005729166666666666 0.018518518518518517
0 0.4236979166666667 0.21388888888888888 0.0067708333333333336 0.022222222222222223
0 0.43072916666666666 0.2037037037037037 0.005208333333333333 0.016666666666666666
0 0.45208333333333334 0.1986111111111111 0.005208333333333333 0.017592592592592594
0 0.4822916666666667 0.19444444444444445 0.005208333333333333 0.014814814814814815
0 0.4984375 0.19212962962962962 0.004166666666666667 0.013888888888888888