0 0.6635416666666667 0.20972222222222223 0.005208333333333333 0.013888888888888888
0 0.60625 0.2101851851851852 0.005208333333333333 0.014814814814814815
0 0.6354166666666666 0.20787037037037037 0.005208333333333333 0.01574074074074074
0 0.5901041666666667 0.21203703703703702 0.00625 0.016666666666666666
0 0.6138020833333333 0.2199074074074074 0.0078125 0.019444444444444445
0 0.1859375 0.42962962962962964 0.016666666666666666 0.05185185185185185
0 0.6580729166666667 0.22962962962962963 0.008854166666666666 0.022222222222222223
0 0.6815104166666667 0.23935185185185184 0.008854166666666666 0.025
0 0.5018229166666667 0.25601851851851853 0.016145833333333335 0.03611111111111111
0 0.5934895833333333 0.2490740740740741 0.0140625 0.03148148148148148
0 0.4044270833333333 0.2902777777777778 0.0234375 0.04722222222222222