0 0.5427083333333333 0.19444444444444445 0.007291666666666667 0.018518518518518517
0 0.5494791666666666 0.19583333333333333 0.00625 0.019444444444444445
0 0.5567708333333333 0.1986111111111111 0.007291666666666667 0.019444444444444445
0 0.5309895833333333 0.20462962962962963 0.008854166666666666 0.020370370370370372
0 0.49140625 0.21157407407407408 0.0078125 0.023148148148148147
0 0.4192708333333333 0.21944444444444444 0.009375 0.024074074074074074
0 0.35989583333333336 0.22916666666666666 0.010416666666666666 0.025
0 0.31744791666666666 0.2361111111111111 0.008854166666666666 0.024074074074074074
0 0.2830729166666667 0.24351851851851852 0.0109375 0.025925925925925925
0 0.21328125 0.262037037037037 0.011979166666666667 0.02962962962962963
0 0.15 0.2824074074074074 0.011458333333333333 0.02962962962962963
0 0.0859375 0.3143518518518518 0.013541666666666667 0.03611111111111111
0 0.04635416666666667 0.3439814814814815 0.017708333333333333 0.04537037037037037
0 0.0859375 0.350462962962963 0.019791666666666666 0.05092592592592592
0 0.13203125 0.36203703703703705 0.0265625 0.05925925925925926
0 0.19348958333333333 0.4013888888888889 0.0390625 0.0824074074074074
0 0.19244791666666666 0.5421296296296296 0.058854166666666666 0.14351851851851852
0 0.34765625 0.19814814814814816 0.0036458333333333334 0.012962962962962963
0 0.30104166666666665 0.2050925925925926 0.003125 0.012037037037037037
0 0.39375 0.19212962962962962 0.004166666666666667 0.012037037037037037
0 0.5028645833333333 0.19398148148148148 0.005729166666666666 0.01574074074074074
0 0.47369791666666666 0.19490740740740742 0.0046875 0.013888888888888888
0 0.46328125 0.18888888888888888 0.0036458333333333334 0.012962962962962963
0 0.4471354166666667 0.19166666666666668 0.0046875 0.012962962962962963
0 0.45364583333333336 0.19444444444444445 0.005208333333333333 0.014814814814814815