0 0.770155325443787 0.6493421052631579 0.05658284023668639 0.12894736842105264
0 0.5347633136094675 0.4411184210526316 0.025887573964497042 0.05855263157894737
0 0.43546597633136097 0.3769736842105263 0.015162721893491124 0.035526315789473684
0 0.5208949704142012 0.3648026315789474 0.011464497041420118 0.026973684210526316
0 0.5591715976331361 0.35723684210526313 0.008136094674556213 0.021052631578947368
0 0.5700813609467456 0.34638157894736843 0.004807692307692308 0.017763157894736842
0 0.06157544378698225 0.3223684210526316 0.00628698224852071 0.014473684210526316
0 0.11076183431952663 0.3131578947368421 0.00628698224852071 0.014473684210526316
0 0.15495562130177515 0.30657894736842106 0.005177514792899409 0.011842105263157895
0 0.1849112426035503 0.3026315789473684 0.004437869822485207 0.011842105263157895
0 0.5737795857988166 0.3401315789473684 0.0033284023668639054 0.013157894736842105
0 0.5613905325443787 0.3263157894736842 0.0022189349112426036 0.009210526315789473
0 0.5673076923076923 0.3305921052631579 0.0029585798816568047 0.009868421052631578