0 0.26536458333333335 0.3592592592592593 0.0296875 0.06296296296296296
0 0.32786458333333335 0.29768518518518516 0.0171875 0.04537037037037037
0 0.37864583333333335 0.2652777777777778 0.013541666666666667 0.03611111111111111
0 0.4114583333333333 0.24027777777777778 0.010416666666666666 0.028703703703703703
0 0.42291666666666666 0.22268518518518518 0.007291666666666667 0.023148148148148147
0 0.38776041666666666 0.21851851851851853 0.005729166666666666 0.018518518518518517
0 0.38125 0.21296296296296297 0.005208333333333333 0.016666666666666666
0 0.41302083333333334 0.20555555555555555 0.005208333333333333 0.014814814814814815
0 0.44088541666666664 0.2023148148148148 0.0036458333333333334 0.013888888888888888
0 0.43854166666666666 0.1986111111111111 0.003125 0.013888888888888888
0 0.44895833333333335 0.1986111111111111 0.004166666666666667 0.01574074074074074
0 0.4583333333333333 0.19907407407407407 0.004166666666666667 0.016666666666666666
0 0.46875 0.19027777777777777 0.004166666666666667 0.013888888888888888