0 0.47291666666666665 0.21296296296296297 0.008333333333333333 0.018518518518518517
0 0.4356770833333333 0.21805555555555556 0.0078125 0.019444444444444445
0 0.40130208333333334 0.22407407407407406 0.0078125 0.020370370370370372
0 0.37161458333333336 0.23287037037037037 0.009895833333333333 0.021296296296296296
0 0.3380208333333333 0.24259259259259258 0.010416666666666666 0.024074074074074074
0 0.26458333333333334 0.27037037037037037 0.0125 0.027777777777777776
0 0.22734375 0.2953703703703704 0.015104166666666667 0.037037037037037035
0 0.18958333333333333 0.3337962962962963 0.019791666666666666 0.04722222222222222
0 0.1390625 0.3976851851851852 0.028125 0.06944444444444445
0 0.5403645833333334 0.20462962962962963 0.0046875 0.016666666666666666
0 0.5893229166666667 0.1986111111111111 0.0046875 0.01574074074074074
0 0.6364583333333333 0.19074074074074074 0.004166666666666667 0.012962962962962963
0 0.640625 0.19398148148148148 0.005208333333333333 0.01574074074074074
0 0.07057291666666667 0.28703703703703703 0.005729166666666666 0.016666666666666666
0 0.1875 0.25046296296296294 0.004166666666666667 0.013888888888888888
0 0.22942708333333334 0.23333333333333334 0.0036458333333333334 0.012962962962962963
0 0.24088541666666666 0.22453703703703703 0.0036458333333333334 0.012037037037037037
0 0.62421875 0.18981481481481483 0.0046875 0.012962962962962963