0 0.17604166666666668 0.2569444444444444 0.004166666666666667 0.012037037037037037
0 0.259375 0.262037037037037 0.004166666666666667 0.012962962962962963
0 0.05182291666666667 0.262037037037037 0.0046875 0.014814814814814815
0 0.11328125 0.25601851851851853 0.0036458333333333334 0.012037037037037037
0 0.3328125 0.27175925925925926 0.004166666666666667 0.012037037037037037
0 0.4046875 0.2824074074074074 0.005208333333333333 0.012962962962962963
0 0.44817708333333334 0.29444444444444445 0.0036458333333333334 0.011111111111111112
0 0.4830729166666667 0.3037037037037037 0.005729166666666666 0.014814814814814815
0 0.521875 0.3199074074074074 0.00625 0.019444444444444445
0 0.57265625 0.35694444444444445 0.013020833333333334 0.032407407407407406
0 0.6434895833333333 0.4064814814814815 0.019270833333333334 0.040740740740740744
0 0.98046875 0.7472222222222222 0.0390625 0.11666666666666667
0 0.07864583333333333 0.2537037037037037 0.003125 0.011111111111111112
0 0.10364583333333334 0.25046296296296294 0.003125 0.010185185185185186