0 0.3966145833333333 0.21064814814814814 0.0067708333333333336 0.017592592592592594
0 0.44166666666666665 0.21157407407407408 0.008333333333333333 0.021296296296296296
0 0.34609375 0.21296296296296297 0.0067708333333333336 0.018518518518518517
0 0.21354166666666666 0.23842592592592593 0.007291666666666667 0.017592592592592594
0 0.015625 0.2916666666666667 0.007291666666666667 0.020370370370370372
0 0.2908854166666667 0.22268518518518518 0.0067708333333333336 0.017592592592592594
0 0.11692708333333333 0.262037037037037 0.0078125 0.022222222222222223
0 0.42265625 0.22453703703703703 0.009895833333333333 0.025
0 0.4002604166666667 0.2388888888888889 0.011979166666666667 0.02962962962962963
0 0.37942708333333336 0.25787037037037036 0.015104166666666667 0.03796296296296296
0 0.3182291666666667 0.31296296296296294 0.022916666666666665 0.05555555555555555