0 0.16974852071005916 0.30098684210526316 0.0036982248520710057 0.009868421052631578
0 0.14441568047337278 0.3026315789473684 0.0040680473372781065 0.009210526315789473
0 0.017011834319526627 0.32532894736842105 0.005177514792899409 0.01118421052631579
0 0.23798076923076922 0.29605263157894735 0.0040680473372781065 0.009210526315789473
0 0.5027736686390533 0.3134868421052632 0.0040680473372781065 0.009868421052631578
0 0.12592455621301776 0.30855263157894736 0.0040680473372781065 0.010526315789473684
0 0.14940828402366865 0.30526315789473685 0.004437869822485207 0.010526315789473684
0 0.5120192307692307 0.3256578947368421 0.004807692307692308 0.013157894736842105
0 0.5364275147928994 0.3536184210526316 0.008505917159763314 0.021710526315789475
0 0.5924556213017751 0.42269736842105265 0.01849112426035503 0.045394736842105265
0 0.571560650887574 0.3401315789473684 0.00628698224852071 0.015789473684210527
0 0.577292899408284 0.3430921052631579 0.005917159763313609 0.015131578947368421
0 0.582655325443787 0.3427631578947368 0.004807692307692308 0.014473684210526316