0 0.5057291666666667 0.524537037037037 0.007291666666666667 0.017592592592592594
0 0.4981770833333333 0.5208333333333334 0.0046875 0.01574074074074074
0 0.9833333333333333 0.7013888888888888 0.03229166666666667 0.14537037037037037
0 0.5526041666666667 0.5319444444444444 0.011458333333333333 0.025
0 0.6098958333333333 0.5523148148148148 0.015625 0.041666666666666664
0 0.7473958333333334 0.6064814814814815 0.035416666666666666 0.07592592592592592
0 0.5091145833333334 0.5180555555555556 0.0036458333333333334 0.013888888888888888
0 0.5247395833333334 0.5148148148148148 0.0036458333333333334 0.012962962962962963
0 0.5322916666666667 0.5087962962962963 0.0020833333333333333 0.008333333333333333
0 0.5447916666666667 0.5120370370370371 0.0020833333333333333 0.011111111111111112
0 0.5484375 0.5106481481481482 0.0020833333333333333 0.008333333333333333