0 0.759430473372781 0.8174342105263158 0.07285502958579881 0.1875
0 0.6181582840236687 0.43717105263157896 0.020340236686390532 0.049342105263157895
0 0.5467825443786982 0.3736842105263158 0.011464497041420118 0.02763157894736842
0 0.5103550295857988 0.34769736842105264 0.0073964497041420114 0.021710526315789475
0 0.4885355029585799 0.3335526315789474 0.005917159763313609 0.018421052631578946
0 0.4765162721893491 0.3236842105263158 0.004807692307692308 0.015789473684210527
0 0.4632026627218935 0.3171052631578947 0.0040680473372781065 0.014473684210526316
0 0.4406434911242604 0.3115131578947368 0.0033284023668639054 0.0125
0 0.019230769230769232 0.33980263157894736 0.004437869822485207 0.017763157894736842
0 0.11372041420118344 0.3190789473684211 0.0040680473372781065 0.014473684210526316
0 0.17085798816568049 0.30756578947368424 0.0029585798816568047 0.0125
0 0.1963757396449704 0.3006578947368421 0.0029585798816568047 0.010526315789473684
0 0.21449704142011836 0.29473684210526313 0.0029585798816568047 0.010526315789473684
0 0.4080991124260355 0.3069078947368421 0.0040680473372781065 0.01118421052631579
0 0.37999260355029585 0.3 0.0033284023668639054 0.011842105263157895
0 0.38553994082840237 0.30296052631578946 0.0033284023668639054 0.01118421052631579