0 0.6867603550295858 0.7450657894736842 0.0613905325443787 0.16381578947368422
0 0.7037721893491125 0.5440789473684211 0.030325443786982247 0.08026315789473684
0 0.747965976331361 0.47828947368421054 0.017381656804733726 0.04736842105263158
0 0.738905325443787 0.4384868421052632 0.011834319526627219 0.03223684210526316
0 0.6982248520710059 0.4006578947368421 0.006656804733727811 0.02236842105263158
0 0.6834319526627219 0.38092105263157894 0.008136094674556213 0.018421052631578946
0 0.65625 0.38125 0.0070266272189349116 0.020394736842105264
0 0.6251849112426036 0.37236842105263157 0.009985207100591717 0.014473684210526316
0 0.6042899408284024 0.3631578947368421 0.008136094674556213 0.019736842105263157
0 0.5928254437869822 0.36151315789473687 0.008875739644970414 0.0125
0 0.5787721893491125 0.35723684210526313 0.010355029585798817 0.013157894736842105
0 0.5634245562130178 0.35 0.00628698224852071 0.015789473684210527
0 0.8396819526627219 0.46151315789473685 0.009985207100591717 0.026973684210526316
0 0.8496671597633136 0.4680921052631579 0.008505917159763314 0.028289473684210528
0 0.44970414201183434 0.34210526315789475 0.0073964497041420114 0.021052631578947368
0 0.40606508875739644 0.3338815789473684 0.0073964497041420114 0.020394736842105264
0 0.014238165680473373 0.30394736842105263 0.004807692307692308 0.014473684210526316
0 0.07544378698224852 0.30164473684210524 0.005917159763313609 0.01381578947368421
0 0.13831360946745563 0.3 0.005177514792899409 0.014473684210526316
0 0.19951923076923078 0.30098684210526316 0.004807692307692308 0.01381578947368421
0 0.2594304733727811 0.3023026315789474 0.004807692307692308 0.01381578947368421
0 0.3206360946745562 0.30625 0.004437869822485207 0.0125
0 0.33986686390532544 0.3059210526315789 0.004437869822485207 0.009210526315789473
0 0.35761834319526625 0.3055921052631579 0.005177514792899409 0.007236842105263158
0 0.35170118343195267 0.30953947368421053 0.004437869822485207 0.01381578947368421
0 0.43916420118343197 0.3180921052631579 0.0033284023668639054 0.01381578947368421
0 0.43657544378698226 0.3207236842105263 0.0033284023668639054 0.015131578947368421
0 0.4595044378698225 0.32598684210526313 0.004807692307692308 0.015131578947368421
0 0.4434171597633136 0.32302631578947366 0.0029585798816568047 0.013157894736842105
0 0.44822485207100593 0.3180921052631579 0.0022189349112426036 0.0125
0 0.4552514792899408 0.3171052631578947 0.0036982248520710057 0.011842105263157895
0 0.46412721893491127 0.31644736842105264 0.0036982248520710057 0.011842105263157895
0 0.4694896449704142 0.31546052631578947 0.0025887573964497044 0.01118421052631579
0 0.4693047337278107 0.325 0.0036982248520710057 0.013157894736842105
0 0.4813239644970414 0.3292763157894737 0.005547337278106509 0.015131578947368421
0 0.49870562130177515 0.3319078947368421 0.0040680473372781065 0.015131578947368421
0 0.5075813609467456 0.33289473684210524 0.005547337278106509 0.014473684210526316
0 0.5197855029585798 0.3335526315789474 0.0040680473372781065 0.014473684210526316
0 0.5369822485207101 0.3355263157894737 0.004437869822485207 0.013157894736842105
0 0.47577662721893493 0.31513157894736843 0.0025887573964497044 0.010526315789473684
0 0.48761094674556216 0.32302631578947366 0.0025887573964497044 0.011842105263157895
0 0.48946005917159763 0.3282894736842105 0.0040680473372781065 0.013157894736842105
0 0.49352810650887574 0.3279605263157895 0.005547337278106509 0.01381578947368421