0 0.8546597633136095 0.7736842105263158 0.06656804733727811 0.16578947368421051
0 0.5684171597633136 0.40460526315789475 0.014792899408284023 0.038157894736842106
0 0.5279215976331361 0.3611842105263158 0.0070266272189349116 0.02368421052631579
0 0.49038461538461536 0.3470394736842105 0.005917159763313609 0.020394736842105264
0 0.46172337278106507 0.33848684210526314 0.0070266272189349116 0.017763157894736842
0 0.44545118343195267 0.3319078947368421 0.00628698224852071 0.017763157894736842
0 0.4779955621301775 0.33322368421052634 0.005547337278106509 0.01644736842105263
0 0.49833579881656803 0.3338815789473684 0.0040680473372781065 0.01381578947368421
0 0.4933431952662722 0.3279605263157895 0.0036982248520710057 0.01118421052631579
0 0.4848372781065089 0.32302631578947366 0.0036982248520710057 0.010526315789473684
0 0.47855029585798814 0.31973684210526315 0.0036982248520710057 0.011842105263157895
0 0.4693047337278107 0.3157894736842105 0.0036982248520710057 0.009210526315789473
0 0.4624630177514793 0.31282894736842104 0.0033284023668639054 0.009868421052631578
0 0.457655325443787 0.3105263157894737 0.0025887573964497044 0.009210526315789473
0 0.4543269230769231 0.3082236842105263 0.0018491124260355029 0.008552631578947369