0 0.30755208333333334 0.4759259259259259 0.03177083333333333 0.09444444444444444
0 0.29192708333333334 0.36527777777777776 0.0296875 0.07314814814814814
0 0.27265625 0.31851851851851853 0.025520833333333333 0.053703703703703705
0 0.21067708333333332 0.3106481481481482 0.019270833333333334 0.049074074074074076
0 0.15572916666666667 0.3037037037037037 0.020833333333333332 0.04259259259259259
0 0.10703125 0.3055555555555556 0.0203125 0.040740740740740744
0 0.02109375 0.31666666666666665 0.0171875 0.03888888888888889
0 0.0125 0.2726851851851852 0.007291666666666667 0.021296296296296296
0 0.026822916666666665 0.2611111111111111 0.005729166666666666 0.016666666666666666
0 0.04895833333333333 0.2611111111111111 0.00625 0.020370370370370372
0 0.054947916666666666 0.2574074074074074 0.0067708333333333336 0.020370370370370372
0 0.23463541666666668 0.22083333333333333 0.005729166666666666 0.017592592592592594
0 0.14375 0.23148148148148148 0.00625 0.009259259259259259
0 0.01875 0.25046296296296294 0.004166666666666667 0.012037037037037037
0 0.031510416666666666 0.24722222222222223 0.0036458333333333334 0.011111111111111112
0 0.040364583333333336 0.24027777777777778 0.0036458333333333334 0.012037037037037037
0 0.043229166666666666 0.24259259259259258 0.004166666666666667 0.014814814814814815