0 0.6239583333333333 0.4837962962962963 0.005208333333333333 0.013888888888888888
0 0.48203125 0.48148148148148145 0.005729166666666666 0.014814814814814815
0 0.5635416666666667 0.48055555555555557 0.005208333333333333 0.014814814814814815
0 0.3927083333333333 0.48333333333333334 0.00625 0.014814814814814815
0 0.8721354166666667 0.4935185185185185 0.0078125 0.018518518518518517
0 0.6994791666666667 0.487962962962963 0.00625 0.016666666666666666
0 0.7276041666666667 0.4981481481481482 0.011458333333333333 0.025925925925925925
0 0.32473958333333336 0.4912037037037037 0.0067708333333333336 0.019444444444444445
0 0.7403645833333333 0.4925925925925926 0.008854166666666666 0.020370370370370372
0 0.9424479166666667 0.4981481481481482 0.008854166666666666 0.020370370370370372
0 0.08125 0.5532407407407407 0.021875 0.05277777777777778
0 0.3299479166666667 0.5055555555555555 0.0109375 0.025925925925925925
0 0.61953125 0.5023148148148148 0.013020833333333334 0.030555555555555555
0 0.28932291666666665 0.500462962962963 0.008854166666666666 0.023148148148148147
0 0.44479166666666664 0.5069444444444444 0.0125 0.032407407407407406
0 0.8841145833333334 0.5171296296296296 0.019270833333333334 0.041666666666666664
0 0.9559895833333333 0.5120370370370371 0.0140625 0.03148148148148148
0 0.8286458333333333 0.5425925925925926 0.027083333333333334 0.06296296296296296