0 0.271875 0.35555555555555557 0.026041666666666668 0.06296296296296296
0 0.3411458333333333 0.29907407407407405 0.01875 0.044444444444444446
0 0.37916666666666665 0.26342592592592595 0.0125 0.03425925925925926
0 0.39010416666666664 0.24675925925925926 0.010416666666666666 0.026851851851851852
0 0.3763020833333333 0.2375 0.0078125 0.021296296296296296
0 0.39557291666666666 0.22175925925925927 0.005729166666666666 0.01574074074074074
0 0.3921875 0.20833333333333334 0.004166666666666667 0.012962962962962963
0 0.40520833333333334 0.20879629629629629 0.005208333333333333 0.01574074074074074
0 0.4265625 0.21435185185185185 0.004166666666666667 0.01574074074074074
0 0.42890625 0.2101851851851852 0.0036458333333333334 0.012962962962962963
0 0.44375 0.2111111111111111 0.004166666666666667 0.014814814814814815