0 0.4393229166666667 0.33611111111111114 0.025520833333333333 0.06481481481481481
0 0.7200520833333334 0.31574074074074077 0.021354166666666667 0.05185185185185185
0 0.9052083333333333 0.31712962962962965 0.017708333333333333 0.04351851851851852
0 0.12708333333333333 0.26435185185185184 0.007291666666666667 0.021296296296296296
0 0.16953125 0.2611111111111111 0.0078125 0.022222222222222223
0 0.22734375 0.25555555555555554 0.0078125 0.024074074074074074
0 0.34375 0.24861111111111112 0.008333333333333333 0.023148148148148147
0 0.44375 0.24259259259259258 0.008333333333333333 0.022222222222222223
0 0.5942708333333333 0.2412037037037037 0.008333333333333333 0.021296296296296296
0 0.7 0.24166666666666667 0.007291666666666667 0.020370370370370372
0 0.75234375 0.24259259259259258 0.0067708333333333336 0.016666666666666666
0 0.09088541666666666 0.2671296296296296 0.0078125 0.019444444444444445
0 0.7916666666666666 0.24259259259259258 0.004166666666666667 0.014814814814814815
0 0.8203125 0.24305555555555555 0.005208333333333333 0.013888888888888888
0 0.8466145833333333 0.2449074074074074 0.0046875 0.013888888888888888
0 0.99296875 0.2657407407407407 0.0046875 0.016666666666666666
0 0.9130208333333333 0.25046296296296294 0.004166666666666667 0.010185185185185186
0 0.9419270833333333 0.2523148148148148 0.0036458333333333334 0.010185185185185186
0 0.9567708333333333 0.25324074074074077 0.004166666666666667 0.010185185185185186
0 0.9971354166666667 0.26805555555555555 0.0046875 0.017592592592592594