0 0.14505208333333333 0.25277777777777777 0.0046875 0.012962962962962963
0 0.46536458333333336 0.2712962962962963 0.0109375 0.027777777777777776
0 0.246875 0.2388888888888889 0.004166666666666667 0.012962962962962963
0 0.0375 0.26990740740740743 0.004166666666666667 0.012037037037037037
0 0.08697916666666666 0.27361111111111114 0.008333333333333333 0.021296296296296296
0 0.18411458333333333 0.262037037037037 0.0078125 0.020370370370370372
0 0.26588541666666665 0.2569444444444444 0.0078125 0.021296296296296296
0 0.5203125 0.2791666666666667 0.011458333333333333 0.030555555555555555
0 0.3265625 0.25555555555555554 0.008333333333333333 0.022222222222222223
0 0.41744791666666664 0.2652777777777778 0.009895833333333333 0.025
0 0.3815104166666667 0.25925925925925924 0.008854166666666666 0.024074074074074074
0 0.57890625 0.29398148148148145 0.0140625 0.03611111111111111
0 0.5270833333333333 0.30416666666666664 0.017708333333333333 0.041666666666666664
0 0.20729166666666668 0.38564814814814813 0.03333333333333333 0.07314814814814814
0 0.39557291666666666 0.32222222222222224 0.022395833333333334 0.05185185185185185