0 0.26171875 0.24444444444444444 0.0036458333333333334 0.011111111111111112
0 0.030729166666666665 0.25555555555555554 0.005208333333333333 0.012962962962962963
0 0.11432291666666666 0.24675925925925926 0.0036458333333333334 0.012037037037037037
0 0.18984375 0.2439814814814815 0.0036458333333333334 0.012037037037037037
0 0.30755208333333334 0.24675925925925926 0.0046875 0.012037037037037037
0 0.3453125 0.2513888888888889 0.004166666666666667 0.013888888888888888
0 0.3859375 0.25972222222222224 0.00625 0.01574074074074074
0 0.4440104166666667 0.28055555555555556 0.008854166666666666 0.022222222222222223
0 0.5044270833333333 0.3037037037037037 0.011979166666666667 0.025925925925925925
0 0.6908854166666667 0.3972222222222222 0.016145833333333335 0.044444444444444446
0 0.8658854166666666 0.538425925925926 0.03177083333333333 0.0712962962962963