0 0.6330729166666667 0.3548611111111111 0.0036458333333333334 0.008333333333333333
0 0.6158854166666666 0.3548611111111111 0.0036458333333333334 0.008333333333333333
0 0.6559895833333333 0.35625 0.0036458333333333334 0.009722222222222222
0 0.6765625 0.3590277777777778 0.004166666666666667 0.009722222222222222
0 0.04973958333333333 0.45590277777777777 0.0067708333333333336 0.014583333333333334
0 0.21822916666666667 0.41388888888888886 0.007291666666666667 0.013888888888888888
0 0.37473958333333335 0.3902777777777778 0.0067708333333333336 0.015277777777777777
0 0.3140625 0.39479166666666665 0.00625 0.013194444444444444
0 0.5401041666666667 0.3798611111111111 0.008333333333333333 0.018055555555555554
0 0.67265625 0.38055555555555554 0.0078125 0.016666666666666666
0 0.6049479166666667 0.3736111111111111 0.0078125 0.015277777777777777
0 0.434375 0.3888888888888889 0.008333333333333333 0.016666666666666666
0 0.66171875 0.37569444444444444 0.0078125 0.015277777777777777
0 0.8229166666666666 0.559375 0.040625 0.06736111111111111