0 0.109375 0.22685185185185186 0.005208333333333333 0.012962962962962963
0 0.09036458333333333 0.22546296296296298 0.0046875 0.013888888888888888
0 0.51953125 0.24768518518518517 0.016145833333333335 0.03611111111111111
0 0.05755208333333333 0.22962962962962963 0.005729166666666666 0.012962962962962963
0 0.08098958333333334 0.23333333333333334 0.0067708333333333336 0.016666666666666666
0 0.029947916666666668 0.23287037037037037 0.005729166666666666 0.013888888888888888
0 0.15572916666666667 0.24768518518518517 0.008333333333333333 0.021296296296296296
0 0.04088541666666667 0.24444444444444444 0.0067708333333333336 0.016666666666666666
0 0.0171875 0.25277777777777777 0.007291666666666667 0.018518518518518517
0 0.005729166666666666 0.2601851851851852 0.008333333333333333 0.020370370370370372
0 0.032552083333333336 0.26157407407407407 0.008854166666666666 0.021296296296296296
0 0.0828125 0.25601851851851853 0.010416666666666666 0.025
0 0.22682291666666668 0.24074074074074073 0.011979166666666667 0.025925925925925925
0 0.4666666666666667 0.2361111111111111 0.013541666666666667 0.02962962962962963
0 0.41822916666666665 0.23287037037037037 0.0125 0.028703703703703703
0 0.33151041666666664 0.23425925925925925 0.011979166666666667 0.027777777777777776
0 0.46067708333333335 0.275 0.021354166666666667 0.046296296296296294
0 0.36432291666666666 0.31805555555555554 0.0296875 0.06018518518518518