0 0.8936760355029586 0.5388157894736842 0.029955621301775148 0.07631578947368421
0 0.6216715976331361 0.41907894736842105 0.020710059171597635 0.046052631578947366
0 0.3687130177514793 0.36973684210526314 0.014053254437869823 0.03289473684210526
0 0.24056952662721892 0.3611842105263158 0.011464497041420118 0.02631578947368421
0 0.16734467455621302 0.35986842105263156 0.008505917159763314 0.02236842105263158
0 0.13406065088757396 0.3605263157894737 0.009245562130177515 0.019736842105263157
0 0.13443047337278108 0.35328947368421054 0.005547337278106509 0.017105263157894738
0 0.1521819526627219 0.34967105263157894 0.005547337278106509 0.01381578947368421
0 0.17880917159763313 0.34407894736842104 0.004807692307692308 0.013157894736842105
0 0.2046967455621302 0.3417763157894737 0.0040680473372781065 0.01118421052631579
0 0.23187869822485208 0.33782894736842106 0.0029585798816568047 0.008552631578947369