0 0.06484375 0.4222222222222222 0.025520833333333333 0.06851851851851852
0 0.5216145833333333 0.21944444444444444 0.009895833333333333 0.024074074074074074
0 0.13307291666666668 0.28425925925925927 0.005729166666666666 0.016666666666666666
0 0.278125 0.24861111111111112 0.005208333333333333 0.017592592592592594
0 0.39739583333333334 0.22453703703703703 0.00625 0.017592592592592594
0 0.340625 0.2351851851851852 0.005208333333333333 0.018518518518518517
0 0.21067708333333332 0.2611111111111111 0.005729166666666666 0.020370370370370372
0 0.44817708333333334 0.21574074074074073 0.0046875 0.014814814814814815
0 0.48828125 0.20879629629629629 0.0046875 0.012037037037037037
0 0.13854166666666667 0.28194444444444444 0.003125 0.010185185185185186
0 0.22317708333333333 0.26157407407407407 0.0036458333333333334 0.010185185185185186