0 0.10911458333333333 0.262037037037037 0.0109375 0.02962962962962963
0 0.15208333333333332 0.23842592592592593 0.00625 0.023148148148148147
0 0.17526041666666667 0.2273148148148148 0.0067708333333333336 0.019444444444444445
0 0.2375 0.3074074074074074 0.022916666666666665 0.053703703703703705
0 0.38046875 0.2833333333333333 0.0234375 0.05
0 0.51015625 0.25601851851851853 0.019270833333333334 0.03796296296296296
0 0.5434895833333333 0.21851851851851853 0.009895833333333333 0.025925925925925925
0 0.58203125 0.1962962962962963 0.0078125 0.022222222222222223
0 0.6669270833333333 0.18194444444444444 0.005729166666666666 0.013888888888888888
0 0.34921875 0.1884259259259259 0.0078125 0.017592592592592594
0 0.3419270833333333 0.18425925925925926 0.005729166666666666 0.018518518518518517
0 0.72890625 0.17592592592592593 0.0046875 0.012962962962962963
0 0.7932291666666667 0.17037037037037037 0.004166666666666667 0.011111111111111112