0 0.011464497041420118 0.3394736842105263 0.004437869822485207 0.010526315789473684
0 0.0323594674556213 0.34111842105263157 0.004807692307692308 0.0125
0 0.04142011834319527 0.3447368421052632 0.004437869822485207 0.014473684210526316
0 0.05547337278106509 0.3480263157894737 0.005177514792899409 0.011842105263157895
0 0.07673816568047337 0.3493421052631579 0.005547337278106509 0.013157894736842105
0 0.10798816568047337 0.34868421052631576 0.006656804733727811 0.017105263157894738
0 0.14589497041420119 0.3483552631578947 0.0070266272189349116 0.019078947368421053
0 0.1930473372781065 0.35 0.008875739644970414 0.021052631578947368
0 0.25961538461538464 0.3506578947368421 0.011094674556213017 0.025
0 0.34615384615384615 0.35625 0.013313609467455622 0.026973684210526316
0 0.37851331360946744 0.36578947368421055 0.01220414201183432 0.031578947368421054
0 0.4432322485207101 0.35230263157894737 0.012943786982248521 0.01644736842105263
0 0.507396449704142 0.35 0.011834319526627219 0.014473684210526316
0 0.5870931952662722 0.35 0.011464497041420118 0.013157894736842105
0 0.6841715976331361 0.35657894736842105 0.006656804733727811 0.011842105263157895
0 0.7242973372781065 0.3575657894736842 0.004807692307692308 0.01118421052631579
0 0.752034023668639 0.35888157894736844 0.0040680473372781065 0.008552631578947369
0 0.7742233727810651 0.3592105263157895 0.0040680473372781065 0.009210526315789473
0 0.5434541420118343 0.4194078947368421 0.02329881656804734 0.0506578947368421
0 0.5453032544378699 0.40657894736842104 0.021819526627218935 0.046052631578947366
0 0.5763683431952663 0.44144736842105264 0.027736686390532544 0.05921052631578947
0 0.5920857988165681 0.4138157894736842 0.023668639053254437 0.034210526315789476
0 0.6015162721893491 0.39473684210526316 0.01664201183431953 0.038157894736842106
0 0.6544008875739645 0.47368421052631576 0.03143491124260355 0.06842105263157895
0 0.6708579881656804 0.4273026315789474 0.022189349112426034 0.04671052631578947
0 0.6625369822485208 0.3894736842105263 0.015162721893491124 0.031578947368421054
0 0.7043269230769231 0.38717105263157897 0.013683431952662722 0.028289473684210528
0 0.7080251479289941 0.4361842105263158 0.018121301775147928 0.04868421052631579
0 0.7398298816568047 0.45 0.021079881656804734 0.05263157894736842
0 0.7403846153846154 0.4934210526315789 0.030325443786982247 0.07105263157894737
0 0.7708949704142012 0.4476973684210526 0.01664201183431953 0.03618421052631579
0 0.7455621301775148 0.3848684210526316 0.006656804733727811 0.025
0 0.7673816568047337 0.3828947368421053 0.0073964497041420114 0.02236842105263158
0 0.7714497041420119 0.40361842105263157 0.014053254437869823 0.030921052631578946
0 0.867603550295858 0.3851973684210526 0.004437869822485207 0.01381578947368421
0 0.8492973372781065 0.38026315789473686 0.0040680473372781065 0.014473684210526316
0 0.8415310650887574 0.38026315789473686 0.0033284023668639054 0.014473684210526316
0 0.8354289940828402 0.3805921052631579 0.004437869822485207 0.015131578947368421
0 0.8100961538461539 0.38223684210526315 0.005547337278106509 0.018421052631578946
0 0.8202662721893491 0.38092105263157894 0.005917159763313609 0.017105263157894738
0 0.8284023668639053 0.38092105263157894 0.005177514792899409 0.017105263157894738
0 0.7917899408284024 0.38223684210526315 0.006656804733727811 0.019736842105263157
0 0.8180473372781065 0.41875 0.011094674556213017 0.03223684210526316
0 0.7855029585798816 0.4098684210526316 0.008136094674556213 0.02894736842105263
0 0.7880917159763313 0.43157894736842106 0.014053254437869823 0.04078947368421053
0 0.7954881656804734 0.42697368421052634 0.011834319526627219 0.02631578947368421
0 0.8015902366863905 0.4453947368421053 0.018121301775147928 0.04473684210526316
0 0.7973372781065089 0.49276315789473685 0.028846153846153848 0.06842105263157895
0 0.8578032544378699 0.4888157894736842 0.02551775147928994 0.05789473684210526
0 0.9291789940828402 0.4861842105263158 0.01886094674556213 0.04868421052631579
0 0.9389792899408284 0.4631578947368421 0.008875739644970414 0.03684210526315789
0 0.9415680473372781 0.44802631578947366 0.006656804733727811 0.031578947368421054
0 0.8896079881656804 0.3917763157894737 0.004807692307692308 0.015131578947368421
0 0.9077292899408284 0.3973684210526316 0.005547337278106509 0.015789473684210527
0 0.9262204142011834 0.4039473684210526 0.0040680473372781065 0.015789473684210527
0 0.9371301775147929 0.4105263157894737 0.004437869822485207 0.015789473684210527