0 0.40572916666666664 0.21666666666666667 0.00625 0.014814814814814815
0 0.403125 0.22037037037037038 0.00625 0.016666666666666666
0 0.39609375 0.22453703703703703 0.0067708333333333336 0.017592592592592594
0 0.3885416666666667 0.2351851851851852 0.008333333333333333 0.022222222222222223
0 0.35390625 0.2898148148148148 0.016145833333333335 0.04259259259259259
0 0.35963541666666665 0.26666666666666666 0.013020833333333334 0.03333333333333333
0 0.3734375 0.24861111111111112 0.010416666666666666 0.025
0 0.03697916666666667 0.3384259259259259 0.017708333333333333 0.041666666666666664
0 0.34817708333333336 0.3212962962962963 0.022395833333333334 0.053703703703703705
0 0.30442708333333335 0.35 0.027604166666666666 0.06481481481481481
0 0.17083333333333334 0.4074074074074074 0.035416666666666666 0.07777777777777778
0 0.41171875 0.20925925925925926 0.0046875 0.012962962962962963
0 0.4158854166666667 0.20462962962962963 0.0046875 0.012962962962962963