0 0.5799479166666667 0.18333333333333332 0.0067708333333333336 0.016666666666666666
0 0.5026041666666666 0.2064814814814815 0.010416666666666666 0.022222222222222223
0 0.36276041666666664 0.2638888888888889 0.016145833333333335 0.037037037037037035
0 0.22864583333333333 0.387037037037037 0.03125 0.07962962962962963
0 0.09114583333333333 0.25416666666666665 0.00625 0.017592592592592594
0 0.12005208333333334 0.2439814814814815 0.0067708333333333336 0.017592592592592594
0 0.14635416666666667 0.23564814814814813 0.005208333333333333 0.017592592592592594
0 0.6515625 0.16620370370370371 0.00625 0.01574074074074074
0 0.18098958333333334 0.22546296296296298 0.005729166666666666 0.013888888888888888
0 0.2708333333333333 0.20462962962962963 0.004166666666666667 0.012962962962962963
0 0.20989583333333334 0.21805555555555556 0.005208333333333333 0.013888888888888888