0 0.66953125 0.5037037037037037 0.0359375 0.07592592592592592
0 0.9213541666666667 0.5180555555555556 0.020833333333333332 0.05092592592592592
0 0.76171875 0.42916666666666664 0.0140625 0.03796296296296296
0 0.6463541666666667 0.38564814814814813 0.011458333333333333 0.028703703703703703
0 0.5770833333333333 0.39537037037037037 0.015625 0.040740740740740744
0 0.09244791666666667 0.30092592592592593 0.0046875 0.014814814814814815
0 0.14869791666666668 0.3013888888888889 0.0046875 0.01574074074074074
0 0.2046875 0.3023148148148148 0.004166666666666667 0.012037037037037037
0 0.2903645833333333 0.29814814814814816 0.0026041666666666665 0.007407407407407408
0 0.31640625 0.29444444444444445 0.0026041666666666665 0.007407407407407408
0 0.33098958333333334 0.29305555555555557 0.0026041666666666665 0.006481481481481481
0 0.5580729166666667 0.32037037037037036 0.0026041666666666665 0.007407407407407408