0 0.3138020833333333 0.3736111111111111 0.03802083333333333 0.08425925925925926
0 0.5192708333333333 0.3194444444444444 0.03229166666666667 0.06481481481481481
0 0.7205729166666667 0.29814814814814816 0.022395833333333334 0.05185185185185185
0 0.76640625 0.2513888888888889 0.0140625 0.032407407407407406
0 0.8026041666666667 0.26990740740740743 0.016666666666666666 0.03611111111111111
0 0.8268229166666666 0.29444444444444445 0.0171875 0.044444444444444446
0 0.6893229166666667 0.2300925925925926 0.0140625 0.028703703703703703
0 0.6309895833333333 0.21851851851851853 0.0109375 0.025925925925925925
0 0.5671875 0.20787037037037037 0.010416666666666666 0.025
0 0.5145833333333333 0.2 0.008333333333333333 0.020370370370370372
0 0.4278645833333333 0.1935185185185185 0.0067708333333333336 0.018518518518518517
0 0.365625 0.19398148148148148 0.00625 0.017592592592592594
0 0.3067708333333333 0.19444444444444445 0.005208333333333333 0.016666666666666666
0 0.30130208333333336 0.18703703703703703 0.0046875 0.014814814814814815
0 0.3098958333333333 0.18425925925925926 0.004166666666666667 0.012962962962962963
0 0.2903645833333333 0.19166666666666668 0.0046875 0.014814814814814815
0 0.28828125 0.18333333333333332 0.0046875 0.012962962962962963
0 0.08046875 0.2152777777777778 0.0036458333333333334 0.012037037037037037
0 0.08046875 0.22314814814814815 0.0046875 0.012962962962962963
0 0.06588541666666667 0.2351851851851852 0.005729166666666666 0.016666666666666666