0 0.0640625 0.5171296296296296 0.007291666666666667 0.019444444444444445
0 0.054947916666666666 0.5138888888888888 0.0067708333333333336 0.016666666666666666
0 0.2598958333333333 0.5212962962962963 0.007291666666666667 0.020370370370370372
0 0.1546875 0.5222222222222223 0.008333333333333333 0.022222222222222223
0 0.33255208333333336 0.5273148148148148 0.009895833333333333 0.023148148148148147
0 0.43411458333333336 0.5287037037037037 0.0109375 0.025925925925925925
0 0.10520833333333333 0.5189814814814815 0.008333333333333333 0.021296296296296296
0 0.5583333333333333 0.5351851851851852 0.011458333333333333 0.027777777777777776
0 0.20182291666666666 0.5236111111111111 0.008854166666666666 0.021296296296296296
0 0.6809895833333334 0.5527777777777778 0.019270833333333334 0.04259259259259259
0 0.83125 0.600925925925926 0.0375 0.07592592592592592