0 0.8062130177514792 0.38223684210526315 0.0036982248520710057 0.009210526315789473
0 0.7562869822485208 0.37203947368421053 0.0036982248520710057 0.009868421052631578
0 0.7725591715976331 0.38026315789473686 0.0029585798816568047 0.009210526315789473
0 0.8317307692307693 0.42105263157894735 0.004437869822485207 0.013157894736842105
0 0.8409763313609467 0.42236842105263156 0.0036982248520710057 0.011842105263157895
0 0.8136094674556213 0.3983552631578947 0.0036982248520710057 0.0125
0 0.7895710059171598 0.3881578947368421 0.0036982248520710057 0.011842105263157895
0 0.8025147928994083 0.42039473684210527 0.005917159763313609 0.015789473684210527
0 0.8184171597633136 0.41907894736842105 0.005177514792899409 0.014473684210526316
0 0.7877218934911243 0.4200657894736842 0.005917159763313609 0.017763157894736842
0 0.7653476331360947 0.42039473684210527 0.007766272189349112 0.019736842105263157
0 0.7468565088757396 0.4220394736842105 0.009985207100591717 0.025657894736842105
0 0.7180103550295858 0.42598684210526316 0.01220414201183432 0.03223684210526316
0 0.6910133136094675 0.4355263157894737 0.015162721893491124 0.038157894736842106
0 0.6701183431952663 0.4694078947368421 0.022189349112426034 0.05460526315789474
0 0.6595784023668639 0.537828947368421 0.03217455621301775 0.08486842105263158
0 0.8402366863905325 0.8217105263157894 0.07100591715976332 0.1881578947368421
0 0.8380177514792899 0.41217105263157894 0.0029585798816568047 0.01118421052631579
0 0.8430103550295858 0.41875 0.0025887573964497044 0.0125
0 0.7829142011834319 0.375 0.0029585798816568047 0.007894736842105263
0 0.764792899408284 0.37006578947368424 0.0029585798816568047 0.008552631578947369