0 0.845784023668639 0.8463815789473684 0.07988165680473373 0.20328947368421052
0 0.533284023668639 0.3605263157894737 0.008875739644970414 0.02368421052631579
0 0.5203402366863905 0.33848684210526314 0.005177514792899409 0.01381578947368421
0 0.5005547337278107 0.3256578947368421 0.0033284023668639054 0.010526315789473684
0 0.4833579881656805 0.31842105263157894 0.0029585798816568047 0.009210526315789473
0 0.4628328402366864 0.3115131578947368 0.0025887573964497044 0.009868421052631578
0 0.4297337278106509 0.3049342105263158 0.0022189349112426036 0.008552631578947369
0 0.3879437869822485 0.29967105263157895 0.0029585798816568047 0.008552631578947369
0 0.34837278106508873 0.29638157894736844 0.0022189349112426036 0.008552631578947369
0 0.26017011834319526 0.29276315789473684 0.0025887573964497044 0.007894736842105263
0 0.28513313609467456 0.29342105263157897 0.0022189349112426036 0.007894736842105263