0 0.48541666666666666 0.22592592592592592 0.005208333333333333 0.011111111111111112
0 0.49661458333333336 0.2300925925925926 0.0046875 0.012037037037037037
0 0.5322916666666667 0.23333333333333334 0.004166666666666667 0.014814814814814815
0 0.5109375 0.22962962962962963 0.004166666666666667 0.012962962962962963
0 0.559375 0.2263888888888889 0.004166666666666667 0.010185185185185186
0 0.5088541666666667 0.23148148148148148 0.004166666666666667 0.012962962962962963
0 0.5377604166666666 0.23564814814814813 0.005729166666666666 0.01574074074074074
0 0.47942708333333334 0.24027777777777778 0.005729166666666666 0.017592592592592594
0 0.43020833333333336 0.24444444444444444 0.00625 0.018518518518518517
0 0.38723958333333336 0.2523148148148148 0.0078125 0.021296296296296296
0 0.34348958333333335 0.26666666666666666 0.0109375 0.027777777777777776
0 0.07291666666666667 0.462037037037037 0.029166666666666667 0.07777777777777778
0 0.20859375 0.3458333333333333 0.0234375 0.05277777777777778
0 0.30104166666666665 0.2884259259259259 0.013541666666666667 0.03425925925925926