0 0.88046875 0.7092592592592593 0.0921875 0.20925925925925926
0 0.9338541666666667 0.6402777777777777 0.058333333333333334 0.175
0 0.14453125 0.3277777777777778 0.013020833333333334 0.044444444444444446
0 0.15755208333333334 0.3287037037037037 0.015104166666666667 0.04814814814814815
0 0.18177083333333333 0.3425925925925926 0.019791666666666666 0.05740740740740741
0 0.24739583333333334 0.32407407407407407 0.020833333333333332 0.05
0 0.30390625 0.3101851851851852 0.0171875 0.046296296296296294
0 0.5065104166666666 0.22314814814814815 0.0046875 0.016666666666666666
0 0.4861979166666667 0.2310185185185185 0.0067708333333333336 0.019444444444444445
0 0.4752604166666667 0.24305555555555555 0.008854166666666666 0.025
0 0.46822916666666664 0.2569444444444444 0.009375 0.028703703703703703
0 0.45989583333333334 0.2759259259259259 0.0125 0.03888888888888889
0 0.89140625 0.8875 0.11197916666666667 0.225