0 0.4622395833333333 0.2800925925925926 0.005729166666666666 0.017592592592592594
0 0.8611979166666667 0.2638888888888889 0.0078125 0.020370370370370372
0 0.38229166666666664 0.29953703703703705 0.005208333333333333 0.01574074074074074
0 0.5346354166666667 0.26990740740740743 0.0067708333333333336 0.017592592592592594
0 0.9513020833333333 0.25833333333333336 0.0046875 0.016666666666666666
0 0.8893229166666666 0.25601851851851853 0.005729166666666666 0.01574074074074074
0 0.61171875 0.26481481481481484 0.008854166666666666 0.020370370370370372
0 0.8625 0.2800925925925926 0.011458333333333333 0.026851851851851852
0 0.69140625 0.2662037037037037 0.009895833333333333 0.025
0 0.7427083333333333 0.27824074074074073 0.013541666666666667 0.028703703703703703
0 0.8065104166666667 0.3143518518518518 0.018229166666666668 0.04351851851851852
0 0.9658854166666667 0.3236111111111111 0.013020833333333334 0.03981481481481482
0 0.9067708333333333 0.43796296296296294 0.03333333333333333 0.08888888888888889