0 0.5408854166666667 0.19537037037037036 0.005729166666666666 0.014814814814814815
0 0.5231770833333333 0.22824074074074074 0.0109375 0.026851851851851852
0 0.47317708333333336 0.21157407407407408 0.0078125 0.019444444444444445
0 0.5299479166666666 0.20046296296296295 0.0067708333333333336 0.017592592592592594
0 0.5177083333333333 0.22962962962962963 0.011458333333333333 0.02962962962962963
0 0.4713541666666667 0.22453703703703703 0.009375 0.025
0 0.5010416666666667 0.20416666666666666 0.008333333333333333 0.019444444444444445
0 0.4317708333333333 0.22175925925925927 0.010416666666666666 0.023148148148148147
0 0.4609375 0.23842592592592593 0.0125 0.032407407407407406
0 0.39401041666666664 0.2523148148148148 0.0140625 0.03611111111111111
0 0.33880208333333334 0.27824074074074073 0.018229166666666668 0.04351851851851852
0 0.31171875 0.31851851851851853 0.024479166666666666 0.05740740740740741
0 0.23776041666666667 0.4023148148148148 0.034895833333333334 0.08796296296296297