0 0.022928994082840236 0.32861842105263156 0.006656804733727811 0.015131578947368421
0 0.06120562130177515 0.33092105263157895 0.007766272189349112 0.018421052631578946
0 0.08653846153846154 0.3404605263157895 0.010355029585798817 0.021710526315789475
0 0.34763313609467456 0.35460526315789476 0.014053254437869823 0.030263157894736843
0 0.13572485207100593 0.3460526315789474 0.01257396449704142 0.02631578947368421
0 0.27773668639053256 0.3470394736842105 0.01257396449704142 0.028289473684210528
0 0.19212278106508876 0.3457236842105263 0.012943786982248521 0.026973684210526316
0 0.46486686390532544 0.3848684210526316 0.019230769230769232 0.039473684210526314
0 0.4029215976331361 0.36546052631578946 0.01664201183431953 0.03355263157894737
0 0.6220414201183432 0.4411184210526316 0.025887573964497042 0.053289473684210525
0 0.840051775147929 0.675 0.04918639053254438 0.13157894736842105