0 0.43072916666666666 0.2101851851851852 0.005208333333333333 0.016666666666666666
0 0.42526041666666664 0.22083333333333333 0.0067708333333333336 0.021296296296296296
0 0.4388020833333333 0.22268518518518518 0.0078125 0.023148148148148147
0 0.4140625 0.2199074074074074 0.00625 0.021296296296296296
0 0.41119791666666666 0.22685185185185186 0.008854166666666666 0.024074074074074074
0 0.3997395833333333 0.21574074074074073 0.0078125 0.018518518518518517
0 0.36822916666666666 0.2324074074074074 0.009375 0.025925925925925925
0 0.31328125 0.24444444444444444 0.0078125 0.027777777777777776
0 0.309375 0.2601851851851852 0.011458333333333333 0.03333333333333333
0 0.35625 0.2796296296296296 0.014583333333333334 0.04259259259259259
0 0.28046875 0.36435185185185187 0.03177083333333333 0.0712962962962963
0 0.46484375 0.2023148148148148 0.0036458333333333334 0.013888888888888888
0 0.4674479166666667 0.2064814814814815 0.0046875 0.014814814814814815
0 0.4578125 0.2074074074074074 0.00625 0.016666666666666666