0 0.9591145833333333 0.1824074074074074 0.0036458333333333334 0.012962962962962963
0 0.5473958333333333 0.15092592592592594 0.005208333333333333 0.012962962962962963
0 0.48020833333333335 0.15462962962962962 0.005208333333333333 0.014814814814814815
0 0.7098958333333333 0.16064814814814815 0.005208333333333333 0.013888888888888888
0 0.7671875 0.16342592592592592 0.005208333333333333 0.012037037037037037
0 0.5307291666666667 0.1787037037037037 0.007291666666666667 0.018518518518518517
0 0.7979166666666667 0.1648148148148148 0.00625 0.014814814814814815
0 0.6700520833333333 0.16111111111111112 0.0067708333333333336 0.014814814814814815
0 0.5200520833333333 0.1865740740740741 0.0078125 0.021296296296296296
0 0.5630208333333333 0.17407407407407408 0.007291666666666667 0.016666666666666666
0 0.6229166666666667 0.16574074074074074 0.00625 0.016666666666666666
0 0.6036458333333333 0.16944444444444445 0.007291666666666667 0.016666666666666666
0 0.6408854166666667 0.20925925925925926 0.0109375 0.022222222222222223
0 0.5716145833333334 0.19675925925925927 0.009895833333333333 0.023148148148148147
0 0.6895833333333333 0.22268518518518518 0.010416666666666666 0.026851851851851852
0 0.70234375 0.23842592592592593 0.011979166666666667 0.030555555555555555
0 0.29401041666666666 0.350462962962963 0.0359375 0.07314814814814814
0 0.6625 0.2523148148148148 0.016666666666666666 0.03611111111111111
0 0.5286458333333334 0.2824074074074074 0.025 0.05185185185185185
0 0.8515625 0.16944444444444445 0.00625 0.012962962962962963