0 0.1328125 0.715625 0.05416666666666667 0.09791666666666667
0 0.1640625 0.5850694444444444 0.029166666666666667 0.06319444444444444
0 0.06484375 0.5666666666666667 0.021354166666666667 0.05
0 0.00546875 0.475 0.0078125 0.016666666666666666
0 0.15442708333333333 0.4309027777777778 0.0078125 0.014583333333333334
0 0.36770833333333336 0.3958333333333333 0.007291666666666667 0.015277777777777777
0 0.39921875 0.38263888888888886 0.005729166666666666 0.011111111111111112
0 0.4278645833333333 0.38263888888888886 0.0067708333333333336 0.0125
0 0.3494791666666667 0.38645833333333335 0.004166666666666667 0.009027777777777777
0 0.11432291666666666 0.42743055555555554 0.0036458333333333334 0.00625
0 0.025520833333333333 0.4513888888888889 0.003125 0.004166666666666667
0 0.01328125 0.4548611111111111 0.0015625 0.005555555555555556