0 0.36953125 0.1986111111111111 0.0067708333333333336 0.017592592592592594
0 0.26328125 0.22592592592592592 0.005729166666666666 0.014814814814814815
0 0.4434895833333333 0.18888888888888888 0.005729166666666666 0.018518518518518517
0 0.7033854166666667 0.16157407407407406 0.0067708333333333336 0.017592592592592594
0 0.012760416666666666 0.3111111111111111 0.0067708333333333336 0.018518518518518517
0 0.5815104166666667 0.18055555555555555 0.0067708333333333336 0.020370370370370372
0 0.6388020833333333 0.17222222222222222 0.0067708333333333336 0.018518518518518517
0 0.6796875 0.16435185185185186 0.00625 0.017592592592592594
0 0.18020833333333333 0.25 0.00625 0.016666666666666666
0 0.5138020833333333 0.18472222222222223 0.0078125 0.021296296296296296
0 0.09791666666666667 0.2791666666666667 0.00625 0.017592592592592594
0 0.04791666666666667 0.35555555555555557 0.017708333333333333 0.044444444444444446
0 0.10052083333333334 0.36898148148148147 0.022916666666666665 0.058333333333333334
0 0.146875 0.3907407407407407 0.029166666666666667 0.07222222222222222
0 0.08489583333333334 0.5796296296296296 0.053125 0.13518518518518519
0 0.7322916666666667 0.15601851851851853 0.005208333333333333 0.01574074074074074
0 0.7213541666666666 0.1486111111111111 0.004166666666666667 0.013888888888888888
0 0.73671875 0.15138888888888888 0.0036458333333333334 0.013888888888888888
0 0.6885416666666667 0.14537037037037037 0.003125 0.011111111111111112