0 0.19401041666666666 0.6055555555555555 0.005729166666666666 0.018518518518518517
0 0.21432291666666667 0.6157407407407407 0.0109375 0.022222222222222223
0 0.2890625 0.6018518518518519 0.005208333333333333 0.016666666666666666
0 0.34401041666666665 0.6027777777777777 0.0067708333333333336 0.020370370370370372
0 0.4088541666666667 0.6064814814814815 0.007291666666666667 0.025925925925925925
0 0.5036458333333333 0.6152777777777778 0.011458333333333333 0.028703703703703703
0 0.6697916666666667 0.6143518518518518 0.015625 0.03796296296296296
0 0.8104166666666667 0.600925925925926 0.016666666666666666 0.037037037037037035
0 0.9046875 0.5787037037037037 0.0125 0.03148148148148148
0 0.9455729166666667 0.5560185185185185 0.008854166666666666 0.023148148148148147
0 0.9583333333333334 0.5606481481481481 0.010416666666666666 0.025
0 0.91875 0.5560185185185185 0.005208333333333333 0.017592592592592594
0 0.9822916666666667 0.7162037037037037 0.034375 0.13055555555555556
0 0.534375 0.6666666666666666 0.030208333333333334 0.06666666666666667
0 0.33255208333333336 0.6435185185185185 0.0203125 0.046296296296296294