0 0.7364583333333333 0.2074074074074074 0.005208333333333333 0.012962962962962963
0 0.7505208333333333 0.21342592592592594 0.00625 0.013888888888888888
0 0.70390625 0.2152777777777778 0.0078125 0.017592592592592594
0 0.721875 0.2111111111111111 0.00625 0.014814814814814815
0 0.6963541666666667 0.22083333333333333 0.007291666666666667 0.019444444444444445
0 0.6848958333333334 0.2273148148148148 0.010416666666666666 0.023148148148148147
0 0.6583333333333333 0.23796296296296296 0.0125 0.027777777777777776
0 0.6135416666666667 0.25092592592592594 0.013541666666666667 0.03148148148148148
0 0.5075520833333333 0.27870370370370373 0.018229166666666668 0.04259259259259259
0 0.4166666666666667 0.3106481481481482 0.023958333333333335 0.05648148148148148
0 0.7567708333333333 0.2111111111111111 0.0020833333333333333 0.014814814814814815