0 0.86953125 0.5662037037037037 0.027604166666666666 0.06018518518518518
0 0.9138020833333333 0.5407407407407407 0.015104166666666667 0.040740740740740744
0 0.65703125 0.41759259259259257 0.016145833333333335 0.03888888888888889
0 0.7578125 0.4398148148148148 0.011458333333333333 0.027777777777777776
0 0.5268229166666667 0.34675925925925927 0.011979166666666667 0.028703703703703703
0 0.5208333333333334 0.32083333333333336 0.005208333333333333 0.01574074074074074
0 0.48359375 0.31851851851851853 0.0067708333333333336 0.020370370370370372
0 0.5864583333333333 0.3435185185185185 0.005208333333333333 0.018518518518518517
0 0.06041666666666667 0.23842592592592593 0.003125 0.012037037037037037
0 0.115625 0.24259259259259258 0.003125 0.011111111111111112
0 0.17005208333333333 0.2462962962962963 0.0036458333333333334 0.009259259259259259
0 0.20572916666666666 0.24814814814814815 0.004166666666666667 0.012962962962962963
0 0.23463541666666668 0.2490740740740741 0.0026041666666666665 0.009259259259259259
0 0.6611979166666667 0.37824074074074077 0.0046875 0.021296296296296296