0 0.24895833333333334 0.3907407407407407 0.042708333333333334 0.08333333333333333
0 0.5059895833333333 0.30925925925925923 0.0296875 0.05925925925925926
0 0.5859375 0.26944444444444443 0.019791666666666666 0.04259259259259259
0 0.7125 0.24768518518518517 0.013541666666666667 0.03425925925925926
0 0.7947916666666667 0.24166666666666667 0.009375 0.027777777777777776
0 0.90546875 0.24722222222222223 0.008854166666666666 0.025925925925925925
0 0.959375 0.2513888888888889 0.009375 0.025
0 0.42578125 0.2199074074074074 0.0109375 0.025
0 0.26979166666666665 0.23703703703703705 0.011458333333333333 0.024074074074074074
0 0.16588541666666667 0.24953703703703703 0.0109375 0.026851851851851852
0 0.10546875 0.2587962962962963 0.009895833333333333 0.026851851851851852
0 0.07838541666666667 0.25925925925925924 0.008854166666666666 0.022222222222222223
0 0.03411458333333333 0.2657407407407407 0.0067708333333333336 0.020370370370370372