0 0.28463541666666664 0.3962962962962963 0.03802083333333333 0.09074074074074075
0 0.40390625 0.36898148148148147 0.03802083333333333 0.08055555555555556
0 0.53046875 0.3472222222222222 0.034895833333333334 0.07222222222222222
0 0.6895833333333333 0.33564814814814814 0.03125 0.06574074074074074
0 0.846875 0.3333333333333333 0.027083333333333334 0.05740740740740741
0 0.8583333333333333 0.3023148148148148 0.0125 0.04351851851851852
0 0.85 0.2814814814814815 0.013541666666666667 0.03518518518518519
0 0.8130208333333333 0.26805555555555555 0.0125 0.03425925925925926
0 0.77578125 0.25555555555555554 0.015104166666666667 0.03148148148148148
0 0.7411458333333333 0.24768518518518517 0.013541666666666667 0.030555555555555555
0 0.6807291666666667 0.2375 0.009375 0.025
0 0.6200520833333333 0.22962962962962963 0.0109375 0.025925925925925925
0 0.5502604166666667 0.21481481481481482 0.0078125 0.020370370370370372
0 0.5645833333333333 0.20092592592592592 0.005208333333333333 0.016666666666666666
0 0.5677083333333334 0.21157407407407408 0.007291666666666667 0.019444444444444445
0 0.5747395833333333 0.22314814814814815 0.008854166666666666 0.024074074074074074
0 0.5848958333333333 0.20046296296296295 0.005208333333333333 0.017592592592592594
0 0.6575520833333334 0.2111111111111111 0.005729166666666666 0.016666666666666666
0 0.6010416666666667 0.21157407407407408 0.00625 0.017592592592592594
0 0.61484375 0.2037037037037037 0.0046875 0.016666666666666666
0 0.6270833333333333 0.20462962962962963 0.00625 0.014814814814814815
0 0.6416666666666667 0.2037037037037037 0.004166666666666667 0.014814814814814815
0 0.6653645833333334 0.20694444444444443 0.0036458333333333334 0.013888888888888888
0 0.68515625 0.2111111111111111 0.0046875 0.014814814814814815
0 0.6888020833333334 0.20972222222222223 0.0036458333333333334 0.01574074074074074
0 0.49635416666666665 0.19907407407407407 0.004166666666666667 0.012962962962962963
0 0.44895833333333335 0.2013888888888889 0.005208333333333333 0.013888888888888888
0 0.38515625 0.2050925925925926 0.0046875 0.01574074074074074
0 0.3184895833333333 0.20925925925925926 0.0046875 0.016666666666666666
0 0.2453125 0.2152777777777778 0.004166666666666667 0.01574074074074074
0 0.17083333333333334 0.22314814814814815 0.004166666666666667 0.016666666666666666
0 0.08203125 0.2337962962962963 0.0036458333333333334 0.01574074074074074
0 0.12317708333333334 0.22916666666666666 0.0046875 0.01574074074074074
0 0.01015625 0.24444444444444444 0.0036458333333333334 0.016666666666666666