0 0.13775887573964496 0.2967105263157895 0.0040680473372781065 0.007894736842105263
0 0.36168639053254437 0.3069078947368421 0.0029585798816568047 0.009868421052631578
0 0.39293639053254437 0.3180921052631579 0.0040680473372781065 0.0125
0 0.3683431952662722 0.3082236842105263 0.0036982248520710057 0.008552631578947369
0 0.1536612426035503 0.3042763157894737 0.005547337278106509 0.01118421052631579
0 0.13295118343195267 0.30657894736842106 0.005547337278106509 0.011842105263157895
0 0.05917159763313609 0.31513157894736843 0.006656804733727811 0.013157894736842105
0 0.10207100591715976 0.3088815789473684 0.006656804733727811 0.01381578947368421
0 0.40236686390532544 0.3256578947368421 0.005917159763313609 0.014473684210526316
0 0.01960059171597633 0.3213815789473684 0.0073964497041420114 0.01381578947368421
0 0.4208579881656805 0.3355263157894737 0.0073964497041420114 0.018421052631578946
0 0.44914940828402367 0.35230263157894737 0.010724852071005916 0.024342105263157894
0 0.4865014792899408 0.3848684210526316 0.015902366863905327 0.038157894736842106
0 0.5671227810650887 0.4733552631578947 0.032914201183431954 0.06907894736842106
0 0.3827662721893491 0.3092105263157895 0.0036982248520710057 0.010526315789473684
0 0.38979289940828404 0.31085526315789475 0.0036982248520710057 0.008552631578947369
0 0.3753698224852071 0.3026315789473684 0.0029585798816568047 0.007894736842105263
0 0.3884985207100592 0.3026315789473684 0.0025887573964497044 0.007894736842105263
0 0.3640902366863905 0.30328947368421055 0.0025887573964497044 0.009210526315789473
0 0.3598372781065089 0.3036184210526316 0.0036982248520710057 0.009868421052631578
0 0.14626479289940827 0.29967105263157895 0.0033284023668639054 0.009868421052631578
0 0.1573594674556213 0.30164473684210524 0.0040680473372781065 0.009868421052631578
0 0.14293639053254437 0.29407894736842105 0.0025887573964497044 0.007894736842105263
0 0.16697485207100593 0.2911184210526316 0.0033284023668639054 0.007236842105263158