0 0.8646449704142012 0.3519736842105263 0.0036982248520710057 0.007894736842105263
0 0.7925295857988166 0.3401315789473684 0.0036982248520710057 0.009210526315789473
0 0.8572485207100592 0.35098684210526315 0.0036982248520710057 0.008552631578947369
0 0.8110207100591716 0.34342105263157896 0.0036982248520710057 0.009210526315789473
0 0.7566568047337278 0.3348684210526316 0.0036982248520710057 0.009210526315789473
0 0.7784763313609467 0.33782894736842106 0.0036982248520710057 0.008552631578947369
0 0.6773298816568047 0.3299342105263158 0.004807692307692308 0.01118421052631579
0 0.7159763313609467 0.33223684210526316 0.0036982248520710057 0.009210526315789473
0 0.7365014792899408 0.3338815789473684 0.004807692307692308 0.009868421052631578
0 0.6421967455621301 0.33289473684210524 0.00628698224852071 0.013157894736842105
0 0.6113165680473372 0.3371710526315789 0.0073964497041420114 0.015131578947368421
0 0.5978180473372781 0.34901315789473686 0.008505917159763314 0.019078947368421053
0 0.5998520710059172 0.3730263157894737 0.011094674556213017 0.02763157894736842
0 0.6453402366863905 0.42467105263157895 0.01849112426035503 0.04276315789473684
0 0.9293639053254438 0.7141447368421052 0.05547337278106509 0.12960526315789472