0 0.6317708333333333 0.41805555555555557 0.035416666666666666 0.09351851851851851
0 0.6145833333333334 0.3199074074074074 0.01875 0.05648148148148148
0 0.6989583333333333 0.275 0.016666666666666666 0.03888888888888889
0 0.7299479166666667 0.24537037037037038 0.0109375 0.02962962962962963
0 0.69453125 0.2199074074074074 0.0067708333333333336 0.021296296296296296
0 0.6119791666666666 0.20462962962962963 0.00625 0.016666666666666666
0 0.5557291666666667 0.20185185185185187 0.005208333333333333 0.014814814814814815
0 0.45598958333333334 0.20694444444444443 0.0046875 0.013888888888888888
0 0.035416666666666666 0.3472222222222222 0.004166666666666667 0.014814814814814815
0 0.09479166666666666 0.31666666666666665 0.004166666666666667 0.009259259259259259
0 0.15625 0.28935185185185186 0.003125 0.010185185185185186
0 0.21770833333333334 0.2625 0.0020833333333333333 0.006481481481481481
0 0.2638020833333333 0.24537037037037038 0.0036458333333333334 0.011111111111111112
0 0.3026041666666667 0.23564814814814813 0.003125 0.013888888888888888
0 0.34609375 0.22407407407407406 0.0026041666666666665 0.009259259259259259
0 0.18203125 0.28379629629629627 0.0026041666666666665 0.006481481481481481
0 0.409375 0.21296296296296297 0.00625 0.014814814814814815