0 0.2 0.362962962962963 0.030208333333333334 0.06666666666666667
0 0.384375 0.2898148148148148 0.019791666666666666 0.05
0 0.5104166666666666 0.26666666666666666 0.017708333333333333 0.044444444444444446
0 0.63828125 0.25324074074074077 0.018229166666666668 0.03981481481481482
0 0.6986979166666667 0.2523148148148148 0.0171875 0.03981481481481482
0 0.7700520833333333 0.25277777777777777 0.0171875 0.03888888888888889
0 0.8713541666666667 0.2611111111111111 0.016666666666666666 0.03888888888888889
0 0.9921875 0.2759259259259259 0.014583333333333334 0.03888888888888889
0 0.24244791666666668 0.23425925925925925 0.0078125 0.022222222222222223
0 0.203125 0.21898148148148147 0.00625 0.019444444444444445
0 0.12682291666666667 0.2324074074074074 0.005729166666666666 0.018518518518518517
0 0.029947916666666668 0.24027777777777778 0.0046875 0.01574074074074074
0 0.03958333333333333 0.2439814814814815 0.004166666666666667 0.01574074074074074
0 0.041666666666666664 0.2310185185185185 0.004166666666666667 0.012037037037037037
0 0.07526041666666666 0.2412037037037037 0.0078125 0.019444444444444445
0 0.2752604166666667 0.20555555555555555 0.0067708333333333336 0.016666666666666666
0 0.3333333333333333 0.19166666666666668 0.00625 0.016666666666666666
0 0.8739583333333333 0.2037037037037037 0.00625 0.018518518518518517
0 0.8864583333333333 0.2101851851851852 0.00625 0.020370370370370372
0 0.8932291666666666 0.2037037037037037 0.005208333333333333 0.016666666666666666
0 0.9182291666666667 0.21898148148148147 0.007291666666666667 0.021296296296296296
0 0.9627604166666667 0.22916666666666666 0.0078125 0.023148148148148147
0 0.98046875 0.21296296296296297 0.0046875 0.014814814814814815
0 0.9036458333333334 0.19675925925925927 0.004166666666666667 0.013888888888888888
0 0.9216145833333333 0.19907407407407407 0.0036458333333333334 0.012962962962962963
0 0.9263020833333333 0.2064814814814815 0.0046875 0.016666666666666666
0 0.97578125 0.2064814814814815 0.0046875 0.014814814814814815
0 0.9481770833333333 0.20462962962962963 0.0046875 0.014814814814814815
0 0.06848958333333334 0.2199074074074074 0.0036458333333333334 0.012037037037037037
0 0.10546875 0.20879629629629629 0.0036458333333333334 0.012037037037037037
0 0.34817708333333336 0.18518518518518517 0.0036458333333333334 0.014814814814814815
0 0.37864583333333335 0.1837962962962963 0.004166666666666667 0.013888888888888888
0 0.40625 0.1824074074074074 0.004166666666666667 0.012962962962962963
0 0.4315104166666667 0.18194444444444444 0.0036458333333333334 0.012037037037037037
0 0.48776041666666664 0.18009259259259258 0.0036458333333333334 0.012037037037037037
0 0.5221354166666666 0.17916666666666667 0.0046875 0.013888888888888888
0 0.5604166666666667 0.17916666666666667 0.004166666666666667 0.013888888888888888
0 0.6223958333333334 0.17916666666666667 0.004166666666666667 0.013888888888888888
0 0.6838541666666667 0.1814814814814815 0.004166666666666667 0.014814814814814815
0 0.74140625 0.1837962962962963 0.0036458333333333334 0.013888888888888888
0 0.7986979166666667 0.18703703703703703 0.0046875 0.014814814814814815
0 0.8419270833333333 0.18935185185185185 0.0036458333333333334 0.013888888888888888