0 0.73046875 0.6884259259259259 0.0359375 0.09351851851851851
0 0.6598958333333333 0.6351851851851852 0.023958333333333335 0.05555555555555555
0 0.6276041666666666 0.6013888888888889 0.014583333333333334 0.03425925925925926
0 0.5966145833333333 0.5875 0.008854166666666666 0.023148148148148147
0 0.5645833333333333 0.5824074074074074 0.007291666666666667 0.020370370370370372
0 0.5763020833333333 0.5763888888888888 0.005729166666666666 0.01574074074074074
0 0.5932291666666667 0.5740740740740741 0.004166666666666667 0.014814814814814815
0 0.6151041666666667 0.5703703703703704 0.004166666666666667 0.012962962962962963
0 0.6216145833333333 0.5689814814814815 0.0036458333333333334 0.013888888888888888
0 0.5143229166666666 0.5745370370370371 0.0026041666666666665 0.006481481481481481
0 0.6091145833333333 0.5689814814814815 0.0036458333333333334 0.010185185185185186
0 0.53984375 0.575 0.0026041666666666665 0.005555555555555556
0 0.49140625 0.5740740740740741 0.0036458333333333334 0.005555555555555556