0 0.025 0.7461805555555555 0.05 0.10069444444444445
0 0.46015625 0.40347222222222223 0.0171875 0.025
0 0.4348958333333333 0.37430555555555556 0.009375 0.015277777777777777
0 0.48723958333333334 0.37604166666666666 0.008854166666666666 0.01597222222222222
0 0.005989583333333334 0.48819444444444443 0.011979166666666667 0.02361111111111111
0 0.14192708333333334 0.4378472222222222 0.0067708333333333336 0.02013888888888889
0 0.21588541666666666 0.4114583333333333 0.005729166666666666 0.013194444444444444
0 0.12734375 0.41875 0.0036458333333333334 0.005555555555555556
0 0.18072916666666666 0.4065972222222222 0.004166666666666667 0.007638888888888889
0 0.159375 0.4076388888888889 0.003125 0.004166666666666667
0 0.22708333333333333 0.39131944444444444 0.0020833333333333333 0.004861111111111111
0 0.26328125 0.38333333333333336 0.0026041666666666665 0.005555555555555556
0 0.3619791666666667 0.37569444444444444 0.004166666666666667 0.008333333333333333
0 0.3640625 0.3663194444444444 0.0020833333333333333 0.004861111111111111
0 0.3072916666666667 0.37881944444444443 0.005208333333333333 0.009027777777777777