0 0.32838541666666665 0.21481481481481482 0.005729166666666666 0.014814814814814815
0 0.2950520833333333 0.22037037037037038 0.005729166666666666 0.014814814814814815
0 0.42630208333333336 0.23287037037037037 0.0078125 0.021296296296296296
0 0.0890625 0.24212962962962964 0.005208333333333333 0.012037037037037037
0 0.37552083333333336 0.22824074074074074 0.008333333333333333 0.019444444444444445
0 0.42578125 0.2439814814814815 0.009895833333333333 0.026851851851851852
0 0.3104166666666667 0.21805555555555556 0.00625 0.013888888888888888
0 0.26953125 0.225 0.005729166666666666 0.012962962962962963
0 0.26276041666666666 0.23287037037037037 0.0078125 0.017592592592592594
0 0.4088541666666667 0.23055555555555557 0.008333333333333333 0.022222222222222223
0 0.29713541666666665 0.23055555555555557 0.0078125 0.018518518518518517
0 0.33125 0.22916666666666666 0.007291666666666667 0.017592592592592594
0 0.41770833333333335 0.2625 0.013541666666666667 0.03425925925925926
0 0.25026041666666665 0.23148148148148148 0.0067708333333333336 0.016666666666666666
0 0.7473958333333334 0.2550925925925926 0.011458333333333333 0.023148148148148147
0 0.40338541666666666 0.2898148148148148 0.021354166666666667 0.044444444444444446
0 0.3796875 0.3365740740740741 0.025 0.062037037037037036
0 0.2546875 0.4305555555555556 0.04583333333333333 0.09814814814814815
0 0.35572916666666665 0.21388888888888888 0.004166666666666667 0.012962962962962963
0 0.39140625 0.2111111111111111 0.0046875 0.012962962962962963
0 0.41901041666666666 0.20787037037037037 0.0036458333333333334 0.012037037037037037
0 0.41354166666666664 0.2064814814814815 0.004166666666666667 0.012962962962962963