0 0.038802083333333334 0.6287037037037037 0.028645833333333332 0.07962962962962963
0 0.014583333333333334 0.5842592592592593 0.020833333333333332 0.044444444444444446
0 0.08072916666666667 0.5467592592592593 0.00625 0.021296296296296296
0 0.08619791666666667 0.5476851851851852 0.0078125 0.023148148148148147
0 0.09244791666666667 0.5435185185185185 0.005729166666666666 0.020370370370370372
0 0.13307291666666668 0.5444444444444444 0.009895833333333333 0.027777777777777776
0 0.12630208333333334 0.5337962962962963 0.0036458333333333334 0.01574074074074074
0 0.2515625 0.5287037037037037 0.013541666666666667 0.027777777777777776
0 0.40286458333333336 0.5087962962962963 0.0109375 0.025
0 0.6833333333333333 0.5268518518518519 0.025 0.05740740740740741
0 0.62734375 0.49953703703703706 0.0140625 0.03611111111111111
0 0.47942708333333334 0.4949074074074074 0.0078125 0.021296296296296296
0 0.49505208333333334 0.487962962962963 0.005729166666666666 0.018518518518518517
0 0.16380208333333332 0.5268518518518519 0.0046875 0.012962962962962963
0 0.20416666666666666 0.5212962962962963 0.003125 0.011111111111111112
0 0.3145833333333333 0.5018518518518519 0.003125 0.009259259259259259
0 0.42526041666666664 0.48842592592592593 0.0036458333333333334 0.012037037037037037
0 0.45677083333333335 0.48703703703703705 0.005208333333333333 0.012962962962962963
0 0.48385416666666664 0.4847222222222222 0.00625 0.01574074074074074