0 0.24921875 0.2337962962962963 0.005729166666666666 0.01574074074074074
0 0.22734375 0.23935185185185184 0.0046875 0.01574074074074074
0 0.20911458333333333 0.24305555555555555 0.005729166666666666 0.01574074074074074
0 0.19713541666666667 0.25972222222222224 0.0078125 0.023148148148148147
0 0.2359375 0.2550925925925926 0.007291666666666667 0.023148148148148147
0 0.28854166666666664 0.25 0.008333333333333333 0.025925925925925925
0 0.15390625 0.2574074074074074 0.0046875 0.018518518518518517
0 0.14765625 0.2638888888888889 0.005729166666666666 0.020370370370370372
0 0.15807291666666667 0.26481481481481484 0.005729166666666666 0.020370370370370372
0 0.178125 0.25046296296296294 0.005208333333333333 0.01574074074074074
0 0.3265625 0.25 0.009375 0.025925925925925925
0 0.34322916666666664 0.2601851851851852 0.0125 0.03148148148148148
0 0.3338541666666667 0.2791666666666667 0.014583333333333334 0.03796296296296296
0 0.30520833333333336 0.32083333333333336 0.019791666666666666 0.05092592592592592
0 0.24192708333333332 0.4125 0.0390625 0.08796296296296297
0 0.2825520833333333 0.22824074074074074 0.0046875 0.013888888888888888
0 0.32317708333333334 0.22268518518518518 0.0046875 0.013888888888888888
0 0.35598958333333336 0.21481481481481482 0.0036458333333333334 0.011111111111111112
0 0.3458333333333333 0.21388888888888888 0.003125 0.011111111111111112
0 0.34296875 0.2175925925925926 0.0036458333333333334 0.014814814814814815
0 0.35078125 0.21481481481481482 0.0036458333333333334 0.012962962962962963
0 0.7674479166666667 0.25092592592592594 0.011979166666666667 0.03333333333333333