0 0.8575520833333333 0.2199074074074074 0.0140625 0.021296296296296296
0 0.9424479166666667 0.13703703703703704 0.0046875 0.012962962962962963
0 0.7578125 0.1412037037037037 0.005208333333333333 0.01574074074074074
0 0.8690104166666667 0.13425925925925927 0.0036458333333333334 0.011111111111111112
0 0.80625 0.1375 0.005208333333333333 0.012037037037037037
0 0.09401041666666667 0.25601851851851853 0.0067708333333333336 0.017592592592592594
0 0.8447916666666667 0.1361111111111111 0.005208333333333333 0.012962962962962963
0 0.2677083333333333 0.20416666666666666 0.00625 0.013888888888888888
0 0.022395833333333334 0.2763888888888889 0.00625 0.01574074074074074
0 0.6322916666666667 0.1486111111111111 0.00625 0.017592592592592594
0 0.04635416666666667 0.26944444444444443 0.005208333333333333 0.018518518518518517
0 0.008333333333333333 0.3537037037037037 0.014583333333333334 0.040740740740740744
0 0.7078125 0.14305555555555555 0.00625 0.01574074074074074
0 0.5875 0.15462962962962962 0.00625 0.016666666666666666
0 0.5 0.1675925925925926 0.00625 0.016666666666666666
0 0.34296875 0.20787037037037037 0.009895833333333333 0.023148148148148147
0 0.4348958333333333 0.1814814814814815 0.008333333333333333 0.020370370370370372
0 0.19348958333333333 0.2625 0.0140625 0.028703703703703703
0 0.09479166666666666 0.30324074074074076 0.013541666666666667 0.032407407407407406
0 0.29270833333333335 0.22777777777777777 0.011458333333333333 0.025925925925925925
0 0.01796875 0.39444444444444443 0.024479166666666666 0.05925925925925926
0 0.10338541666666666 0.43287037037037035 0.03697916666666667 0.08611111111111111
0 0.10625 0.5888888888888889 0.05 0.12777777777777777
0 0.8888020833333333 0.13333333333333333 0.0036458333333333334 0.009259259259259259
0 0.16536458333333334 0.23425925925925925 0.0067708333333333336 0.016666666666666666