0 0.028106508875739646 0.33519736842105263 0.0036982248520710057 0.01118421052631579
0 0.05436390532544379 0.32730263157894735 0.0036982248520710057 0.01118421052631579
0 0.07525887573964497 0.3203947368421053 0.0033284023668639054 0.010526315789473684
0 0.08986686390532544 0.31546052631578947 0.0036982248520710057 0.009868421052631578
0 0.8775887573964497 0.8078947368421052 0.07470414201183433 0.18552631578947368
0 0.6007766272189349 0.4763157894736842 0.028476331360946745 0.06710526315789474
0 0.5014792899408284 0.40592105263157896 0.019970414201183433 0.04473684210526316
0 0.4182692307692308 0.3595394736842105 0.010355029585798817 0.029605263157894735
0 0.38202662721893493 0.3424342105263158 0.008136094674556213 0.023026315789473683
0 0.36020710059171596 0.3213815789473684 0.004437869822485207 0.0125
0 0.35798816568047337 0.3148026315789474 0.0036982248520710057 0.0125
0 0.10502958579881656 0.31217105263157896 0.0029585798816568047 0.008552631578947369
0 0.11427514792899408 0.30986842105263157 0.0029585798816568047 0.007894736842105263
0 0.12703402366863906 0.3069078947368421 0.0033284023668639054 0.007236842105263158
0 0.2990014792899408 0.3105263157894737 0.0033284023668639054 0.007894736842105263
0 0.3202662721893491 0.30723684210526314 0.0036982248520710057 0.009210526315789473
0 0.33302514792899407 0.3055921052631579 0.0025887573964497044 0.008552631578947369
0 0.32951183431952663 0.31217105263157896 0.0036982248520710057 0.01118421052631579