0 0.2484375 0.4060185185185185 0.03958333333333333 0.08611111111111111
0 0.34270833333333334 0.300462962962963 0.020833333333333332 0.049074074074074076
0 0.37421875 0.26990740740740743 0.016145833333333335 0.03981481481481482
0 0.40286458333333336 0.23842592592592593 0.0109375 0.030555555555555555
0 0.44140625 0.21666666666666667 0.008854166666666666 0.024074074074074074
0 0.5026041666666666 0.20972222222222223 0.007291666666666667 0.023148148148148147
0 0.5684895833333333 0.20092592592592592 0.0067708333333333336 0.020370370370370372
0 0.6018229166666667 0.18564814814814815 0.0046875 0.017592592592592594
0 0.6401041666666667 0.17453703703703705 0.005208333333333333 0.01574074074074074
0 0.38984375 0.18935185185185185 0.0046875 0.017592592592592594
0 0.71875 0.16296296296296298 0.005208333333333333 0.012962962962962963
0 0.7776041666666667 0.15416666666666667 0.004166666666666667 0.012037037037037037
0 0.48125 0.1712962962962963 0.004166666666666667 0.011111111111111112