0 0.3619791666666667 0.22175925925925927 0.005208333333333333 0.013888888888888888
0 0.20677083333333332 0.25277777777777777 0.004166666666666667 0.016666666666666666
0 0.39895833333333336 0.21203703703703702 0.004166666666666667 0.012962962962962963
0 0.26536458333333335 0.23935185185185184 0.005729166666666666 0.01574074074074074
0 0.14557291666666666 0.2671296296296296 0.0067708333333333336 0.01574074074074074
0 0.31588541666666664 0.22916666666666666 0.005729166666666666 0.01574074074074074
0 0.4296875 0.2175925925925926 0.008333333333333333 0.022222222222222223
0 0.03854166666666667 0.35185185185185186 0.016666666666666666 0.044444444444444446
0 0.10859375 0.3560185185185185 0.027604166666666666 0.05648148148148148
0 0.13541666666666666 0.3939814814814815 0.03229166666666667 0.07314814814814814
0 0.06875 0.287962962962963 0.005208333333333333 0.018518518518518517
0 0.22578125 0.24814814814814815 0.0026041666666666665 0.009259259259259259