0 0.16979166666666667 0.4009259259259259 0.034375 0.07962962962962963
0 0.3763020833333333 0.30648148148148147 0.022395833333333334 0.05555555555555555
0 0.34322916666666664 0.2273148148148148 0.007291666666666667 0.019444444444444445
0 0.23958333333333334 0.2569444444444444 0.009375 0.023148148148148147
0 0.5401041666666667 0.27361111111111114 0.015625 0.04537037037037037
0 0.6346354166666667 0.25925925925925924 0.015104166666666667 0.040740740740740744
0 0.64140625 0.2361111111111111 0.009895833333333333 0.03333333333333333
0 0.6088541666666667 0.22037037037037038 0.009375 0.025925925925925925
0 0.58359375 0.2101851851851852 0.0067708333333333336 0.022222222222222223
0 0.571875 0.20185185185185187 0.00625 0.018518518518518517
0 0.5653645833333333 0.18935185185185185 0.0046875 0.01574074074074074