0 0.27109375 0.22407407407407406 0.0046875 0.012962962962962963
0 0.19348958333333333 0.22824074074074074 0.0046875 0.010185185185185186
0 0.3104166666666667 0.21296296296296297 0.009375 0.011111111111111112
0 0.19010416666666666 0.23425925925925925 0.005208333333333333 0.012962962962962963
0 0.2125 0.23055555555555557 0.005208333333333333 0.012962962962962963
0 0.35520833333333335 0.21157407407407408 0.008333333333333333 0.01574074074074074
0 0.3419270833333333 0.2125 0.005729166666666666 0.013888888888888888
0 0.24375 0.22546296296296298 0.00625 0.013888888888888888
0 0.17473958333333334 0.2351851851851852 0.0046875 0.011111111111111112
0 0.31171875 0.22268518518518518 0.0067708333333333336 0.01574074074074074
0 0.17708333333333334 0.25972222222222224 0.007291666666666667 0.017592592592592594
0 0.2682291666666667 0.2337962962962963 0.00625 0.01574074074074074
0 0.20989583333333334 0.24953703703703703 0.007291666666666667 0.017592592592592594
0 0.020052083333333335 0.35833333333333334 0.016145833333333335 0.03888888888888889
0 0.027083333333333334 0.3375 0.0125 0.030555555555555555
0 0.12291666666666666 0.27824074074074073 0.008333333333333333 0.019444444444444445
0 0.04296875 0.31851851851851853 0.011979166666666667 0.025925925925925925
0 0.14661458333333333 0.2689814814814815 0.0078125 0.017592592592592594
0 0.021354166666666667 0.4671296296296296 0.028125 0.075
0 0.09791666666666667 0.29074074074074074 0.009375 0.022222222222222223
0 0.021614583333333333 0.3902777777777778 0.019270833333333334 0.049074074074074076