0 0.21119791666666668 0.3824074074074074 0.0296875 0.07592592592592592
0 0.35546875 0.28935185185185186 0.021354166666666667 0.04722222222222222
0 0.46197916666666666 0.25046296296296294 0.013541666666666667 0.03611111111111111
0 0.47760416666666666 0.22777777777777777 0.009375 0.027777777777777776
0 0.50703125 0.23425925925925925 0.011979166666666667 0.03148148148148148
0 0.4361979166666667 0.22037037037037038 0.008854166666666666 0.024074074074074074
0 0.42291666666666666 0.2111111111111111 0.00625 0.020370370370370372
0 0.44973958333333336 0.2023148148148148 0.005729166666666666 0.019444444444444445
0 0.47708333333333336 0.19814814814814816 0.005208333333333333 0.016666666666666666
0 0.5122395833333333 0.19398148148148148 0.005729166666666666 0.01574074074074074
0 0.5307291666666667 0.1912037037037037 0.004166666666666667 0.013888888888888888
0 0.5424479166666667 0.18611111111111112 0.0036458333333333334 0.011111111111111112
0 0.53671875 0.1884259259259259 0.0046875 0.013888888888888888