0 0.026041666666666668 0.24814814814814815 0.00625 0.012962962962962963
0 0.14869791666666668 0.2361111111111111 0.005729166666666666 0.014814814814814815
0 0.16901041666666666 0.2337962962962963 0.005729166666666666 0.01574074074074074
0 0.11328125 0.2361111111111111 0.005729166666666666 0.014814814814814815
0 0.12682291666666667 0.23657407407407408 0.005729166666666666 0.013888888888888888
0 0.17421875 0.23935185185185184 0.0078125 0.017592592592592594
0 0.096875 0.2638888888888889 0.008333333333333333 0.020370370370370372
0 0.14270833333333333 0.24861111111111112 0.008333333333333333 0.019444444444444445
0 0.071875 0.27870370370370373 0.010416666666666666 0.024074074074074074
0 0.1078125 0.28055555555555556 0.011458333333333333 0.027777777777777776
0 0.16901041666666666 0.2796296296296296 0.0140625 0.03148148148148148
0 0.20651041666666667 0.3060185185185185 0.0203125 0.04537037037037037
0 0.18255208333333334 0.36018518518518516 0.0265625 0.06481481481481481