0 0.3302083333333333 0.2518518518518518 0.00625 0.014814814814814815
0 0.31796875 0.2449074074074074 0.005729166666666666 0.012037037037037037
0 0.38671875 0.24768518518518517 0.0046875 0.010185185185185186
0 0.05520833333333333 0.2462962962962963 0.004166666666666667 0.014814814814814815
0 0.24739583333333334 0.23981481481481481 0.005208333333333333 0.014814814814814815
0 0.4075520833333333 0.2671296296296296 0.0067708333333333336 0.01574074074074074
0 0.35989583333333336 0.24768518518518517 0.005208333333333333 0.012037037037037037
0 0.10494791666666667 0.23981481481481481 0.0046875 0.014814814814814815
0 0.14765625 0.24722222222222223 0.0067708333333333336 0.016666666666666666
0 0.5203125 0.2967592592592593 0.008333333333333333 0.017592592592592594
0 0.24166666666666667 0.24814814814814815 0.00625 0.016666666666666666
0 0.07161458333333333 0.25 0.0046875 0.016666666666666666
0 0.6208333333333333 0.337037037037037 0.007291666666666667 0.020370370370370372
0 0.7346354166666667 0.3907407407407407 0.009895833333333333 0.024074074074074074
0 0.8096354166666667 0.45 0.0140625 0.037037037037037035
0 0.8958333333333334 0.5476851851851852 0.021875 0.058333333333333334
0 0.4078125 0.24722222222222223 0.003125 0.011111111111111112
0 0.4015625 0.24351851851851852 0.003125 0.009259259259259259