0 0.2947916666666667 0.3486111111111111 0.029166666666666667 0.062037037037037036
0 0.39947916666666666 0.2833333333333333 0.016666666666666666 0.040740740740740744
0 0.46927083333333336 0.25555555555555554 0.013541666666666667 0.03148148148148148
0 0.5088541666666667 0.23935185185185184 0.011458333333333333 0.026851851851851852
0 0.5575520833333333 0.22453703703703703 0.008854166666666666 0.025
0 0.5158854166666667 0.21666666666666667 0.0078125 0.018518518518518517
0 0.5973958333333333 0.21666666666666667 0.00625 0.018518518518518517
0 0.6138020833333333 0.2125 0.005729166666666666 0.017592592592592594
0 0.47213541666666664 0.22407407407407406 0.0067708333333333336 0.018518518518518517
0 0.3848958333333333 0.23842592592592593 0.00625 0.021296296296296296
0 0.14427083333333332 0.29305555555555557 0.010416666666666666 0.026851851851851852
0 0.27239583333333334 0.262037037037037 0.009375 0.024074074074074074
0 0.5989583333333334 0.20972222222222223 0.00625 0.01574074074074074
0 0.55703125 0.21481481481481482 0.0078125 0.020370370370370372