0 0.4942677514792899 0.3180921052631579 0.0040680473372781065 0.0125
0 0.48982988165680474 0.32302631578947366 0.004807692307692308 0.013157894736842105
0 0.48002958579881655 0.3299342105263158 0.006656804733727811 0.017763157894736842
0 0.45025887573964496 0.3348684210526316 0.008505917159763314 0.021052631578947368
0 0.38979289940828404 0.3417763157894737 0.010355029585798817 0.025657894736842105
0 0.46153846153846156 0.3703947368421053 0.014053254437869823 0.035526315789473684
0 0.5693417159763313 0.425 0.01960059171597633 0.05131578947368421
0 0.6793639053254438 0.68125 0.058431952662721894 0.1506578947368421
0 0.03661242603550296 0.3118421052631579 0.005917159763313609 0.014473684210526316
0 0.07858727810650888 0.3036184210526316 0.0070266272189349116 0.01381578947368421
0 0.11575443786982248 0.29769736842105265 0.005177514792899409 0.01118421052631579
0 0.14145710059171598 0.29342105263157897 0.005547337278106509 0.011842105263157895
0 0.21042899408284024 0.28618421052631576 0.0036982248520710057 0.007894736842105263
0 0.4896449704142012 0.31085526315789475 0.0029585798816568047 0.008552631578947369
0 0.48465236686390534 0.30756578947368424 0.0025887573964497044 0.007236842105263158