0 0.22291666666666668 0.20787037037037037 0.004166666666666667 0.010185185185185186
0 0.22473958333333333 0.21157407407407408 0.0046875 0.010185185185185186
0 0.06796875 0.2564814814814815 0.005729166666666666 0.014814814814814815
0 0.23802083333333332 0.2125 0.005208333333333333 0.012037037037037037
0 0.42552083333333335 0.19907407407407407 0.007291666666666667 0.016666666666666666
0 0.31875 0.20185185185185187 0.005208333333333333 0.011111111111111112
0 0.013802083333333333 0.2847222222222222 0.005729166666666666 0.01574074074074074
0 0.4484375 0.1986111111111111 0.007291666666666667 0.01574074074074074
0 0.3958333333333333 0.19907407407407407 0.007291666666666667 0.014814814814814815
0 0.27734375 0.2064814814814815 0.005729166666666666 0.012962962962962963
0 0.45598958333333334 0.21203703703703702 0.008854166666666666 0.020370370370370372
0 0.3690104166666667 0.1986111111111111 0.005729166666666666 0.013888888888888888
0 0.47161458333333334 0.20555555555555555 0.008854166666666666 0.022222222222222223
0 0.31171875 0.23564814814814813 0.0109375 0.025
0 0.39921875 0.2199074074074074 0.009895833333333333 0.023148148148148147
0 0.09765625 0.3111111111111111 0.016145833333333335 0.03518518518518519
0 0.1734375 0.275 0.0125 0.027777777777777776
0 0.2421875 0.25277777777777777 0.010416666666666666 0.024074074074074074
0 0.07734375 0.33611111111111114 0.0171875 0.040740740740740744
0 0.058333333333333334 0.37453703703703706 0.023958333333333335 0.05462962962962963
0 0.036458333333333336 0.43472222222222223 0.029166666666666667 0.075