0 0.27708333333333335 0.2125 0.004166666666666667 0.012037037037037037
0 0.27317708333333335 0.21388888888888888 0.0036458333333333334 0.011111111111111112
0 0.2984375 0.20879629629629629 0.003125 0.010185185185185186
0 0.08046875 0.2611111111111111 0.008854166666666666 0.014814814814814815
0 0.27447916666666666 0.2263888888888889 0.005208333333333333 0.01574074074074074
0 0.28541666666666665 0.2212962962962963 0.005208333333333333 0.016666666666666666
0 0.19036458333333334 0.2462962962962963 0.0078125 0.022222222222222223
0 0.13151041666666666 0.26666666666666666 0.009895833333333333 0.025925925925925925
0 0.23671875 0.2337962962962963 0.0067708333333333336 0.019444444444444445
0 0.08515625 0.29212962962962963 0.013020833333333334 0.032407407407407406
0 0.11171875 0.30972222222222223 0.016145833333333335 0.041666666666666664
0 0.19557291666666668 0.32916666666666666 0.021354166666666667 0.05462962962962963
0 0.24479166666666666 0.4023148148148148 0.036458333333333336 0.08796296296296297