1 0.38567708333333334 0.37175925925925923 0.04635416666666667 0.10833333333333334
1 0.45546875 0.19907407407407407 0.021354166666666667 0.053703703703703705
1 0.4796875 0.1449074074074074 0.014583333333333334 0.03611111111111111
1 0.49322916666666666 0.11574074074074074 0.009375 0.025925925925925925
1 0.5010416666666667 0.09953703703703703 0.008333333333333333 0.021296296296296296
1 0.50546875 0.08518518518518518 0.005729166666666666 0.016666666666666666
0 0.9216145833333333 0.3425925925925926 0.05364583333333333 0.1111111111111111
0 0.72890625 0.18055555555555555 0.022395833333333334 0.05555555555555555
0 0.6666666666666666 0.1300925925925926 0.014583333333333334 0.03796296296296296
0 0.63125 0.10324074074074074 0.011458333333333333 0.026851851851851852
0 0.6127604166666667 0.08935185185185185 0.008854166666666666 0.021296296296296296
0 0.5994791666666667 0.0824074074074074 0.008333333333333333 0.016666666666666666
0 0.7572916666666667 0.06018518518518518 0.008333333333333333 0.018518518518518517