1 0.5666666666666667 0.28564814814814815 0.029166666666666667 0.0787037037037037
1 0.18984375 0.29953703703703705 0.03802083333333333 0.075
1 0.0828125 0.16620370370370371 0.0125 0.032407407407407406
1 0.1984375 0.1388888888888889 0.011458333333333333 0.025925925925925925
1 0.32317708333333334 0.11944444444444445 0.008854166666666666 0.024074074074074074
1 0.44114583333333335 0.1087962962962963 0.007291666666666667 0.021296296296296296
1 0.5721354166666667 0.10740740740740741 0.0078125 0.024074074074074074
1 0.6971354166666667 0.10648148148148148 0.008854166666666666 0.025925925925925925
1 0.8338541666666667 0.11157407407407408 0.011458333333333333 0.030555555555555555
1 0.9390625 0.22314814814814815 0.028125 0.06851851851851852
1 0.97421875 0.13518518518518519 0.013020833333333334 0.037037037037037035
0 0.10807291666666667 0.14074074074074075 0.008854166666666666 0.024074074074074074
0 0.28098958333333335 0.11388888888888889 0.0067708333333333336 0.024074074074074074
0 0.42890625 0.10231481481481482 0.005729166666666666 0.021296296296296296
0 0.5919270833333333 0.09768518518518518 0.008854166666666666 0.023148148148148147
0 0.7450520833333333 0.09351851851851851 0.0109375 0.025925925925925925
0 0.9375 0.09953703703703703 0.010416666666666666 0.030555555555555555