0 0.72578125 0.40694444444444444 0.0578125 0.13055555555555556
0 0.8296875 0.08333333333333333 0.013541666666666667 0.03333333333333333
0 0.6200520833333333 0.2037037037037037 0.025520833333333333 0.06111111111111111
0 0.5903645833333333 0.1476851851851852 0.015104166666666667 0.03981481481481482
0 0.57578125 0.11944444444444445 0.0109375 0.027777777777777776
0 0.3645833333333333 0.09444444444444444 0.010416666666666666 0.018518518518518517
1 0.13932291666666666 0.44305555555555554 0.059895833333333336 0.11944444444444445
1 0.33619791666666665 0.2351851851851852 0.025520833333333333 0.05740740740740741
1 0.4 0.16666666666666666 0.016666666666666666 0.037037037037037035
1 0.4309895833333333 0.12962962962962962 0.011979166666666667 0.02962962962962963
1 0.23020833333333332 0.1111111111111111 0.00625 0.018518518518518517