0 0.6885416666666667 0.29212962962962963 0.0375 0.08981481481481482
0 0.6296875 0.1736111111111111 0.019791666666666666 0.05092592592592592
0 0.6080729166666666 0.12916666666666668 0.015104166666666667 0.032407407407407406
0 0.596875 0.10092592592592593 0.010416666666666666 0.027777777777777776
0 0.5875 0.08333333333333333 0.008333333333333333 0.024074074074074074
1 0.28229166666666666 0.32222222222222224 0.03854166666666667 0.08148148148148149
1 0.39609375 0.19768518518518519 0.0203125 0.04722222222222222
1 0.44244791666666666 0.14537037037037037 0.011979166666666667 0.03333333333333333
1 0.4674479166666667 0.11388888888888889 0.008854166666666666 0.025925925925925925
1 0.4828125 0.09490740740740741 0.007291666666666667 0.019444444444444445
1 0.49375 0.08333333333333333 0.007291666666666667 0.014814814814814815
1 0.5015625 0.07407407407407407 0.007291666666666667 0.014814814814814815
0 0.5828125 0.07314814814814814 0.00625 0.016666666666666666
0 0.5786458333333333 0.06574074074074074 0.003125 0.011111111111111112
1 0.5067708333333333 0.06481481481481481 0.004166666666666667 0.012962962962962963
1 0.5114583333333333 0.06018518518518518 0.005208333333333333 0.012962962962962963
0 0.6682291666666667 0.041666666666666664 0.007291666666666667 0.014814814814814815