1 0.2359375 0.8032407407407407 0.10416666666666667 0.23796296296296296
1 0.44583333333333336 0.2953703703703704 0.030208333333333334 0.07222222222222222
1 0.4861979166666667 0.20324074074074075 0.019270833333333334 0.04351851851851852
1 0.5049479166666667 0.16203703703703703 0.011979166666666667 0.02962962962962963
1 0.5145833333333333 0.13935185185185187 0.008333333333333333 0.023148148148148147
1 0.5208333333333334 0.12222222222222222 0.00625 0.020370370370370372
0 0.82265625 0.2722222222222222 0.0359375 0.07592592592592592
0 0.71640625 0.18703703703703703 0.0203125 0.046296296296296294
0 0.6666666666666666 0.1476851851851852 0.013541666666666667 0.032407407407407406
0 0.6411458333333333 0.1300925925925926 0.009375 0.023148148148148147
0 0.6252604166666667 0.11712962962962963 0.0078125 0.019444444444444445
0 0.8036458333333333 0.0962962962962963 0.010416666666666666 0.022222222222222223