1 0.11484375 0.49027777777777776 0.06302083333333333 0.13055555555555556
1 0.33984375 0.24768518518518517 0.025520833333333333 0.058333333333333334
1 0.409375 0.16527777777777777 0.014583333333333334 0.03981481481481482
1 0.44244791666666666 0.12731481481481483 0.009895833333333333 0.028703703703703703
1 0.4625 0.10787037037037037 0.007291666666666667 0.023148148148148147
1 0.47604166666666664 0.09351851851851851 0.00625 0.018518518518518517
1 0.484375 0.08518518518518518 0.005208333333333333 0.012962962962962963
1 0.49140625 0.075 0.0046875 0.016666666666666666
0 0.7453125 0.4388888888888889 0.057291666666666664 0.13703703703703704
0 0.6380208333333334 0.21944444444444444 0.026041666666666668 0.06296296296296296
0 0.6052083333333333 0.14814814814814814 0.016666666666666666 0.040740740740740744
0 0.58828125 0.11296296296296296 0.011979166666666667 0.02962962962962963
0 0.5791666666666667 0.09583333333333334 0.007291666666666667 0.021296296296296296
0 0.5713541666666667 0.0837962962962963 0.005208333333333333 0.01574074074074074
0 0.6791666666666667 0.05185185185185185 0.008333333333333333 0.016666666666666666
0 0.5666666666666667 0.075 0.004166666666666667 0.011111111111111112
0 0.5635416666666667 0.07037037037037037 0.003125 0.011111111111111112