1 0.24010416666666667 0.48518518518518516 0.06770833333333333 0.14074074074074075
1 0.27708333333333335 0.22546296296296298 0.021875 0.05462962962962963
1 0.5567708333333333 0.21851851851851853 0.020833333333333332 0.05740740740740741
1 0.8408854166666667 0.18287037037037038 0.019270833333333334 0.05277777777777778
1 0.9421875 0.15324074074074073 0.017708333333333333 0.03981481481481482
1 0.90625 0.12731481481481483 0.0125 0.03425925925925926
1 0.79609375 0.10972222222222222 0.009895833333333333 0.026851851851851852
1 0.6783854166666666 0.10324074074074074 0.0078125 0.025
1 0.5671875 0.10231481481481482 0.007291666666666667 0.021296296296296296
1 0.34375 0.11018518518518519 0.007291666666666667 0.020370370370370372
1 0.23515625 0.12453703703703704 0.008854166666666666 0.023148148148148147
1 0.09505208333333333 0.20879629629629629 0.019270833333333334 0.04722222222222222
1 0.04635416666666667 0.18703703703703703 0.015625 0.040740740740740744
1 0.0765625 0.16111111111111112 0.014583333333333334 0.03148148148148148
1 0.13984375 0.14444444444444443 0.0109375 0.027777777777777776
0 0.9716145833333333 0.3578703703703704 0.0453125 0.11018518518518519
0 0.06510416666666667 0.3148148148148148 0.036458333333333336 0.08148148148148149
0 0.022135416666666668 0.14537037037037037 0.009895833333333333 0.025925925925925925
0 0.15130208333333334 0.125 0.0078125 0.022222222222222223
0 0.3033854166666667 0.10601851851851851 0.005729166666666666 0.019444444444444445
0 0.43776041666666665 0.09722222222222222 0.0046875 0.020370370370370372
0 0.5854166666666667 0.09675925925925925 0.008333333333333333 0.019444444444444445
0 0.7236979166666667 0.09305555555555556 0.008854166666666666 0.023148148148148147
0 0.8895833333333333 0.1 0.010416666666666666 0.027777777777777776
1 0.44869791666666664 0.10138888888888889 0.0067708333333333336 0.019444444444444445