1 0.3770833333333333 0.4976851851851852 0.059375 0.14537037037037037
1 0.47760416666666666 0.23564814814814813 0.025 0.062037037037037036
1 0.50625 0.1527777777777778 0.015625 0.03888888888888889
1 0.51875 0.11481481481481481 0.010416666666666666 0.02962962962962963
1 0.5260416666666666 0.09537037037037037 0.008333333333333333 0.024074074074074074
1 0.5315104166666667 0.08287037037037037 0.005729166666666666 0.017592592592592594
0 0.7973958333333333 0.21157407407407408 0.028125 0.06574074074074074
0 0.7091145833333333 0.13842592592592592 0.016145833333333335 0.041666666666666664
0 0.6684895833333333 0.1037037037037037 0.011979166666666667 0.02962962962962963
0 0.6458333333333334 0.08564814814814815 0.007291666666666667 0.023148148148148147
0 0.6296875 0.07222222222222222 0.007291666666666667 0.018518518518518517
0 0.61875 0.06666666666666667 0.00625 0.014814814814814815
0 0.6111979166666667 0.0625 0.005729166666666666 0.012037037037037037
0 0.7317708333333334 0.04398148148148148 0.007291666666666667 0.01574074074074074