1 0.3346354166666667 0.24074074074074073 0.022395833333333334 0.05740740740740741
1 0.396875 0.17592592592592593 0.016666666666666666 0.040740740740740744
1 0.42473958333333334 0.14166666666666666 0.0140625 0.03333333333333333
1 0.44166666666666665 0.11666666666666667 0.008333333333333333 0.022222222222222223
1 0.45416666666666666 0.1 0.008333333333333333 0.018518518518518517
1 0.4625 0.09074074074074075 0.00625 0.016666666666666666
0 0.6255208333333333 0.21342592592592594 0.020833333333333332 0.06388888888888888
0 0.584375 0.15555555555555556 0.014583333333333334 0.044444444444444446
0 0.565625 0.12638888888888888 0.010416666666666666 0.030555555555555555
0 0.5546875 0.10416666666666667 0.008333333333333333 0.025
0 0.546875 0.09074074074074075 0.008333333333333333 0.016666666666666666
0 0.5411458333333333 0.08055555555555556 0.00625 0.011111111111111112
1 0.46875 0.08055555555555556 0.00625 0.012962962962962963