1 0.12994791666666666 0.45787037037037037 0.0578125 0.11944444444444445
1 0.3302083333333333 0.23703703703703705 0.023958333333333335 0.05925925925925926
1 0.3971354166666667 0.17037037037037037 0.015104166666666667 0.03888888888888889
1 0.43125 0.13425925925925927 0.010416666666666666 0.027777777777777776
1 0.4505208333333333 0.11203703703703703 0.009375 0.024074074074074074
1 0.4625 0.09444444444444444 0.008333333333333333 0.018518518518518517
1 0.4708333333333333 0.08333333333333333 0.005208333333333333 0.014814814814814815
0 0.7067708333333333 0.4041666666666667 0.051041666666666666 0.12685185185185185
0 0.6135416666666667 0.20185185185185187 0.022916666666666665 0.05925925925925926
0 0.5864583333333333 0.14814814814814814 0.017708333333333333 0.03888888888888889
0 0.5703125 0.11388888888888889 0.009375 0.027777777777777776
0 0.5619791666666667 0.0962962962962963 0.010416666666666666 0.022222222222222223
0 0.5572916666666666 0.08333333333333333 0.00625 0.018518518518518517