1 0.35234375 0.25972222222222224 0.027604166666666666 0.06388888888888888
1 0.4203125 0.1736111111111111 0.014583333333333334 0.041666666666666664
1 0.45026041666666666 0.13333333333333333 0.0109375 0.02962962962962963
1 0.46770833333333334 0.10648148148148148 0.008333333333333333 0.022222222222222223
1 0.4786458333333333 0.08703703703703704 0.007291666666666667 0.018518518518518517
1 0.4864583333333333 0.07592592592592592 0.005208333333333333 0.016666666666666666
1 0.49166666666666664 0.06620370370370371 0.004166666666666667 0.013888888888888888
0 0.7010416666666667 0.23472222222222222 0.028125 0.06944444444444445
0 0.6328125 0.15416666666666667 0.015625 0.04351851851851852
0 0.60390625 0.1175925925925926 0.009895833333333333 0.03148148148148148
0 0.5875 0.09212962962962963 0.008333333333333333 0.025
0 0.5765625 0.07592592592592592 0.00625 0.020370370370370372
0 0.5700520833333333 0.06620370370370371 0.005729166666666666 0.017592592592592594
0 0.5645833333333333 0.05787037037037037 0.004166666666666667 0.013888888888888888