1 0.38046875 0.29583333333333334 0.0328125 0.07685185185185185
1 0.44921875 0.19305555555555556 0.0171875 0.04351851851851852
1 0.4791666666666667 0.1486111111111111 0.0125 0.030555555555555555
1 0.49505208333333334 0.12546296296296297 0.0078125 0.023148148148148147
1 0.5044270833333333 0.10787037037037037 0.0067708333333333336 0.019444444444444445
0 0.7729166666666667 0.2671296296296296 0.035416666666666666 0.0787037037037037
0 0.6848958333333334 0.1736111111111111 0.017708333333333333 0.04537037037037037
0 0.64296875 0.13240740740740742 0.0109375 0.03148148148148148
0 0.6223958333333334 0.11342592592592593 0.008333333333333333 0.023148148148148147
0 0.6098958333333333 0.10138888888888889 0.005208333333333333 0.017592592592592594
0 0.7885416666666667 0.07824074074074074 0.007291666666666667 0.021296296296296296
1 0.03046875 0.9412037037037037 0.0609375 0.1175925925925926