1 0.9809895833333333 0.02546296296296296 0.008854166666666666 0.028703703703703703
1 0.9731770833333333 0.27685185185185185 0.05260416666666667 0.10740740740740741
1 0.81796875 0.012037037037037037 0.008854166666666666 0.022222222222222223
1 0.6421875 0.017592592592592594 0.00625 0.020370370370370372
1 0.49270833333333336 0.028703703703703703 0.007291666666666667 0.020370370370370372
1 0.3463541666666667 0.0375 0.008333333333333333 0.021296296296296296
1 0.19453125 0.05787037037037037 0.008854166666666666 0.025
1 0.048177083333333336 0.08935185185185185 0.013020833333333334 0.028703703703703703
0 0.490625 0.18101851851851852 0.026041666666666668 0.06944444444444445
0 0.96484375 0.04953703703703704 0.013020833333333334 0.032407407407407406
0 0.85703125 0.15092592592592594 0.028645833333333332 0.06481481481481481
0 0.87890625 0.03333333333333333 0.0140625 0.02962962962962963
0 0.75546875 0.02175925925925926 0.009895833333333333 0.026851851851851852
0 0.6244791666666667 0.022685185185185187 0.008333333333333333 0.023148148148148147
0 0.5015625 0.03796296296296296 0.009375 0.024074074074074074
0 0.384375 0.047685185185185185 0.011458333333333333 0.026851851851851852
0 0.26979166666666665 0.06157407407407407 0.011458333333333333 0.028703703703703703
0 0.16927083333333334 0.08194444444444444 0.013541666666666667 0.032407407407407406
0 0.08802083333333334 0.1087962962962963 0.017708333333333333 0.03611111111111111
0 0.0609375 0.14074074074074075 0.01875 0.046296296296296294
0 0.16276041666666666 0.16666666666666666 0.024479166666666666 0.05555555555555555