1 0.575 0.35462962962962963 0.057291666666666664 0.11851851851851852
1 0.90859375 0.20324074074074075 0.027604166666666666 0.06944444444444445
1 0.93046875 0.07916666666666666 0.009895833333333333 0.028703703703703703
1 0.96953125 0.09351851851851851 0.008854166666666666 0.03148148148148148
1 0.94765625 0.06898148148148148 0.0067708333333333336 0.023148148148148147
0 0.959375 0.1300925925925926 0.016666666666666666 0.04351851851851852
0 0.8005208333333333 0.09305555555555556 0.010416666666666666 0.03425925925925926
0 0.7783854166666667 0.07314814814814814 0.0109375 0.02962962962962963
0 0.825 0.06157407407407407 0.008333333333333333 0.023148148148148147
0 0.903125 0.053703703703703705 0.005208333333333333 0.020370370370370372
1 0.99609375 0.06712962962962964 0.0078125 0.025