0 0.8104166666666667 0.5958333333333333 0.0875 0.20092592592592592
0 0.6427083333333333 0.22824074074074074 0.029166666666666667 0.06944444444444445
0 0.6059895833333333 0.1537037037037037 0.016145833333333335 0.044444444444444446
0 0.58671875 0.1162037037037037 0.009895833333333333 0.026851851851851852
0 0.5770833333333333 0.09444444444444444 0.008333333333333333 0.025925925925925925
0 0.5708333333333333 0.07777777777777778 0.00625 0.018518518518518517
0 0.5666666666666667 0.06666666666666667 0.00625 0.014814814814814815
1 0.30494791666666665 0.26435185185185184 0.0296875 0.06944444444444445
1 0.39505208333333336 0.17592592592592593 0.018229166666666668 0.046296296296296294
1 0.434375 0.13240740740740742 0.0125 0.03148148148148148
1 0.45677083333333335 0.10740740740740741 0.011458333333333333 0.022222222222222223
1 0.4708333333333333 0.08981481481481482 0.009375 0.018518518518518517
1 0.4796875 0.07592592592592592 0.007291666666666667 0.012962962962962963
1 0.4869791666666667 0.06851851851851852 0.00625 0.014814814814814815
1 0.49322916666666666 0.06296296296296296 0.004166666666666667 0.014814814814814815