1 0.05416666666666667 0.7370833333333333 0.08541666666666667 0.13916666666666666
1 0.34427083333333336 0.5325 0.023958333333333335 0.04666666666666667
1 0.3963541666666667 0.49541666666666667 0.017708333333333333 0.0325
1 0.44947916666666665 0.47 0.009375 0.02
1 0.4953125 0.4579166666666667 0.007291666666666667 0.015833333333333335
1 0.5299479166666666 0.45166666666666666 0.005729166666666666 0.015
1 0.57734375 0.44583333333333336 0.0046875 0.013333333333333334
1 0.615625 0.4425 0.005208333333333333 0.011666666666666667
1 0.6778645833333333 0.4404166666666667 0.0046875 0.010833333333333334
1 0.7541666666666667 0.4395833333333333 0.005208333333333333 0.010833333333333334
1 0.8763020833333334 0.44125 0.005729166666666666 0.014166666666666666
1 0.9630208333333333 0.4429166666666667 0.00625 0.014166666666666666
1 0.81328125 0.4395833333333333 0.0026041666666666665 0.0125
0 0.80234375 0.6291666666666667 0.0453125 0.09166666666666666
0 0.61875 0.51125 0.01875 0.0375
0 0.5942708333333333 0.4766666666666667 0.011458333333333333 0.025
0 0.60625 0.46291666666666664 0.009375 0.020833333333333332
0 0.6356770833333333 0.45125 0.0078125 0.015833333333333335
0 0.6700520833333333 0.44666666666666666 0.005729166666666666 0.013333333333333334
0 0.7268229166666667 0.44416666666666665 0.0067708333333333336 0.013333333333333334
0 0.8104166666666667 0.44458333333333333 0.007291666666666667 0.014166666666666666
0 0.909375 0.44708333333333333 0.008333333333333333 0.015833333333333335
0 0.9903645833333333 0.4508333333333333 0.0109375 0.016666666666666666
1 0.013020833333333334 0.47458333333333336 0.0125 0.019166666666666665
1 0.022916666666666665 0.4691666666666667 0.009375 0.016666666666666666
1 0.016666666666666666 0.4558333333333333 0.00625 0.011666666666666667
1 0.03984375 0.4633333333333333 0.0067708333333333336 0.015
1 0.04505208333333333 0.45875 0.0046875 0.014166666666666666
1 0.03515625 0.45666666666666667 0.005729166666666666 0.011666666666666667