0 0.04869791666666667 0.5029166666666667 0.0171875 0.029166666666666667
0 0.25625 0.48583333333333334 0.013541666666666667 0.02666666666666667
0 0.3059895833333333 0.45875 0.0067708333333333336 0.014166666666666666
0 0.3854166666666667 0.45708333333333334 0.007291666666666667 0.014166666666666666
0 0.39036458333333335 0.47875 0.011979166666666667 0.024166666666666666
1 0.47994791666666664 0.4479166666666667 0.0046875 0.0125
0 0.4817708333333333 0.45458333333333334 0.00625 0.0125
0 0.5296875 0.4866666666666667 0.013541666666666667 0.028333333333333332
1 0.365625 0.45166666666666666 0.00625 0.011666666666666667
1 0.4153645833333333 0.4504166666666667 0.0067708333333333336 0.0125
1 0.5466145833333333 0.44625 0.005729166666666666 0.0125
1 0.58359375 0.43875 0.0036458333333333334 0.009166666666666667
1 0.5973958333333333 0.4425 0.005208333333333333 0.011666666666666667
1 0.59453125 0.4454166666666667 0.0046875 0.010833333333333334
0 0.5908854166666667 0.45208333333333334 0.0067708333333333336 0.014166666666666666
1 0.6158854166666666 0.435 0.0036458333333333334 0.008333333333333333
0 0.6481770833333333 0.4370833333333333 0.005729166666666666 0.010833333333333334
0 0.6627604166666666 0.43916666666666665 0.005729166666666666 0.01
0 0.6729166666666667 0.43416666666666665 0.004166666666666667 0.008333333333333333
0 0.6640625 0.44875 0.007291666666666667 0.015833333333333335
1 0.6861979166666666 0.4325 0.0036458333333333334 0.008333333333333333
0 0.6854166666666667 0.44208333333333333 0.007291666666666667 0.0125
0 0.6955729166666667 0.4454166666666667 0.005729166666666666 0.0125
0 0.7140625 0.43375 0.005208333333333333 0.009166666666666667
1 0.7408854166666666 0.4325 0.0036458333333333334 0.008333333333333333
0 0.7575520833333333 0.43416666666666665 0.0046875 0.008333333333333333
1 0.7846354166666667 0.4320833333333333 0.0036458333333333334 0.0075
0 0.26276041666666666 0.4579166666666667 0.0046875 0.010833333333333334
0 0.6106770833333334 0.5091666666666667 0.018229166666666668 0.03833333333333333
0 0.7356770833333334 0.5725 0.0421875 0.06666666666666667
0 0.95625 0.7983333333333333 0.08645833333333333 0.185
0 0.8122395833333333 0.43416666666666665 0.0046875 0.008333333333333333
0 0.8565104166666667 0.43333333333333335 0.0046875 0.01
0 0.8729166666666667 0.43125 0.004166666666666667 0.009166666666666667
0 0.88828125 0.4295833333333333 0.0046875 0.009166666666666667
0 0.9015625 0.42833333333333334 0.004166666666666667 0.008333333333333333
0 0.9408854166666667 0.4275 0.0046875 0.008333333333333333
1 0.9690104166666667 0.42583333333333334 0.0036458333333333334 0.006666666666666667
1 0.909375 0.4266666666666667 0.004166666666666667 0.008333333333333333
1 0.8674479166666667 0.4270833333333333 0.0036458333333333334 0.0075
1 0.8388020833333333 0.42875 0.0036458333333333334 0.0075
1 0.821875 0.4295833333333333 0.003125 0.0075
1 0.3385416666666667 0.44625 0.003125 0.0075
1 0.34270833333333334 0.44916666666666666 0.003125 0.01
1 0.3463541666666667 0.45125 0.004166666666666667 0.010833333333333334
1 0.12526041666666668 0.5225 0.021354166666666667 0.03833333333333333
1 0.26276041666666666 0.5233333333333333 0.022395833333333334 0.04
1 0.2796875 0.5595833333333333 0.03229166666666667 0.0575
1 0.1328125 0.66375 0.065625 0.1025
0 0.28359375 0.4508333333333333 0.0046875 0.008333333333333333
0 0.27760416666666665 0.4525 0.005208333333333333 0.01
0 0.9966145833333333 0.4275 0.0046875 0.008333333333333333
1 0.3296875 0.44583333333333336 0.004166666666666667 0.008333333333333333
1 0.30078125 0.44583333333333336 0.0036458333333333334 0.008333333333333333
1 0.27057291666666666 0.44666666666666666 0.0036458333333333334 0.008333333333333333
1 0.23984375 0.4479166666666667 0.0036458333333333334 0.0075
1 0.19348958333333333 0.4504166666666667 0.0036458333333333334 0.0075
1 0.027604166666666666 0.46375 0.005208333333333333 0.009166666666666667
0 0.017708333333333333 0.46625 0.007291666666666667 0.0125
0 0.08854166666666667 0.46041666666666664 0.00625 0.010833333333333334
0 0.1390625 0.4558333333333333 0.005208333333333333 0.01
0 0.18489583333333334 0.45208333333333334 0.005208333333333333 0.009166666666666667
0 0.22916666666666666 0.44958333333333333 0.004166666666666667 0.009166666666666667
0 0.25859375 0.44916666666666666 0.0046875 0.01
1 0.8075520833333333 0.43125 0.0046875 0.009166666666666667
0 0.26458333333333334 0.455 0.005208333333333333 0.011666666666666667