0 0.3802083333333333 0.4558333333333333 0.08541666666666667 0.16333333333333333
0 0.07213541666666666 0.16875 0.0171875 0.034166666666666665
0 0.1265625 0.15291666666666667 0.014583333333333334 0.030833333333333334
0 0.08958333333333333 0.14708333333333334 0.015625 0.025833333333333333
0 0.02265625 0.14375 0.013020833333333334 0.0225
0 0.19166666666666668 0.11875 0.009375 0.0175
0 0.28046875 0.1125 0.0078125 0.015
0 0.615625 0.08416666666666667 0.005208333333333333 0.013333333333333334
0 0.6096354166666667 0.0825 0.0046875 0.013333333333333334
0 0.5875 0.08083333333333333 0.005208333333333333 0.011666666666666667
0 0.33880208333333334 0.10541666666666667 0.0067708333333333336 0.015833333333333335
0 0.35390625 0.10125 0.0067708333333333336 0.014166666666666666
0 0.36640625 0.09833333333333333 0.005729166666666666 0.013333333333333334
0 0.37734375 0.09541666666666666 0.0046875 0.0125
0 0.4197916666666667 0.09083333333333334 0.005208333333333333 0.011666666666666667
1 0.22916666666666666 0.11125 0.00625 0.015833333333333335
1 0.26276041666666666 0.10875 0.005729166666666666 0.014166666666666666
1 0.29661458333333335 0.10125 0.0046875 0.0125
1 0.44479166666666664 0.08708333333333333 0.004166666666666667 0.009166666666666667
1 0.6994791666666667 0.07666666666666666 0.00625 0.013333333333333334
1 0.8916666666666667 0.07041666666666667 0.005208333333333333 0.014166666666666666
0 0.8924479166666667 0.07375 0.008854166666666666 0.020833333333333332
1 0.76953125 0.07583333333333334 0.0046875 0.011666666666666667
1 0.7192708333333333 0.07791666666666666 0.004166666666666667 0.014166666666666666
0 0.72265625 0.08291666666666667 0.008854166666666666 0.0175
1 0.6369791666666667 0.07666666666666666 0.005208333333333333 0.01
0 0.6481770833333333 0.08583333333333333 0.005729166666666666 0.015
1 0.5721354166666667 0.07916666666666666 0.0036458333333333334 0.01
0 0.53359375 0.08291666666666667 0.0046875 0.0125
1 0.509375 0.08208333333333333 0.004166666666666667 0.010833333333333334
0 0.47760416666666666 0.08708333333333333 0.005208333333333333 0.0125
1 0.3802083333333333 0.09166666666666666 0.003125 0.01
1 0.33098958333333334 0.09666666666666666 0.0036458333333333334 0.01
1 0.2760416666666667 0.10458333333333333 0.004166666666666667 0.0125
1 0.15286458333333333 0.11833333333333333 0.0078125 0.016666666666666666
0 0.1078125 0.12458333333333334 0.008333333333333333 0.019166666666666665
0 0.019010416666666665 0.13 0.0078125 0.018333333333333333
1 0.04244791666666667 0.12666666666666668 0.009895833333333333 0.016666666666666666