1 0.2921875 0.35041666666666665 0.03125 0.0675
0 0.4395833333333333 0.2758333333333333 0.017708333333333333 0.04
0 0.5950520833333334 0.26458333333333334 0.0171875 0.0375
1 0.5505208333333333 0.3233333333333333 0.03229166666666667 0.06
1 0.7765625 0.30625 0.03125 0.05416666666666667
0 0.73359375 0.25083333333333335 0.0171875 0.035
1 0.8734375 0.4529166666666667 0.07395833333333333 0.1175
1 0.9346354166666667 0.42833333333333334 0.0734375 0.10833333333333334
0 0.8411458333333334 0.24125 0.016666666666666666 0.030833333333333334
0 0.8484375 0.23125 0.007291666666666667 0.0275
0 0.83046875 0.22166666666666668 0.0109375 0.021666666666666667
0 0.8268229166666666 0.20666666666666667 0.005729166666666666 0.015
0 0.8369791666666667 0.21291666666666667 0.008333333333333333 0.019166666666666665
0 0.8450520833333334 0.20208333333333334 0.0067708333333333336 0.015833333333333335
0 0.90390625 0.19875 0.008854166666666666 0.014166666666666666
0 0.9934895833333334 0.19541666666666666 0.0078125 0.015833333333333335
1 0.9559895833333333 0.20666666666666667 0.0109375 0.018333333333333333
1 0.9671875 0.20166666666666666 0.009375 0.016666666666666666
1 0.9736979166666667 0.21291666666666667 0.011979166666666667 0.020833333333333332