0 0.5703125 0.7291666666666666 0.13333333333333333 0.2833333333333333
0 0.7828125 0.09041666666666667 0.009375 0.019166666666666665
0 0.6559895833333333 0.09416666666666666 0.0078125 0.018333333333333333
1 0.6471354166666666 0.09 0.0067708333333333336 0.015
1 0.52109375 0.095 0.005729166666666666 0.013333333333333334
0 0.5104166666666666 0.09916666666666667 0.008333333333333333 0.016666666666666666
1 0.42291666666666666 0.1 0.00625 0.013333333333333334
1 0.38333333333333336 0.10083333333333333 0.005208333333333333 0.011666666666666667
0 0.3731770833333333 0.10708333333333334 0.0067708333333333336 0.015833333333333335
1 0.3684895833333333 0.09916666666666667 0.0046875 0.011666666666666667
1 0.3515625 0.09875 0.004166666666666667 0.010833333333333334
0 0.30911458333333336 0.10916666666666666 0.005729166666666666 0.015
1 0.91640625 0.0775 0.009895833333333333 0.018333333333333333
0 0.8908854166666667 0.08458333333333333 0.0109375 0.020833333333333332
1 0.3182291666666667 0.09916666666666667 0.005208333333333333 0.011666666666666667
0 0.28177083333333336 0.1075 0.007291666666666667 0.016666666666666666
0 0.26614583333333336 0.10416666666666667 0.004166666666666667 0.013333333333333334
1 0.2557291666666667 0.1025 0.004166666666666667 0.01
0 0.21302083333333333 0.1075 0.00625 0.013333333333333334
1 0.19244791666666666 0.10708333333333334 0.005729166666666666 0.010833333333333334
0 0.15416666666666667 0.11125 0.007291666666666667 0.014166666666666666
1 0.12161458333333333 0.11041666666666666 0.0078125 0.0125
0 0.08932291666666667 0.11458333333333333 0.0078125 0.014166666666666666
1 0.0453125 0.115 0.009375 0.011666666666666667
0 0.03619791666666667 0.11875 0.0109375 0.015833333333333335
0 0.01796875 0.12125 0.011979166666666667 0.0175