0 0.5390625 0.25958333333333333 0.015625 0.0375
1 0.5588541666666667 0.295 0.023958333333333335 0.04666666666666667
1 0.66328125 0.47833333333333333 0.06822916666666666 0.12333333333333334
1 0.7421875 0.285 0.025 0.045
0 0.7130208333333333 0.2475 0.016666666666666666 0.03166666666666667
0 0.8177083333333334 0.24 0.015625 0.03166666666666667
1 0.8880208333333334 0.26875 0.022916666666666665 0.0425
0 0.9890625 0.22083333333333333 0.014583333333333334 0.025
0 0.97578125 0.21416666666666667 0.011979166666666667 0.023333333333333334
0 0.9716145833333333 0.19 0.0078125 0.013333333333333334
0 0.9408854166666667 0.20791666666666667 0.009895833333333333 0.019166666666666665
0 0.9330729166666667 0.20166666666666666 0.009895833333333333 0.018333333333333333
0 0.9114583333333334 0.22916666666666666 0.015625 0.028333333333333332
0 0.92109375 0.19375 0.0078125 0.014166666666666666
0 0.9119791666666667 0.1975 0.007291666666666667 0.015