0 0.5036458333333333 0.6858333333333333 0.12708333333333333 0.25666666666666665
0 0.9192708333333334 0.09875 0.010416666666666666 0.024166666666666666
0 0.8229166666666666 0.1 0.008333333333333333 0.02
0 0.7434895833333334 0.1 0.008854166666666666 0.018333333333333333
0 0.6270833333333333 0.10083333333333333 0.007291666666666667 0.016666666666666666
0 0.5875 0.10166666666666667 0.00625 0.013333333333333334
0 0.5424479166666667 0.10166666666666667 0.005729166666666666 0.011666666666666667
1 0.9684895833333333 0.0875 0.008854166666666666 0.02
1 0.8598958333333333 0.0925 0.00625 0.015
1 0.78515625 0.09375 0.005729166666666666 0.014166666666666666
1 0.7049479166666667 0.09458333333333334 0.005729166666666666 0.014166666666666666
1 0.6466145833333333 0.09541666666666666 0.0067708333333333336 0.0125
1 0.590625 0.09541666666666666 0.004166666666666667 0.0125
1 0.5390625 0.09625 0.004166666666666667 0.010833333333333334
1 0.51328125 0.09291666666666666 0.0036458333333333334 0.0075
1 0.50859375 0.09291666666666666 0.0036458333333333334 0.010833333333333334
1 0.5041666666666667 0.09708333333333333 0.004166666666666667 0.009166666666666667
1 0.49895833333333334 0.09583333333333334 0.004166666666666667 0.008333333333333333
0 0.4921875 0.10041666666666667 0.00625 0.0125
1 0.4783854166666667 0.09208333333333334 0.0026041666666666665 0.0075
0 0.4591145833333333 0.095 0.0046875 0.01
0 0.44869791666666664 0.09708333333333333 0.0036458333333333334 0.010833333333333334
0 0.44609375 0.10208333333333333 0.0046875 0.010833333333333334
1 0.4421875 0.09416666666666666 0.003125 0.008333333333333333
0 0.4359375 0.09583333333333334 0.003125 0.01
0 0.43307291666666664 0.09958333333333333 0.0046875 0.010833333333333334
0 0.42552083333333335 0.10166666666666667 0.004166666666666667 0.01
0 0.4036458333333333 0.09791666666666667 0.003125 0.009166666666666667
1 0.4 0.09708333333333333 0.003125 0.0075
1 0.3536458333333333 0.10041666666666667 0.003125 0.0075
1 0.3104166666666667 0.10375 0.003125 0.0075
1 0.22265625 0.11333333333333333 0.0036458333333333334 0.008333333333333333
1 0.15182291666666667 0.11916666666666667 0.0026041666666666665 0.008333333333333333
1 0.08854166666666667 0.12208333333333334 0.005208333333333333 0.009166666666666667
1 0.03619791666666667 0.12541666666666668 0.005729166666666666 0.009166666666666667
0 0.053385416666666664 0.12375 0.005729166666666666 0.009166666666666667
0 0.10494791666666667 0.12083333333333333 0.0067708333333333336 0.011666666666666667
0 0.14921875 0.11833333333333333 0.0046875 0.011666666666666667
0 0.24869791666666666 0.11166666666666666 0.0046875 0.011666666666666667
0 0.27630208333333334 0.10875 0.0036458333333333334 0.010833333333333334
0 0.30390625 0.10583333333333333 0.0036458333333333334 0.01
0 0.32526041666666666 0.10375 0.0026041666666666665 0.009166666666666667
0 0.3653645833333333 0.1 0.0026041666666666665 0.008333333333333333