0 0.8067708333333333 0.48041666666666666 0.08645833333333333 0.19583333333333333
0 0.023958333333333335 0.4633333333333333 0.04791666666666667 0.10833333333333334
1 0.9682291666666667 0.034166666666666665 0.00625 0.016666666666666666
1 0.8494791666666667 0.044583333333333336 0.007291666666666667 0.0175
1 0.71875 0.05333333333333334 0.00625 0.018333333333333333
1 0.6223958333333334 0.06041666666666667 0.00625 0.014166666666666666
1 0.52421875 0.06625 0.0067708333333333336 0.014166666666666666
1 0.4359375 0.07125 0.00625 0.0125
1 0.3692708333333333 0.07583333333333334 0.00625 0.011666666666666667
1 0.34921875 0.07666666666666666 0.0067708333333333336 0.011666666666666667
1 0.34348958333333335 0.07583333333333334 0.0046875 0.008333333333333333
0 0.2640625 0.08583333333333333 0.005208333333333333 0.01
0 0.27109375 0.0875 0.0067708333333333336 0.011666666666666667
0 0.27317708333333335 0.08208333333333333 0.0046875 0.010833333333333334
0 0.31197916666666664 0.08458333333333333 0.00625 0.014166666666666666
0 0.4015625 0.0775 0.00625 0.015
0 0.49895833333333334 0.07125 0.00625 0.015833333333333335
0 0.5854166666666667 0.0675 0.007291666666666667 0.013333333333333334
0 0.6583333333333333 0.06458333333333334 0.007291666666666667 0.014166666666666666
0 0.753125 0.0575 0.009375 0.02
0 0.86796875 0.04958333333333333 0.009895833333333333 0.020833333333333332
1 0.325 0.07458333333333333 0.004166666666666667 0.009166666666666667
1 0.2791666666666667 0.07666666666666666 0.004166666666666667 0.01
0 0.23541666666666666 0.08333333333333333 0.005208333333333333 0.011666666666666667
1 0.23098958333333333 0.08208333333333333 0.0036458333333333334 0.009166666666666667
0 0.1890625 0.08708333333333333 0.00625 0.0125