0 0.6611979166666667 0.70625 0.11822916666666666 0.2708333333333333
0 0.98828125 0.09375 0.0171875 0.025833333333333333
0 0.85859375 0.1 0.009895833333333333 0.02
0 0.7494791666666667 0.1 0.010416666666666666 0.02
0 0.5869791666666667 0.1025 0.008333333333333333 0.016666666666666666
0 0.5302083333333333 0.10458333333333333 0.008333333333333333 0.014166666666666666
1 0.7614583333333333 0.09458333333333334 0.008333333333333333 0.015833333333333335
1 0.65703125 0.09708333333333333 0.0067708333333333336 0.014166666666666666
1 0.5802083333333333 0.09833333333333333 0.007291666666666667 0.013333333333333334
1 0.503125 0.09875 0.00625 0.0125
0 0.46432291666666664 0.10333333333333333 0.0067708333333333336 0.015
0 0.39088541666666665 0.10375 0.0067708333333333336 0.014166666666666666
0 0.32265625 0.10625 0.005729166666666666 0.014166666666666666
0 0.29244791666666664 0.10625 0.005729166666666666 0.014166666666666666
0 0.3059895833333333 0.1025 0.0046875 0.013333333333333334
0 0.31145833333333334 0.10041666666666667 0.005208333333333333 0.010833333333333334
1 0.43359375 0.09916666666666667 0.005729166666666666 0.013333333333333334
1 0.38255208333333335 0.10041666666666667 0.0046875 0.0125
1 0.37395833333333334 0.0975 0.004166666666666667 0.011666666666666667
1 0.3692708333333333 0.10041666666666667 0.004166666666666667 0.010833333333333334
1 0.36354166666666665 0.09583333333333334 0.004166666666666667 0.01
1 0.8544270833333333 0.09333333333333334 0.0078125 0.015
1 0.23177083333333334 0.10375 0.003125 0.0075
1 0.28229166666666666 0.1 0.0020833333333333333 0.006666666666666667
1 0.17760416666666667 0.10583333333333333 0.004166666666666667 0.008333333333333333
1 0.08776041666666666 0.1125 0.0046875 0.01
1 0.0265625 0.11708333333333333 0.005208333333333333 0.009166666666666667
0 0.007291666666666667 0.11958333333333333 0.007291666666666667 0.0125
0 0.09921875 0.11541666666666667 0.0046875 0.010833333333333334
0 0.12838541666666667 0.11166666666666666 0.0046875 0.01
0 0.19609375 0.10666666666666667 0.0036458333333333334 0.01
0 0.24166666666666667 0.10458333333333333 0.004166666666666667 0.009166666666666667
0 0.28072916666666664 0.10125 0.004166666666666667 0.009166666666666667
1 0.32473958333333336 0.0975 0.0036458333333333334 0.008333333333333333