0 0.6770833333333334 0.5383333333333333 0.08645833333333333 0.195
0 0.9359375 0.17541666666666667 0.03125 0.05583333333333333
0 0.6591145833333333 0.16375 0.0203125 0.0425
1 0.9328125 0.13 0.013541666666666667 0.03833333333333333
1 0.8557291666666667 0.12625 0.015625 0.030833333333333334
1 0.8419270833333333 0.115 0.013020833333333334 0.028333333333333332
1 0.8174479166666667 0.09583333333333334 0.009895833333333333 0.02
1 0.7903645833333334 0.0925 0.0078125 0.02
1 0.7739583333333333 0.08958333333333333 0.007291666666666667 0.019166666666666665
1 0.7578125 0.08833333333333333 0.007291666666666667 0.016666666666666666
1 0.7330729166666666 0.085 0.005729166666666666 0.013333333333333334
0 0.65625 0.10208333333333333 0.00625 0.015833333333333335
1 0.7114583333333333 0.08291666666666667 0.005208333333333333 0.014166666666666666
0 0.6354166666666666 0.10041666666666667 0.00625 0.014166666666666666
0 0.65546875 0.12083333333333333 0.0109375 0.02666666666666667
0 0.6791666666666667 0.11291666666666667 0.009375 0.0225
0 0.6830729166666667 0.10541666666666667 0.0046875 0.019166666666666665
0 0.6166666666666667 0.1475 0.016666666666666666 0.035
0 0.6244791666666667 0.13083333333333333 0.007291666666666667 0.028333333333333332