0 0.70859375 0.62625 0.04635416666666667 0.0875
0 0.60078125 0.51625 0.018229166666666668 0.03916666666666667
0 0.5736979166666667 0.48875 0.013020833333333334 0.029166666666666667
0 0.5583333333333333 0.4725 0.009375 0.021666666666666667
0 0.5471354166666667 0.46166666666666667 0.0078125 0.016666666666666666
0 0.5395833333333333 0.45375 0.008333333333333333 0.015833333333333335
0 0.5359375 0.44875 0.007291666666666667 0.014166666666666666
1 0.32916666666666666 0.5420833333333334 0.026041666666666668 0.04416666666666667
1 0.39505208333333336 0.49541666666666667 0.015104166666666667 0.029166666666666667
1 0.4283854166666667 0.4725 0.009895833333333333 0.02
1 0.4432291666666667 0.4625 0.008333333333333333 0.016666666666666666
1 0.45416666666666666 0.45458333333333334 0.00625 0.014166666666666666
1 0.46875 0.44666666666666666 0.005208333333333333 0.011666666666666667
1 0.4752604166666667 0.44458333333333333 0.0046875 0.010833333333333334
1 0.48828125 0.44125 0.005729166666666666 0.009166666666666667
1 0.5088541666666667 0.43833333333333335 0.003125 0.008333333333333333
1 0.5286458333333334 0.43583333333333335 0.003125 0.008333333333333333
1 0.55859375 0.43375 0.0026041666666666665 0.0075
1 0.6364583333333333 0.43041666666666667 0.0020833333333333333 0.0075
1 0.7177083333333333 0.42791666666666667 0.003125 0.0075
1 0.7669270833333334 0.4266666666666667 0.0036458333333333334 0.008333333333333333
1 0.8114583333333333 0.42541666666666667 0.004166666666666667 0.009166666666666667
1 0.8682291666666667 0.42541666666666667 0.004166666666666667 0.009166666666666667
1 0.921875 0.4241666666666667 0.004166666666666667 0.01
1 0.9890625 0.42375 0.00625 0.010833333333333334
0 0.9380208333333333 0.4275 0.00625 0.011666666666666667
0 0.8888020833333333 0.42833333333333334 0.005729166666666666 0.01
0 0.8346354166666666 0.42833333333333334 0.0046875 0.01
0 0.77890625 0.42916666666666664 0.0046875 0.008333333333333333
0 0.74453125 0.42875 0.0046875 0.009166666666666667
0 0.7088541666666667 0.43 0.003125 0.008333333333333333
0 0.6729166666666667 0.43041666666666667 0.004166666666666667 0.009166666666666667
0 0.596875 0.43333333333333335 0.003125 0.008333333333333333
0 0.5703125 0.4354166666666667 0.003125 0.009166666666666667
0 0.5442708333333334 0.43916666666666665 0.003125 0.01
0 0.5403645833333334 0.44125 0.0036458333333333334 0.010833333333333334
0 0.5552083333333333 0.4370833333333333 0.004166666666666667 0.009166666666666667
0 0.63828125 0.43125 0.0026041666666666665 0.0075