0 0.18671875 0.55875 0.0859375 0.1925
0 0.11041666666666666 0.31666666666666665 0.05520833333333333 0.08666666666666667
0 0.14244791666666667 0.24958333333333332 0.0359375 0.0625
0 0.24765625 0.205 0.024479166666666666 0.04666666666666667
0 0.37057291666666664 0.17375 0.0203125 0.0375
1 0.18723958333333332 0.17583333333333334 0.0171875 0.03333333333333333
1 0.32109375 0.15333333333333332 0.011979166666666667 0.028333333333333332
1 0.45234375 0.13541666666666666 0.009895833333333333 0.024166666666666666
1 0.54453125 0.12416666666666666 0.008854166666666666 0.02
1 0.6130208333333333 0.11458333333333333 0.010416666666666666 0.020833333333333332
1 0.6942708333333333 0.10666666666666667 0.009375 0.018333333333333333
1 0.74765625 0.10083333333333333 0.009895833333333333 0.018333333333333333
1 0.83359375 0.09166666666666666 0.008854166666666666 0.015
0 0.859375 0.10333333333333333 0.011458333333333333 0.021666666666666667
0 0.9010416666666666 0.09458333333333334 0.011458333333333333 0.020833333333333332
0 0.9442708333333333 0.08666666666666667 0.011458333333333333 0.018333333333333333
1 0.22161458333333334 0.13541666666666666 0.0046875 0.010833333333333334
1 0.23072916666666668 0.13333333333333333 0.004166666666666667 0.01
1 0.2513020833333333 0.13208333333333333 0.0036458333333333334 0.009166666666666667
1 0.2578125 0.13333333333333333 0.004166666666666667 0.01
1 0.2786458333333333 0.12958333333333333 0.003125 0.009166666666666667
0 0.2981770833333333 0.1275 0.0036458333333333334 0.01
1 0.31276041666666665 0.12791666666666668 0.005729166666666666 0.014166666666666666
0 0.32317708333333334 0.12583333333333332 0.0036458333333333334 0.011666666666666667
0 0.35885416666666664 0.12291666666666666 0.005208333333333333 0.010833333333333334
0 0.38697916666666665 0.12 0.0020833333333333333 0.01
1 0.3848958333333333 0.12291666666666666 0.00625 0.0125
0 0.4005208333333333 0.12083333333333333 0.005208333333333333 0.015
0 0.46328125 0.15375 0.016145833333333335 0.034166666666666665
1 0.45416666666666666 0.11708333333333333 0.005208333333333333 0.0125
1 0.47369791666666666 0.11208333333333333 0.0036458333333333334 0.009166666666666667
0 0.49322916666666666 0.11333333333333333 0.005208333333333333 0.011666666666666667
0 0.4903645833333333 0.11166666666666666 0.0036458333333333334 0.011666666666666667
1 0.5416666666666666 0.11 0.005208333333333333 0.013333333333333334
1 0.5528645833333333 0.10541666666666667 0.0036458333333333334 0.009166666666666667
0 0.5619791666666667 0.10583333333333333 0.003125 0.01
0 0.5755208333333334 0.10583333333333333 0.00625 0.013333333333333334
0 0.5911458333333334 0.13291666666666666 0.0125 0.029166666666666667
1 0.6161458333333333 0.1 0.004166666666666667 0.008333333333333333
1 0.6471354166666666 0.10208333333333333 0.0046875 0.0125
0 0.653125 0.09875 0.003125 0.009166666666666667
1 0.68125 0.09583333333333334 0.004166666666666667 0.008333333333333333
0 0.6791666666666667 0.12291666666666666 0.010416666666666666 0.0225
0 0.734375 0.11333333333333333 0.011458333333333333 0.02666666666666667
1 0.7127604166666667 0.09708333333333333 0.005729166666666666 0.0125
1 0.7328125 0.0925 0.003125 0.008333333333333333
0 0.73671875 0.0925 0.0036458333333333334 0.011666666666666667
0 0.7565104166666666 0.09041666666666667 0.0046875 0.0125
1 0.78828125 0.08708333333333333 0.0036458333333333334 0.009166666666666667
1 0.7986979166666667 0.09083333333333334 0.0036458333333333334 0.011666666666666667
1 0.7947916666666667 0.09666666666666666 0.008333333333333333 0.016666666666666666
1 0.8450520833333334 0.08208333333333333 0.0036458333333333334 0.0075
0 0.8205729166666667 0.08541666666666667 0.0036458333333333334 0.010833333333333334
0 0.8166666666666667 0.08458333333333333 0.003125 0.010833333333333334
0 0.87734375 0.07916666666666666 0.0036458333333333334 0.01
1 0.8815104166666666 0.08291666666666667 0.005729166666666666 0.0125
1 0.89375 0.0825 0.008333333333333333 0.02
1 0.9380208333333333 0.07583333333333334 0.005208333333333333 0.011666666666666667
1 0.9481770833333333 0.0775 0.005729166666666666 0.013333333333333334
0 0.971875 0.07125 0.00625 0.0125
1 0.9947916666666666 0.07041666666666667 0.009375 0.019166666666666665