1 0.20208333333333334 0.46375 0.00625 0.015833333333333335
0 0.21119791666666668 0.46125 0.005729166666666666 0.015833333333333335
0 0.18151041666666667 0.46291666666666664 0.005729166666666666 0.0125
1 0.13463541666666667 0.46708333333333335 0.0067708333333333336 0.0125
1 0.7294270833333333 0.45208333333333334 0.0046875 0.010833333333333334
1 0.7096354166666666 0.4558333333333333 0.005729166666666666 0.013333333333333334
1 0.7002604166666667 0.45958333333333334 0.005729166666666666 0.014166666666666666
1 0.6830729166666667 0.46375 0.0067708333333333336 0.015833333333333335
1 0.6619791666666667 0.4691666666666667 0.008333333333333333 0.018333333333333333
1 0.6028645833333334 0.47583333333333333 0.008854166666666666 0.02
1 0.5755208333333334 0.49041666666666667 0.010416666666666666 0.025833333333333333
1 0.5127604166666667 0.5141666666666667 0.015104166666666667 0.03666666666666667
1 0.353125 0.5920833333333333 0.036458333333333336 0.06916666666666667
0 0.8296875 0.45458333333333334 0.00625 0.014166666666666666
0 0.8140625 0.45958333333333334 0.00625 0.015833333333333335
0 0.8236979166666667 0.465 0.0078125 0.018333333333333333
0 0.8403645833333333 0.47375 0.009895833333333333 0.020833333333333332
0 0.78359375 0.4845833333333333 0.011979166666666667 0.024166666666666666
0 0.79296875 0.49875 0.013020833333333334 0.030833333333333334
0 0.8106770833333333 0.5316666666666666 0.021354166666666667 0.045
0 0.94375 0.6670833333333334 0.075 0.10416666666666667
1 0.08984375 0.4666666666666667 0.005729166666666666 0.011666666666666667
1 0.10130208333333333 0.46458333333333335 0.005729166666666666 0.010833333333333334
1 0.12552083333333333 0.4625 0.005208333333333333 0.008333333333333333
1 0.15598958333333332 0.46125 0.0046875 0.009166666666666667
1 0.28619791666666666 0.46416666666666667 0.0067708333333333336 0.013333333333333334
1 0.35833333333333334 0.46291666666666664 0.005208333333333333 0.010833333333333334
1 0.44166666666666665 0.45875 0.005208333333333333 0.010833333333333334
1 0.5268229166666667 0.45458333333333334 0.0046875 0.010833333333333334
1 0.5744791666666667 0.4525 0.004166666666666667 0.01
1 0.6302083333333334 0.45 0.004166666666666667 0.01
1 0.6776041666666667 0.44875 0.004166666666666667 0.0075
1 0.75234375 0.4508333333333333 0.0046875 0.01
1 0.7734375 0.45 0.005208333333333333 0.01
1 0.7854166666666667 0.4479166666666667 0.004166666666666667 0.009166666666666667
1 0.77890625 0.44583333333333336 0.0046875 0.008333333333333333
1 0.74609375 0.44666666666666666 0.0036458333333333334 0.008333333333333333
0 0.28046875 0.4625 0.005729166666666666 0.011666666666666667
0 0.240625 0.4583333333333333 0.005208333333333333 0.01
0 0.19557291666666668 0.4608333333333333 0.0046875 0.01
0 0.384375 0.45875 0.005208333333333333 0.0125
0 0.44583333333333336 0.4579166666666667 0.005208333333333333 0.010833333333333334
0 0.5169270833333334 0.4533333333333333 0.005729166666666666 0.01
0 0.6255208333333333 0.44875 0.005208333333333333 0.010833333333333334
0 0.7125 0.44458333333333333 0.004166666666666667 0.009166666666666667
0 0.76796875 0.44458333333333333 0.0046875 0.009166666666666667
0 0.8510416666666667 0.45208333333333334 0.00625 0.0125
0 0.87109375 0.4504166666666667 0.005729166666666666 0.0125
0 0.8625 0.44583333333333336 0.005208333333333333 0.011666666666666667
0 0.8744791666666667 0.4475 0.005208333333333333 0.01
0 0.3575520833333333 0.4529166666666667 0.0036458333333333334 0.0075
1 0.33880208333333334 0.4529166666666667 0.0026041666666666665 0.0075
1 0.2638020833333333 0.4558333333333333 0.0036458333333333334 0.008333333333333333
1 0.4002604166666667 0.45 0.0026041666666666665 0.006666666666666667
0 0.42161458333333335 0.45 0.0026041666666666665 0.008333333333333333
0 0.46848958333333335 0.4479166666666667 0.0026041666666666665 0.0075
1 0.44505208333333335 0.4483333333333333 0.0026041666666666665 0.006666666666666667
0 0.9408854166666667 0.44208333333333333 0.0046875 0.009166666666666667
1 0.9276041666666667 0.4404166666666667 0.003125 0.0075
1 0.9661458333333334 0.4404166666666667 0.004166666666666667 0.0075
1 0.9776041666666667 0.4404166666666667 0.004166666666666667 0.0075
1 0.8403645833333333 0.4404166666666667 0.0036458333333333334 0.0075
1 0.8109375 0.44083333333333335 0.003125 0.006666666666666667
0 0.815625 0.44375 0.004166666666666667 0.009166666666666667
0 0.8197916666666667 0.44125 0.003125 0.0075
0 0.66015625 0.44666666666666666 0.0036458333333333334 0.008333333333333333
0 0.6104166666666667 0.4429166666666667 0.003125 0.005833333333333334
0 0.5776041666666667 0.44416666666666665 0.003125 0.006666666666666667
1 0.5869791666666667 0.44333333333333336 0.0020833333333333333 0.005
1 0.48932291666666666 0.44625 0.0026041666666666665 0.005833333333333334
0 0.5424479166666667 0.44583333333333336 0.0026041666666666665 0.006666666666666667
0 0.7549479166666667 0.44125 0.0026041666666666665 0.0075
1 0.9846354166666667 0.43875 0.0036458333333333334 0.0075