0 0.16666666666666666 0.3958333333333333 0.075 0.12833333333333333
0 0.7692708333333333 0.06166666666666667 0.008333333333333333 0.018333333333333333
1 0.7640625 0.05625 0.005208333333333333 0.015833333333333335
0 0.5838541666666667 0.07208333333333333 0.007291666666666667 0.015833333333333335
1 0.5606770833333333 0.06791666666666667 0.005729166666666666 0.014166666666666666
0 0.51796875 0.07541666666666667 0.0067708333333333336 0.015833333333333335
1 0.4713541666666667 0.0725 0.00625 0.013333333333333334
0 0.4401041666666667 0.07833333333333334 0.00625 0.015
1 0.390625 0.07708333333333334 0.00625 0.0125
0 0.35208333333333336 0.08291666666666667 0.00625 0.014166666666666666
0 0.8916666666666667 0.05333333333333334 0.0125 0.025
1 0.8666666666666667 0.04875 0.008333333333333333 0.019166666666666665
1 0.3294270833333333 0.08083333333333333 0.0046875 0.011666666666666667
1 0.31015625 0.07833333333333334 0.0036458333333333334 0.008333333333333333
1 0.3138020833333333 0.07958333333333334 0.0046875 0.009166666666666667
1 0.3125 0.08166666666666667 0.004166666666666667 0.008333333333333333
1 0.2950520833333333 0.07833333333333334 0.0036458333333333334 0.008333333333333333
0 0.2708333333333333 0.08916666666666667 0.00625 0.013333333333333334
1 0.2518229166666667 0.08166666666666667 0.0046875 0.01
0 0.24192708333333332 0.08458333333333333 0.0046875 0.010833333333333334
0 0.240625 0.08708333333333333 0.005208333333333333 0.010833333333333334
0 0.23385416666666667 0.09125 0.005208333333333333 0.0125
0 0.22890625 0.08833333333333333 0.0036458333333333334 0.011666666666666667
0 0.20651041666666667 0.08625 0.005729166666666666 0.010833333333333334
0 0.16223958333333333 0.09041666666666667 0.005729166666666666 0.010833333333333334
1 0.14817708333333332 0.09041666666666667 0.0036458333333333334 0.005833333333333334
1 0.08671875 0.09541666666666666 0.0036458333333333334 0.0075
0 0.037760416666666664 0.10083333333333333 0.0067708333333333336 0.011666666666666667
0 0.00625 0.10375 0.008333333333333333 0.014166666666666666