1 0.5627604166666667 0.7820833333333334 0.10989583333333333 0.2275
1 0.6208333333333333 0.47708333333333336 0.0375 0.08583333333333333
1 0.48671875 0.3854166666666667 0.022395833333333334 0.0475
1 0.3924479166666667 0.33416666666666667 0.015104166666666667 0.03
1 0.3533854166666667 0.31166666666666665 0.009895833333333333 0.021666666666666667
1 0.33489583333333334 0.3020833333333333 0.008333333333333333 0.019166666666666665
1 0.3294270833333333 0.2920833333333333 0.0067708333333333336 0.014166666666666666
1 0.3450520833333333 0.28708333333333336 0.005729166666666666 0.0125
1 0.3614583333333333 0.2841666666666667 0.005208333333333333 0.011666666666666667
1 0.39010416666666664 0.2816666666666667 0.004166666666666667 0.01
1 0.4153645833333333 0.28125 0.0036458333333333334 0.009166666666666667
1 0.51328125 0.2833333333333333 0.0036458333333333334 0.008333333333333333
1 0.58671875 0.28791666666666665 0.0036458333333333334 0.009166666666666667
1 0.91171875 0.31666666666666665 0.0067708333333333336 0.013333333333333334
1 0.78359375 0.30583333333333335 0.0046875 0.01
1 0.6880208333333333 0.2970833333333333 0.005208333333333333 0.009166666666666667
1 0.6315104166666666 0.2916666666666667 0.0036458333333333334 0.008333333333333333
0 0.903125 0.4220833333333333 0.034375 0.0525
0 0.69453125 0.36375 0.019270833333333334 0.0375
0 0.5494791666666666 0.32625 0.011458333333333333 0.025833333333333333
0 0.46796875 0.30916666666666665 0.008854166666666666 0.02
0 0.43333333333333335 0.29833333333333334 0.00625 0.015
0 0.4296875 0.2916666666666667 0.005208333333333333 0.013333333333333334
0 0.4393229166666667 0.2866666666666667 0.0046875 0.011666666666666667
0 0.49557291666666664 0.28541666666666665 0.0046875 0.009166666666666667
0 0.8697916666666666 0.31833333333333336 0.007291666666666667 0.013333333333333334
0 0.7380208333333333 0.30541666666666667 0.005208333333333333 0.010833333333333334
0 0.6393229166666666 0.29541666666666666 0.0046875 0.010833333333333334
0 0.6028645833333334 0.2916666666666667 0.0046875 0.01
0 0.5489583333333333 0.28708333333333336 0.004166666666666667 0.010833333333333334
0 0.459375 0.28541666666666665 0.004166666666666667 0.009166666666666667