0 0.22760416666666666 0.615 0.121875 0.22333333333333333
0 0.027083333333333334 0.37166666666666665 0.051041666666666666 0.10833333333333334
0 0.15130208333333334 0.2504166666666667 0.03802083333333333 0.06416666666666666
0 0.23697916666666666 0.20708333333333334 0.027083333333333334 0.049166666666666664
0 0.35598958333333336 0.17791666666666667 0.0203125 0.035833333333333335
0 0.48359375 0.15583333333333332 0.0171875 0.03
0 0.8393229166666667 0.11083333333333334 0.013020833333333334 0.02666666666666667
0 0.9122395833333333 0.1025 0.011979166666666667 0.025
0 0.7315104166666667 0.12166666666666667 0.011979166666666667 0.028333333333333332
0 0.58671875 0.13875 0.016145833333333335 0.030833333333333334
1 0.14947916666666666 0.17875 0.016666666666666666 0.034166666666666665
1 0.34765625 0.15041666666666667 0.009895833333333333 0.0275
1 0.47604166666666664 0.13375 0.009375 0.025833333333333333
1 0.6109375 0.12083333333333333 0.010416666666666666 0.021666666666666667
1 0.7109375 0.11083333333333334 0.009375 0.021666666666666667
1 0.7924479166666667 0.10291666666666667 0.008854166666666666 0.020833333333333332
1 0.88671875 0.09541666666666666 0.008854166666666666 0.019166666666666665
1 0.9559895833333333 0.08791666666666667 0.0109375 0.019166666666666665
1 0.6606770833333333 0.1025 0.005729166666666666 0.013333333333333334
1 0.59453125 0.10666666666666667 0.0067708333333333336 0.011666666666666667
1 0.5518229166666667 0.10666666666666667 0.0036458333333333334 0.008333333333333333
1 0.52890625 0.10958333333333334 0.0036458333333333334 0.010833333333333334
1 0.5098958333333333 0.10958333333333334 0.003125 0.0075
1 0.4518229166666667 0.11458333333333333 0.0046875 0.010833333333333334
1 0.75 0.0975 0.00625 0.011666666666666667
0 0.71875 0.09625 0.005208333333333333 0.010833333333333334
1 0.4630208333333333 0.11291666666666667 0.005208333333333333 0.010833333333333334
1 0.48072916666666665 0.1125 0.005208333333333333 0.011666666666666667
1 0.48359375 0.11166666666666666 0.0026041666666666665 0.01
0 0.5221354166666666 0.10833333333333334 0.0036458333333333334 0.011666666666666667
0 0.5432291666666667 0.10833333333333334 0.004166666666666667 0.011666666666666667
0 0.5380208333333333 0.10833333333333334 0.004166666666666667 0.013333333333333334
0 0.5833333333333334 0.10541666666666667 0.005208333333333333 0.0125
0 0.6018229166666667 0.10416666666666667 0.0036458333333333334 0.011666666666666667
0 0.62578125 0.10291666666666667 0.0046875 0.0125
1 0.6145833333333334 0.1025 0.004166666666666667 0.008333333333333333
0 0.7049479166666667 0.09958333333333333 0.005729166666666666 0.014166666666666666
1 0.7026041666666667 0.09708333333333333 0.003125 0.009166666666666667
1 0.7877604166666666 0.09125 0.0036458333333333334 0.009166666666666667
0 0.7763020833333333 0.09541666666666666 0.0067708333333333336 0.015833333333333335
0 0.8098958333333334 0.08916666666666667 0.005208333333333333 0.011666666666666667
0 0.8778645833333333 0.0875 0.0067708333333333336 0.015
1 0.86484375 0.08916666666666667 0.005729166666666666 0.013333333333333334
1 0.859375 0.085 0.004166666666666667 0.008333333333333333
0 0.8854166666666666 0.0825 0.005208333333333333 0.01
0 0.98125 0.07625 0.007291666666666667 0.015833333333333335
0 0.97265625 0.075 0.005729166666666666 0.011666666666666667
1 0.94296875 0.08166666666666667 0.0067708333333333336 0.013333333333333334
1 0.9372395833333333 0.07875 0.005729166666666666 0.009166666666666667