1 0.48359375 0.6695833333333333 0.07760416666666667 0.1625
1 0.5122395833333333 0.46458333333333335 0.0390625 0.07416666666666667
1 0.3841145833333333 0.3975 0.024479166666666666 0.04666666666666667
1 0.27890625 0.35291666666666666 0.016145833333333335 0.030833333333333334
1 0.23125 0.33125 0.0125 0.024166666666666666
1 0.20963541666666666 0.32208333333333333 0.009895833333333333 0.019166666666666665
1 0.19921875 0.31166666666666665 0.008854166666666666 0.016666666666666666
1 0.21510416666666668 0.30583333333333335 0.007291666666666667 0.013333333333333334
1 0.23385416666666667 0.30291666666666667 0.00625 0.0125
1 0.26484375 0.2995833333333333 0.005729166666666666 0.0125
1 0.8630208333333333 0.3308333333333333 0.007291666666666667 0.013333333333333334
0 0.7377604166666667 0.4075 0.019270833333333334 0.04666666666666667
0 0.58671875 0.3670833333333333 0.016145833333333335 0.034166666666666665
0 0.43802083333333336 0.34041666666666665 0.010416666666666666 0.025833333333333333
0 0.35390625 0.32625 0.009895833333333333 0.020833333333333332
0 0.31666666666666665 0.31583333333333335 0.007291666666666667 0.016666666666666666
0 0.3104166666666667 0.31 0.007291666666666667 0.015
0 0.31953125 0.30416666666666664 0.0046875 0.013333333333333334
0 0.8359375 0.3329166666666667 0.008333333333333333 0.0175
0 0.7192708333333333 0.32458333333333333 0.007291666666666667 0.014166666666666666
0 0.6109375 0.3154166666666667 0.005208333333333333 0.0125
0 0.34088541666666666 0.3025 0.005729166666666666 0.011666666666666667
0 0.37890625 0.3016666666666667 0.0046875 0.01
1 0.39609375 0.29875 0.0046875 0.010833333333333334
1 0.46953125 0.3016666666666667 0.0046875 0.008333333333333333
1 0.5125 0.3045833333333333 0.004166666666666667 0.009166666666666667
1 0.5653645833333333 0.30791666666666667 0.0046875 0.009166666666666667
0 0.4861979166666667 0.30625 0.0036458333333333334 0.010833333333333334
0 0.5213541666666667 0.30833333333333335 0.005208333333333333 0.011666666666666667
1 0.6494791666666667 0.31375 0.00625 0.010833333333333334
1 0.7515625 0.3225 0.00625 0.011666666666666667
1 0.43359375 0.3 0.0036458333333333334 0.008333333333333333
0 0.4322916666666667 0.30375 0.004166666666666667 0.009166666666666667
1 0.29348958333333336 0.30041666666666667 0.0046875 0.0075