0 0.050520833333333334 0.5541666666666667 0.09791666666666667 0.19
0 0.14817708333333332 0.24791666666666667 0.033854166666666664 0.0625
0 0.24817708333333333 0.20833333333333334 0.0234375 0.041666666666666664
0 0.37265625 0.18041666666666667 0.0171875 0.034166666666666665
1 0.18541666666666667 0.18 0.015625 0.03
1 0.38177083333333334 0.15458333333333332 0.010416666666666666 0.0225
1 0.5106770833333333 0.13833333333333334 0.008854166666666666 0.021666666666666667
1 0.6471354166666666 0.125 0.009895833333333333 0.021666666666666667
1 0.75078125 0.115 0.0078125 0.02
0 0.8791666666666667 0.11541666666666667 0.0125 0.0275
1 0.715625 0.10708333333333334 0.00625 0.014166666666666666
1 0.8065104166666667 0.10125 0.005729166666666666 0.014166666666666666
0 0.7635416666666667 0.12791666666666668 0.0125 0.0275
0 0.9598958333333333 0.10708333333333334 0.011458333333333333 0.024166666666666666
1 0.9395833333333333 0.1 0.008333333333333333 0.016666666666666666
0 0.5026041666666666 0.15916666666666668 0.014583333333333334 0.03166666666666667
0 0.6111979166666667 0.14583333333333334 0.011979166666666667 0.02666666666666667
0 0.5984375 0.1125 0.005208333333333333 0.011666666666666667
0 0.6578125 0.10916666666666666 0.004166666666666667 0.011666666666666667
0 0.6859375 0.10541666666666667 0.005208333333333333 0.009166666666666667
1 0.6486979166666667 0.10916666666666666 0.0046875 0.01
1 0.67578125 0.10666666666666667 0.0046875 0.01
0 0.6432291666666666 0.10791666666666666 0.004166666666666667 0.009166666666666667
0 0.7619791666666667 0.10291666666666667 0.00625 0.0125
0 0.7822916666666667 0.09916666666666667 0.005208333333333333 0.011666666666666667
1 0.8377604166666667 0.10791666666666666 0.009895833333333333 0.020833333333333332
0 0.8776041666666666 0.09291666666666666 0.005208333333333333 0.009166666666666667
1 0.9260416666666667 0.09208333333333334 0.005208333333333333 0.0125
1 0.85546875 0.09375 0.0046875 0.009166666666666667
1 0.509375 0.11791666666666667 0.005208333333333333 0.009166666666666667
1 0.5364583333333334 0.11583333333333333 0.004166666666666667 0.01
1 0.5419270833333333 0.115 0.0046875 0.01
1 0.56875 0.11291666666666667 0.005208333333333333 0.009166666666666667
1 0.5830729166666667 0.11208333333333333 0.0046875 0.010833333333333334
1 0.6125 0.11083333333333334 0.004166666666666667 0.008333333333333333
1 0.5216145833333333 0.11666666666666667 0.0046875 0.01