1 0.37109375 0.5391666666666667 0.025520833333333333 0.04833333333333333
1 0.4276041666666667 0.48833333333333334 0.0125 0.02666666666666667
1 0.44635416666666666 0.4708333333333333 0.010416666666666666 0.02
1 0.4588541666666667 0.4583333333333333 0.007291666666666667 0.015
1 0.46536458333333336 0.4533333333333333 0.005729166666666666 0.013333333333333334
1 0.47109375 0.4483333333333333 0.005729166666666666 0.011666666666666667
1 0.47942708333333334 0.44333333333333336 0.0026041666666666665 0.01
0 0.9044270833333333 0.68375 0.0796875 0.1175
0 0.63203125 0.50875 0.018229166666666668 0.035833333333333335
0 0.5880208333333333 0.48083333333333333 0.010416666666666666 0.023333333333333334
0 0.5713541666666667 0.4691666666666667 0.008333333333333333 0.02
0 0.5588541666666667 0.46 0.007291666666666667 0.016666666666666666
0 0.54765625 0.4533333333333333 0.005729166666666666 0.015
0 0.54140625 0.44958333333333333 0.0046875 0.010833333333333334
0 0.8421875 0.4345833333333333 0.005208333333333333 0.010833333333333334
0 0.88125 0.435 0.005208333333333333 0.01
1 0.4830729166666667 0.44083333333333335 0.0036458333333333334 0.008333333333333333
1 0.49322916666666666 0.43916666666666665 0.003125 0.008333333333333333
1 0.5109375 0.4375 0.003125 0.006666666666666667
1 0.5286458333333334 0.43583333333333335 0.003125 0.006666666666666667
1 0.55546875 0.4345833333333333 0.0026041666666666665 0.005833333333333334
1 0.7424479166666667 0.4325 0.0036458333333333334 0.006666666666666667
1 0.7809895833333333 0.4325 0.0036458333333333334 0.006666666666666667
1 0.8283854166666667 0.43291666666666667 0.0036458333333333334 0.0075
1 0.8723958333333334 0.43333333333333335 0.004166666666666667 0.008333333333333333
1 0.69921875 0.4325 0.0026041666666666665 0.006666666666666667
1 0.6596354166666667 0.43291666666666667 0.0026041666666666665 0.005833333333333334
1 0.62578125 0.4325 0.0026041666666666665 0.006666666666666667
0 0.5375 0.44708333333333333 0.003125 0.0075
0 0.540625 0.43916666666666665 0.003125 0.008333333333333333
0 0.5434895833333333 0.43833333333333335 0.0026041666666666665 0.008333333333333333
0 0.5526041666666667 0.43666666666666665 0.003125 0.008333333333333333
0 0.565625 0.4354166666666667 0.003125 0.0075
0 0.5901041666666667 0.43416666666666665 0.003125 0.008333333333333333
0 0.6270833333333333 0.4345833333333333 0.0020833333333333333 0.0075
0 0.6580729166666667 0.4345833333333333 0.0026041666666666665 0.005833333333333334
0 0.6903645833333333 0.43333333333333335 0.0026041666666666665 0.008333333333333333
0 0.7213541666666666 0.43375 0.003125 0.0075
0 0.7513020833333334 0.43333333333333335 0.0036458333333333334 0.008333333333333333
0 0.7981770833333334 0.43416666666666665 0.0036458333333333334 0.008333333333333333
0 0.9359375 0.43666666666666665 0.005208333333333333 0.013333333333333334
0 0.34453125 0.42041666666666666 0.0036458333333333334 0.009166666666666667