1 0.29375 0.6204166666666666 0.04791666666666667 0.0825
1 0.4200520833333333 0.5075 0.0171875 0.035
1 0.45026041666666666 0.4795833333333333 0.0109375 0.024166666666666666
1 0.4674479166666667 0.46291666666666664 0.0078125 0.0175
1 0.47552083333333334 0.45625 0.007291666666666667 0.014166666666666666
1 0.4828125 0.45 0.00625 0.011666666666666667
1 0.9231770833333334 0.4370833333333333 0.0046875 0.009166666666666667
1 0.9877604166666667 0.4379166666666667 0.005729166666666666 0.009166666666666667
0 0.7088541666666667 0.5533333333333333 0.030208333333333334 0.05333333333333334
0 0.6263020833333334 0.4979166666666667 0.0140625 0.030833333333333334
0 0.60078125 0.4795833333333333 0.0109375 0.024166666666666666
0 0.5833333333333334 0.4675 0.009375 0.018333333333333333
0 0.5697916666666667 0.45875 0.00625 0.015833333333333335
0 0.5611979166666666 0.4529166666666667 0.0046875 0.0125
0 0.8393229166666667 0.4375 0.0046875 0.008333333333333333
0 0.8903645833333333 0.43875 0.0046875 0.009166666666666667
0 0.9372395833333333 0.44 0.0046875 0.01
0 0.55703125 0.44916666666666666 0.0036458333333333334 0.01
1 0.496875 0.44208333333333333 0.004166666666666667 0.009166666666666667
1 0.49270833333333336 0.44458333333333333 0.003125 0.010833333333333334
1 0.5078125 0.44 0.003125 0.008333333333333333
1 0.5265625 0.4379166666666667 0.003125 0.0075
1 0.5453125 0.43625 0.003125 0.0075
1 0.5736979166666667 0.435 0.0026041666666666665 0.006666666666666667
1 0.6484375 0.4345833333333333 0.0020833333333333333 0.005833333333333334
1 0.7270833333333333 0.43416666666666665 0.003125 0.006666666666666667
1 0.775 0.435 0.003125 0.006666666666666667
1 0.81796875 0.4345833333333333 0.0036458333333333334 0.009166666666666667
1 0.8723958333333334 0.43583333333333335 0.004166666666666667 0.008333333333333333
0 0.7861979166666667 0.4370833333333333 0.0036458333333333334 0.0075
0 0.7528645833333333 0.43583333333333335 0.0036458333333333334 0.008333333333333333
0 0.7190104166666667 0.43583333333333335 0.0036458333333333334 0.008333333333333333
0 0.6838541666666667 0.4354166666666667 0.003125 0.009166666666666667
0 0.65 0.43583333333333335 0.003125 0.008333333333333333
0 0.6106770833333334 0.4354166666666667 0.0036458333333333334 0.0075
0 0.58515625 0.43625 0.0036458333333333334 0.009166666666666667
0 0.5713541666666667 0.43833333333333335 0.003125 0.006666666666666667
0 0.56171875 0.4395833333333333 0.0026041666666666665 0.009166666666666667
0 0.5588541666666667 0.44166666666666665 0.003125 0.01
0 0.3502604166666667 0.41833333333333333 0.0046875 0.01