0 0.37473958333333335 0.5691666666666667 0.10364583333333334 0.20666666666666667
0 0.8440104166666667 0.11708333333333333 0.0109375 0.0275
0 0.63125 0.12375 0.009375 0.0225
0 0.5177083333333333 0.12666666666666668 0.010416666666666666 0.021666666666666667
0 0.415625 0.12625 0.00625 0.019166666666666665
0 0.42890625 0.11958333333333333 0.0067708333333333336 0.015833333333333335
0 0.4625 0.11166666666666666 0.005208333333333333 0.015
0 0.5455729166666666 0.10583333333333333 0.005729166666666666 0.015
1 0.5591145833333333 0.11 0.0078125 0.02
1 0.584375 0.11291666666666667 0.008333333333333333 0.020833333333333332
1 0.59609375 0.10625 0.0067708333333333336 0.0175
1 0.675 0.11083333333333334 0.008333333333333333 0.02
1 0.6614583333333334 0.10125 0.005208333333333333 0.015833333333333335
0 0.13541666666666666 0.14 0.007291666666666667 0.016666666666666666
0 0.18802083333333333 0.12416666666666666 0.00625 0.013333333333333334
0 0.19296875 0.12375 0.005729166666666666 0.0125
0 0.23411458333333332 0.1275 0.008854166666666666 0.018333333333333333
0 0.30963541666666666 0.11958333333333333 0.0078125 0.015833333333333335
0 0.31875 0.11583333333333333 0.005208333333333333 0.011666666666666667
0 0.32526041666666666 0.11375 0.0036458333333333334 0.010833333333333334
0 0.32864583333333336 0.11291666666666667 0.004166666666666667 0.009166666666666667
0 0.35651041666666666 0.11416666666666667 0.0046875 0.013333333333333334
0 0.36484375 0.11375 0.0046875 0.014166666666666666
0 0.375 0.11416666666666667 0.005208333333333333 0.013333333333333334
0 0.4005208333333333 0.10875 0.003125 0.009166666666666667
0 0.45729166666666665 0.10541666666666667 0.003125 0.009166666666666667
0 0.4669270833333333 0.10541666666666667 0.0036458333333333334 0.009166666666666667
1 0.48880208333333336 0.10333333333333333 0.0026041666666666665 0.008333333333333333
1 0.5065104166666666 0.10291666666666667 0.0036458333333333334 0.009166666666666667
1 0.521875 0.10166666666666667 0.003125 0.008333333333333333
0 0.621875 0.10083333333333333 0.004166666666666667 0.015
0 0.7091145833333333 0.09666666666666666 0.0046875 0.016666666666666666
1 0.7341145833333333 0.09791666666666667 0.005729166666666666 0.0175
1 0.80390625 0.09458333333333334 0.005729166666666666 0.0175
0 0.7848958333333333 0.0925 0.004166666666666667 0.015
1 0.16067708333333333 0.13208333333333333 0.005729166666666666 0.014166666666666666
1 0.20598958333333334 0.12416666666666666 0.005729166666666666 0.011666666666666667
1 0.22161458333333334 0.12541666666666668 0.0067708333333333336 0.014166666666666666
1 0.2520833333333333 0.12125 0.005208333333333333 0.010833333333333334
1 0.26588541666666665 0.12125 0.005729166666666666 0.0125
1 0.284375 0.11916666666666667 0.00625 0.011666666666666667