1 0.790625 0.5104166666666666 0.0875 0.1575
1 0.909375 0.22791666666666666 0.022916666666666665 0.035833333333333335
1 0.68203125 0.21791666666666668 0.016145833333333335 0.0325
0 0.8059895833333334 0.19625 0.0140625 0.0275
0 0.6630208333333333 0.18791666666666668 0.007291666666666667 0.020833333333333332
0 0.5786458333333333 0.17666666666666667 0.010416666666666666 0.02
0 0.50390625 0.16833333333333333 0.008854166666666666 0.018333333333333333
0 0.41432291666666665 0.16333333333333333 0.005729166666666666 0.016666666666666666
0 0.30104166666666665 0.16 0.00625 0.016666666666666666
0 0.048177083333333336 0.15791666666666668 0.011979166666666667 0.019166666666666665
0 0.18776041666666668 0.15875 0.0067708333333333336 0.0175
1 0.13619791666666667 0.16791666666666666 0.011979166666666667 0.0225
1 0.25442708333333336 0.16916666666666666 0.0078125 0.018333333333333333
1 0.36692708333333335 0.17291666666666666 0.0078125 0.0175
1 0.4546875 0.18416666666666667 0.008333333333333333 0.021666666666666667
1 0.51640625 0.19666666666666666 0.011979166666666667 0.02666666666666667