0 0.8 0.6325 0.05625 0.09333333333333334
0 0.7661458333333333 0.5175 0.026041666666666668 0.041666666666666664
0 0.68359375 0.48583333333333334 0.0140625 0.028333333333333332
0 0.6411458333333333 0.46708333333333335 0.009375 0.0225
1 0.17864583333333334 0.61125 0.052083333333333336 0.08083333333333333
1 0.40078125 0.53125 0.022395833333333334 0.0475
1 0.45026041666666666 0.4970833333333333 0.015104166666666667 0.0325
1 0.47994791666666664 0.4791666666666667 0.0109375 0.025
1 0.4921875 0.46791666666666665 0.010416666666666666 0.020833333333333332
1 0.5145833333333333 0.45625 0.007291666666666667 0.015833333333333335
1 0.5411458333333333 0.4508333333333333 0.00625 0.015
1 0.5638020833333334 0.4479166666666667 0.005729166666666666 0.0125
1 0.5744791666666667 0.44416666666666665 0.005208333333333333 0.013333333333333334
0 0.6442708333333333 0.45708333333333334 0.007291666666666667 0.0175
0 0.6575520833333334 0.4508333333333333 0.0067708333333333336 0.015
0 0.6708333333333333 0.44625 0.00625 0.014166666666666666
0 0.6651041666666667 0.44166666666666665 0.00625 0.013333333333333334
0 0.6481770833333333 0.43916666666666665 0.005729166666666666 0.01
0 0.7028645833333333 0.43291666666666667 0.0046875 0.009166666666666667
0 0.7515625 0.4325 0.004166666666666667 0.008333333333333333
0 0.8005208333333333 0.4270833333333333 0.003125 0.0075
0 0.8361979166666667 0.4270833333333333 0.0036458333333333334 0.0075
0 0.8721354166666667 0.42625 0.0036458333333333334 0.0075
0 0.9182291666666667 0.4275 0.004166666666666667 0.008333333333333333
0 0.9901041666666667 0.42625 0.004166666666666667 0.0075
1 0.9799479166666667 0.42375 0.0036458333333333334 0.005833333333333334
1 0.93203125 0.42625 0.0026041666666666665 0.005833333333333334
1 0.9080729166666667 0.42583333333333334 0.0036458333333333334 0.006666666666666667
1 0.8203125 0.42625 0.003125 0.005833333333333334
0 0.7809895833333333 0.43166666666666664 0.0036458333333333334 0.008333333333333333
0 0.7716145833333333 0.42791666666666667 0.0036458333333333334 0.0075
1 0.7572916666666667 0.4270833333333333 0.003125 0.005833333333333334
1 0.7361979166666667 0.42791666666666667 0.0026041666666666665 0.005833333333333334
1 0.7174479166666666 0.43041666666666667 0.0036458333333333334 0.0075
1 0.7229166666666667 0.43 0.003125 0.006666666666666667
1 0.6864583333333333 0.43083333333333335 0.003125 0.008333333333333333
1 0.609375 0.4320833333333333 0.003125 0.0075
0 0.6427083333333333 0.4325 0.003125 0.008333333333333333
0 0.5924479166666666 0.43333333333333335 0.0036458333333333334 0.008333333333333333
0 0.5966145833333333 0.4375 0.005729166666666666 0.01
0 0.0046875 0.48375 0.009375 0.019166666666666665
0 0.043229166666666666 0.46208333333333335 0.007291666666666667 0.0125
0 0.140625 0.4554166666666667 0.005208333333333333 0.010833333333333334
1 0.005989583333333334 0.4625 0.0067708333333333336 0.011666666666666667
1 0.1046875 0.45625 0.005208333333333333 0.009166666666666667
1 0.17994791666666668 0.47583333333333333 0.009895833333333333 0.018333333333333333
1 0.27786458333333336 0.46541666666666665 0.0078125 0.015833333333333335
1 0.24036458333333333 0.4475 0.0026041666666666665 0.006666666666666667
1 0.3729166666666667 0.4558333333333333 0.00625 0.013333333333333334
1 0.44114583333333335 0.4483333333333333 0.004166666666666667 0.011666666666666667
1 0.47994791666666664 0.445 0.0046875 0.011666666666666667
1 0.52421875 0.4425 0.0046875 0.01
1 0.5807291666666666 0.4325 0.003125 0.006666666666666667
1 0.18671875 0.4504166666666667 0.0036458333333333334 0.0075
0 0.2234375 0.4504166666666667 0.004166666666666667 0.009166666666666667
0 0.2669270833333333 0.44708333333333333 0.0046875 0.009166666666666667
0 0.2890625 0.4579166666666667 0.00625 0.014166666666666666
0 0.3182291666666667 0.4429166666666667 0.003125 0.0075
0 0.3614583333333333 0.44 0.003125 0.006666666666666667
0 0.36875 0.45 0.003125 0.011666666666666667
0 0.41744791666666664 0.44666666666666666 0.0046875 0.01
0 0.39895833333333336 0.43833333333333335 0.003125 0.006666666666666667
0 0.54609375 0.43875 0.0036458333333333334 0.010833333333333334
0 0.5513020833333333 0.43416666666666665 0.0036458333333333334 0.008333333333333333
1 0.56875 0.4325 0.0020833333333333333 0.005
1 0.5541666666666667 0.43083333333333335 0.0020833333333333333 0.005
1 0.534375 0.43083333333333335 0.0020833333333333333 0.005
1 0.5145833333333333 0.43125 0.0020833333333333333 0.004166666666666667
0 0.49192708333333335 0.4320833333333333 0.0026041666666666665 0.005833333333333334
0 0.48333333333333334 0.44125 0.0020833333333333333 0.010833333333333334
0 0.4671875 0.43375 0.003125 0.005833333333333334
0 0.4244791666666667 0.43583333333333335 0.003125 0.006666666666666667
1 0.28984375 0.44458333333333333 0.0036458333333333334 0.005833333333333334
1 0.3333333333333333 0.44166666666666665 0.003125 0.005
1 0.36744791666666665 0.43916666666666665 0.0026041666666666665 0.005
1 0.3953125 0.4375 0.0020833333333333333 0.005
1 0.4197916666666667 0.43625 0.0020833333333333333 0.004166666666666667
1 0.44114583333333335 0.435 0.0020833333333333333 0.005
0 0.44505208333333335 0.4354166666666667 0.0026041666666666665 0.005833333333333334
1 0.49557291666666664 0.43166666666666664 0.0026041666666666665 0.005
0 0.5109375 0.4320833333333333 0.003125 0.005833333333333334
0 0.5247395833333334 0.43416666666666665 0.0026041666666666665 0.006666666666666667
0 0.5276041666666667 0.4325 0.003125 0.006666666666666667
1 0.56171875 0.43083333333333335 0.0026041666666666665 0.005
1 0.5640625 0.43166666666666664 0.0020833333333333333 0.005
1 0.5669270833333333 0.43125 0.0026041666666666665 0.005833333333333334
1 0.6466145833333333 0.43125 0.0036458333333333334 0.0075
0 0.7760416666666666 0.4295833333333333 0.003125 0.0075
1 0.7859375 0.4270833333333333 0.003125 0.005833333333333334
0 0.7833333333333333 0.43083333333333335 0.003125 0.006666666666666667
1 0.8684895833333334 0.42625 0.0036458333333333334 0.005833333333333334
1 0.72578125 0.42916666666666664 0.0026041666666666665 0.006666666666666667
1 0.5635416666666667 0.44208333333333333 0.00625 0.0125
0 0.17916666666666667 0.46958333333333335 0.011458333333333333 0.0175