0 0.042708333333333334 0.47 0.08541666666666667 0.14833333333333334
0 0.5875 0.17958333333333334 0.026041666666666668 0.049166666666666664
0 0.8473958333333333 0.16625 0.027083333333333334 0.0525
0 0.37786458333333334 0.18041666666666667 0.0203125 0.03916666666666667
0 0.4278645833333333 0.13875 0.013020833333333334 0.025833333333333333
0 0.3841145833333333 0.15041666666666667 0.013020833333333334 0.0275
0 0.36171875 0.16583333333333333 0.016145833333333335 0.03333333333333333
0 0.35208333333333336 0.11083333333333334 0.004166666666666667 0.01
0 0.3859375 0.11 0.004166666666666667 0.008333333333333333
0 0.4075520833333333 0.1075 0.0036458333333333334 0.011666666666666667
0 0.4244791666666667 0.10666666666666667 0.003125 0.01
0 0.43697916666666664 0.1175 0.008333333333333333 0.015
0 0.4510416666666667 0.10958333333333334 0.00625 0.0125
0 0.4515625 0.11916666666666667 0.007291666666666667 0.016666666666666666
0 0.4578125 0.12958333333333333 0.009375 0.0225
0 0.46979166666666666 0.12208333333333334 0.008333333333333333 0.015833333333333335
0 0.309375 0.11625 0.003125 0.009166666666666667
1 0.77890625 0.135 0.018229166666666668 0.03833333333333333
1 0.63828125 0.14041666666666666 0.015104166666666667 0.030833333333333334
1 0.471875 0.1 0.004166666666666667 0.01
1 0.4973958333333333 0.09875 0.004166666666666667 0.0125
1 0.5208333333333334 0.09916666666666667 0.005208333333333333 0.011666666666666667
1 0.5375 0.09958333333333333 0.005208333333333333 0.0125
1 0.5533854166666666 0.10291666666666667 0.005729166666666666 0.014166666666666666
1 0.5630208333333333 0.09875 0.004166666666666667 0.0125
1 0.5640625 0.10458333333333333 0.007291666666666667 0.015833333333333335
1 0.5752604166666667 0.10666666666666667 0.0078125 0.018333333333333333
1 0.58828125 0.12875 0.009895833333333333 0.020833333333333332
1 0.58671875 0.13541666666666666 0.013020833333333334 0.030833333333333334
1 0.5921875 0.10875 0.010416666666666666 0.019166666666666665
1 0.61328125 0.11333333333333333 0.009895833333333333 0.021666666666666667
1 0.60625 0.12083333333333333 0.010416666666666666 0.023333333333333334
1 0.8747395833333333 0.10083333333333333 0.011979166666666667 0.023333333333333334
1 0.8833333333333333 0.11166666666666666 0.014583333333333334 0.028333333333333332
1 0.8770833333333333 0.12416666666666666 0.017708333333333333 0.03166666666666667
1 0.3963541666666667 0.10625 0.003125 0.010833333333333334
1 0.296875 0.115 0.004166666666666667 0.008333333333333333
0 0.46145833333333336 0.11125 0.00625 0.0125
0 0.44114583333333335 0.10833333333333334 0.003125 0.01
1 0.4390625 0.10291666666666667 0.0020833333333333333 0.010833333333333334
1 0.8736979166666666 0.09166666666666666 0.0067708333333333336 0.013333333333333334
1 0.87265625 0.08666666666666667 0.005729166666666666 0.013333333333333334
1 0.8833333333333333 0.08083333333333333 0.005208333333333333 0.013333333333333334
1 0.9122395833333333 0.07625 0.0046875 0.010833333333333334
1 0.24010416666666667 0.12166666666666667 0.003125 0.006666666666666667
1 0.17838541666666666 0.12875 0.0026041666666666665 0.0075
0 0.2546875 0.12083333333333333 0.003125 0.01
0 0.20442708333333334 0.12666666666666668 0.0036458333333333334 0.01
0 0.15364583333333334 0.13375 0.004166666666666667 0.010833333333333334
0 0.09479166666666666 0.13958333333333334 0.004166666666666667 0.010833333333333334
1 0.11953125 0.13666666666666666 0.0046875 0.008333333333333333
1 0.3489583333333333 0.11 0.003125 0.01