1 0.6369791666666667 0.6504166666666666 0.07604166666666666 0.14916666666666667
1 0.8997395833333334 0.35291666666666666 0.0109375 0.019166666666666665
1 0.7583333333333333 0.34125 0.008333333333333333 0.0175
1 0.6690104166666667 0.3333333333333333 0.0078125 0.016666666666666666
0 0.9236979166666667 0.34875 0.008854166666666666 0.0175
0 0.9125 0.3329166666666667 0.005208333333333333 0.010833333333333334
0 0.8143229166666667 0.3408333333333333 0.009895833333333333 0.016666666666666666
0 0.6794270833333333 0.32958333333333334 0.0067708333333333336 0.014166666666666666
1 0.5908854166666667 0.32458333333333333 0.0078125 0.014166666666666666
0 0.61484375 0.3233333333333333 0.0078125 0.013333333333333334
1 0.5229166666666667 0.3154166666666667 0.00625 0.010833333333333334
1 0.54375 0.31958333333333333 0.004166666666666667 0.0125
1 0.5408854166666667 0.31333333333333335 0.0036458333333333334 0.01
1 0.5645833333333333 0.31416666666666665 0.005208333333333333 0.01
1 0.5921875 0.315 0.003125 0.008333333333333333
0 0.5973958333333333 0.32 0.005208333333333333 0.013333333333333334
0 0.61796875 0.31833333333333336 0.0046875 0.011666666666666667
1 0.6346354166666667 0.31708333333333333 0.0046875 0.009166666666666667
0 0.66484375 0.32166666666666666 0.005729166666666666 0.011666666666666667
0 0.7075520833333333 0.3233333333333333 0.0046875 0.01
1 0.6966145833333334 0.32125 0.005729166666666666 0.009166666666666667
1 0.78671875 0.3258333333333333 0.0046875 0.008333333333333333
0 0.8078125 0.32916666666666666 0.004166666666666667 0.01
1 0.8802083333333334 0.32958333333333334 0.005208333333333333 0.009166666666666667
1 0.96171875 0.3333333333333333 0.005729166666666666 0.01