1 0.30104166666666665 0.62 0.042708333333333334 0.07833333333333334
1 0.41432291666666665 0.5279166666666667 0.021354166666666667 0.0425
1 0.47890625 0.4945833333333333 0.0140625 0.025833333333333333
1 0.5369791666666667 0.4741666666666667 0.010416666666666666 0.02
1 0.58203125 0.46291666666666664 0.0067708333333333336 0.0175
1 0.6401041666666667 0.4554166666666667 0.00625 0.015833333333333335
1 0.7182291666666667 0.45 0.00625 0.013333333333333334
1 0.7989583333333333 0.44708333333333333 0.007291666666666667 0.015833333333333335
1 0.88046875 0.44458333333333333 0.0067708333333333336 0.015833333333333335
0 0.9208333333333333 0.45 0.010416666666666666 0.018333333333333333
0 0.83671875 0.45166666666666666 0.009895833333333333 0.016666666666666666
0 0.70390625 0.5245833333333333 0.0234375 0.04416666666666667
0 0.7432291666666667 0.4575 0.009375 0.016666666666666666
0 0.6658854166666667 0.49166666666666664 0.015104166666666667 0.028333333333333332
0 0.6888020833333334 0.4633333333333333 0.008854166666666666 0.018333333333333333
0 0.67109375 0.47291666666666665 0.009895833333333333 0.020833333333333332
0 0.7927083333333333 0.6129166666666667 0.04895833333333333 0.08416666666666667
1 0.99609375 0.44166666666666665 0.0078125 0.016666666666666666