1 0.64375 0.7083333333333334 0.08854166666666667 0.175
1 0.6588541666666666 0.49166666666666664 0.04375 0.07833333333333334
1 0.48671875 0.425 0.025520833333333333 0.05333333333333334
1 0.27447916666666666 0.40041666666666664 0.025 0.04583333333333333
0 0.8109375 0.41291666666666665 0.026041666666666668 0.0425
0 0.38203125 0.36125 0.015104166666666667 0.030833333333333334
0 0.17630208333333333 0.34791666666666665 0.016145833333333335 0.029166666666666667
0 0.022916666666666665 0.3020833333333333 0.008333333333333333 0.014166666666666666
1 0.013802083333333333 0.29875 0.0078125 0.0125
0 0.53125 0.37958333333333333 0.015625 0.030833333333333334
1 0.07604166666666666 0.30125 0.007291666666666667 0.0125
1 0.14401041666666667 0.305 0.0078125 0.011666666666666667
0 0.16770833333333332 0.30916666666666665 0.007291666666666667 0.013333333333333334
0 0.11276041666666667 0.30625 0.0078125 0.014166666666666666
1 0.21901041666666668 0.3095833333333333 0.0078125 0.010833333333333334
0 0.2838541666666667 0.3154166666666667 0.007291666666666667 0.0125
1 0.9739583333333334 0.34958333333333336 0.007291666666666667 0.010833333333333334
0 0.9065104166666667 0.35083333333333333 0.0078125 0.015
1 0.8682291666666667 0.34541666666666665 0.00625 0.010833333333333334
0 0.7846354166666667 0.34375 0.005729166666666666 0.0125
1 0.7653645833333333 0.33916666666666667 0.005729166666666666 0.011666666666666667
1 0.3177083333333333 0.3145833333333333 0.007291666666666667 0.0125
1 0.4981770833333333 0.3233333333333333 0.0067708333333333336 0.011666666666666667
1 0.0067708333333333336 0.37 0.013541666666666667 0.04
0 0.6731770833333334 0.33666666666666667 0.0046875 0.011666666666666667
0 0.5963541666666666 0.3325 0.005208333333333333 0.011666666666666667
0 0.00234375 0.34 0.0046875 0.016666666666666666
0 0.48671875 0.32625 0.0046875 0.0125
0 0.39505208333333336 0.32125 0.005729166666666666 0.0125
1 0.41484375 0.31916666666666665 0.0046875 0.011666666666666667