0 0.4283854166666667 0.6266666666666667 0.10260416666666666 0.23333333333333334
0 0.93828125 0.09541666666666666 0.011979166666666667 0.024166666666666666
0 0.8265625 0.09708333333333333 0.010416666666666666 0.020833333333333332
0 0.7338541666666667 0.0975 0.009375 0.018333333333333333
1 0.9658854166666667 0.08625 0.009895833333333333 0.019166666666666665
1 0.8447916666666667 0.09 0.007291666666666667 0.018333333333333333
1 0.7611979166666667 0.09208333333333334 0.0067708333333333336 0.014166666666666666
1 0.6697916666666667 0.09208333333333334 0.00625 0.014166666666666666
1 0.6033854166666667 0.09333333333333334 0.005729166666666666 0.013333333333333334
1 0.53671875 0.09375 0.005729166666666666 0.0125
0 0.5481770833333334 0.09916666666666667 0.0067708333333333336 0.015
0 0.5955729166666667 0.09875 0.0067708333333333336 0.015833333333333335
0 0.49322916666666666 0.09833333333333333 0.00625 0.013333333333333334
1 0.4778645833333333 0.09375 0.005729166666666666 0.0125
1 0.42942708333333335 0.09 0.0026041666666666665 0.008333333333333333
1 0.42630208333333336 0.09458333333333334 0.0036458333333333334 0.009166666666666667
1 0.43645833333333334 0.09125 0.003125 0.0075
1 0.43359375 0.09166666666666666 0.0026041666666666665 0.008333333333333333
1 0.4356770833333333 0.095 0.0036458333333333334 0.01
0 0.43255208333333334 0.09875 0.005729166666666666 0.014166666666666666
1 0.39479166666666665 0.09125 0.003125 0.009166666666666667
0 0.37864583333333335 0.09416666666666666 0.004166666666666667 0.01
0 0.37005208333333334 0.09625 0.005729166666666666 0.010833333333333334
0 0.3763020833333333 0.10041666666666667 0.005729166666666666 0.0125
0 0.35598958333333336 0.1 0.0036458333333333334 0.008333333333333333
0 0.35182291666666665 0.10125 0.0046875 0.010833333333333334
0 0.3515625 0.09416666666666666 0.003125 0.008333333333333333
0 0.31666666666666665 0.09666666666666666 0.004166666666666667 0.01
1 0.31015625 0.09583333333333334 0.0036458333333333334 0.008333333333333333
1 0.26015625 0.09875 0.0036458333333333334 0.0075
0 0.275 0.09958333333333333 0.004166666666666667 0.010833333333333334
0 0.23307291666666666 0.10166666666666667 0.0046875 0.011666666666666667
0 0.21067708333333332 0.10458333333333333 0.0046875 0.010833333333333334
1 0.21458333333333332 0.1025 0.004166666666666667 0.008333333333333333
1 0.17708333333333334 0.10583333333333333 0.004166666666666667 0.008333333333333333
0 0.18255208333333334 0.1075 0.005729166666666666 0.011666666666666667
0 0.15364583333333334 0.11 0.005208333333333333 0.011666666666666667
1 0.1484375 0.10833333333333334 0.004166666666666667 0.01
1 0.09140625 0.11291666666666667 0.005729166666666666 0.009166666666666667
0 0.10078125 0.11416666666666667 0.0067708333333333336 0.011666666666666667
0 0.040625 0.11541666666666667 0.00625 0.010833333333333334
1 0.35546875 0.09333333333333334 0.0036458333333333334 0.01