0 0.9372395833333333 0.4454166666666667 0.005729166666666666 0.0125
0 0.96875 0.51625 0.028125 0.0425
0 0.8903645833333333 0.5525 0.0296875 0.055
0 0.9184895833333333 0.6554166666666666 0.059895833333333336 0.1025
1 0.35104166666666664 0.5733333333333334 0.028125 0.06
1 0.5479166666666667 0.51 0.01875 0.03666666666666667
1 0.7158854166666667 0.4866666666666667 0.013020833333333334 0.02666666666666667
1 0.8145833333333333 0.475 0.0125 0.023333333333333334
1 0.92578125 0.4683333333333333 0.0109375 0.021666666666666667
0 0.98828125 0.44208333333333333 0.0046875 0.009166666666666667
0 0.9208333333333333 0.44208333333333333 0.004166666666666667 0.009166666666666667
0 0.8682291666666667 0.445 0.005208333333333333 0.011666666666666667
0 0.8447916666666667 0.44208333333333333 0.004166666666666667 0.009166666666666667
0 0.77421875 0.445 0.0036458333333333334 0.01
0 0.7705729166666667 0.44208333333333333 0.0036458333333333334 0.009166666666666667
0 0.7395833333333334 0.4429166666666667 0.004166666666666667 0.009166666666666667
0 0.7223958333333333 0.44333333333333336 0.004166666666666667 0.01
0 0.7020833333333333 0.44375 0.004166666666666667 0.009166666666666667
0 0.7091145833333333 0.4425 0.0036458333333333334 0.008333333333333333
1 0.6505208333333333 0.44375 0.003125 0.0075
1 0.6536458333333334 0.4429166666666667 0.003125 0.0075
1 0.6645833333333333 0.44208333333333333 0.003125 0.0075
1 0.6778645833333333 0.44375 0.0036458333333333334 0.009166666666666667
1 0.6817708333333333 0.44208333333333333 0.003125 0.0075
1 0.71875 0.44416666666666665 0.004166666666666667 0.01
1 0.77890625 0.44583333333333336 0.0046875 0.011666666666666667
1 0.75703125 0.44166666666666665 0.0036458333333333334 0.008333333333333333
1 0.8401041666666667 0.44625 0.004166666666666667 0.010833333333333334
1 0.82578125 0.44166666666666665 0.0036458333333333334 0.008333333333333333
1 0.9270833333333334 0.44708333333333333 0.005208333333333333 0.010833333333333334
1 0.9557291666666666 0.44083333333333335 0.004166666666666667 0.008333333333333333
1 0.8953125 0.44208333333333333 0.004166666666666667 0.0075