0 0.20572916666666666 0.5320833333333334 0.10520833333333333 0.19416666666666665
0 0.73671875 0.065 0.009895833333333333 0.021666666666666667
0 0.6455729166666667 0.06916666666666667 0.0078125 0.016666666666666666
1 0.6372395833333333 0.06375 0.0078125 0.0175
0 0.5700520833333333 0.07166666666666667 0.008854166666666666 0.016666666666666666
1 0.55859375 0.06666666666666667 0.0078125 0.015
0 0.5109375 0.07333333333333333 0.007291666666666667 0.016666666666666666
1 0.4786458333333333 0.07 0.007291666666666667 0.015
0 0.4421875 0.07583333333333334 0.008333333333333333 0.016666666666666666
1 0.40572916666666664 0.07333333333333333 0.00625 0.011666666666666667
0 0.36432291666666666 0.0775 0.0078125 0.015
1 0.8388020833333333 0.05458333333333333 0.0078125 0.019166666666666665
1 0.7440104166666667 0.06041666666666667 0.005729166666666666 0.015833333333333335
1 0.35104166666666664 0.07625 0.00625 0.010833333333333334
1 0.3411458333333333 0.07291666666666667 0.003125 0.010833333333333334
1 0.3377604166666667 0.07583333333333334 0.0036458333333333334 0.01
1 0.32734375 0.07166666666666667 0.0036458333333333334 0.008333333333333333
1 0.28802083333333334 0.07416666666666667 0.004166666666666667 0.008333333333333333
0 0.29322916666666665 0.08333333333333333 0.00625 0.011666666666666667
0 0.2716145833333333 0.07958333333333334 0.0046875 0.010833333333333334
0 0.26015625 0.08291666666666667 0.0067708333333333336 0.014166666666666666
0 0.20286458333333332 0.08166666666666667 0.005729166666666666 0.011666666666666667
0 0.24270833333333333 0.0775 0.004166666666666667 0.01
0 0.8473958333333333 0.06 0.008333333333333333 0.023333333333333334
0 0.9822916666666667 0.05 0.010416666666666666 0.02666666666666667
1 0.97265625 0.04708333333333333 0.008854166666666666 0.0175
0 0.2760416666666667 0.07708333333333334 0.004166666666666667 0.010833333333333334