0 0.26223958333333336 0.63375 0.12239583333333333 0.22916666666666666
0 0.03671875 0.2925 0.0484375 0.08166666666666667
0 0.27239583333333334 0.2225 0.028125 0.058333333333333334
0 0.48984375 0.18791666666666668 0.0265625 0.050833333333333335
0 0.6572916666666667 0.16041666666666668 0.021875 0.0425
0 0.6747395833333333 0.14125 0.019270833333333334 0.035833333333333335
0 0.6046875 0.13166666666666665 0.014583333333333334 0.03
0 0.5119791666666667 0.11875 0.011458333333333333 0.0225
0 0.540625 0.11166666666666666 0.010416666666666666 0.02
0 0.62421875 0.10625 0.008854166666666666 0.019166666666666665
0 0.7184895833333333 0.10041666666666667 0.009895833333333333 0.019166666666666665
0 0.8278645833333333 0.09625 0.0109375 0.020833333333333332
0 0.9385416666666667 0.095 0.014583333333333334 0.023333333333333334
1 0.25 0.18291666666666667 0.020833333333333332 0.0425
1 0.39036458333333335 0.12166666666666667 0.0109375 0.021666666666666667
1 0.3697916666666667 0.12916666666666668 0.010416666666666666 0.023333333333333334
1 0.4388020833333333 0.11333333333333333 0.011979166666666667 0.02
1 0.390625 0.13833333333333334 0.011458333333333333 0.02666666666666667
1 0.4393229166666667 0.1475 0.0171875 0.03166666666666667
1 0.40989583333333335 0.15791666666666668 0.01875 0.035833333333333335
1 0.5291666666666667 0.10708333333333334 0.008333333333333333 0.0175
1 0.6276041666666666 0.1 0.007291666666666667 0.016666666666666666
1 0.72890625 0.09375 0.0078125 0.0175
1 0.84921875 0.08916666666666667 0.0078125 0.016666666666666666
0 0.5463541666666667 0.12416666666666666 0.0125 0.025
1 0.9630208333333333 0.08541666666666667 0.007291666666666667 0.015833333333333335