1 0.7924479166666667 0.5275 0.04739583333333333 0.095
1 0.9721354166666667 0.3875 0.0203125 0.03166666666666667
1 0.8140625 0.38166666666666665 0.017708333333333333 0.03166666666666667
1 0.5833333333333334 0.3720833333333333 0.016666666666666666 0.034166666666666665
1 0.34661458333333334 0.36375 0.0171875 0.034166666666666665
1 0.16744791666666667 0.35625 0.021354166666666667 0.034166666666666665
1 0.059375 0.30125 0.008333333333333333 0.014166666666666666
1 0.13932291666666666 0.30541666666666667 0.0067708333333333336 0.0125
1 0.22942708333333334 0.30916666666666665 0.0067708333333333336 0.011666666666666667
1 0.6033854166666667 0.3229166666666667 0.0046875 0.010833333333333334
1 0.73671875 0.32875 0.005729166666666666 0.009166666666666667
0 0.8223958333333333 0.36333333333333334 0.010416666666666666 0.02666666666666667
0 0.69609375 0.3566666666666667 0.013020833333333334 0.025
0 0.5151041666666667 0.34875 0.011458333333333333 0.025833333333333333
0 0.328125 0.345 0.0125 0.02666666666666667
0 0.14609375 0.33625 0.013020833333333334 0.025833333333333333
0 0.035416666666666666 0.3258333333333333 0.014583333333333334 0.025
0 0.03411458333333333 0.305 0.0078125 0.015
0 0.13463541666666667 0.30791666666666667 0.0067708333333333336 0.014166666666666666
0 0.2 0.31083333333333335 0.007291666666666667 0.013333333333333334
0 0.6265625 0.32625 0.00625 0.0125
0 0.68671875 0.3283333333333333 0.0067708333333333336 0.011666666666666667
0 0.8466145833333333 0.335 0.0067708333333333336 0.011666666666666667
0 0.7671875 0.33208333333333334 0.00625 0.010833333333333334
0 0.33177083333333335 0.31625 0.005208333333333333 0.010833333333333334
1 0.34140625 0.31333333333333335 0.005729166666666666 0.011666666666666667
1 0.44192708333333336 0.31666666666666665 0.0036458333333333334 0.01
0 0.44557291666666665 0.31958333333333333 0.005729166666666666 0.0125
0 0.5333333333333333 0.32208333333333333 0.004166666666666667 0.010833333333333334
1 0.52109375 0.31875 0.0036458333333333334 0.010833333333333334
1 0.6690104166666667 0.3258333333333333 0.0046875 0.008333333333333333
1 0.8072916666666666 0.33166666666666667 0.005208333333333333 0.008333333333333333
1 0.8723958333333334 0.3333333333333333 0.004166666666666667 0.01
1 0.9872395833333333 0.33708333333333335 0.0036458333333333334 0.0075
0 0.9903645833333333 0.33916666666666667 0.0046875 0.01
0 0.9283854166666666 0.33791666666666664 0.005729166666666666 0.010833333333333334
1 0.9317708333333333 0.3358333333333333 0.004166666666666667 0.008333333333333333