0 0.4421875 0.5691666666666667 0.035416666666666666 0.06333333333333334
0 0.21796875 0.5379166666666667 0.0328125 0.049166666666666664
0 0.00859375 0.5158333333333334 0.0171875 0.03666666666666667
0 0.9471354166666667 0.4425 0.009895833333333333 0.016666666666666666
0 0.7794270833333333 0.44375 0.0078125 0.015833333333333335
0 0.6763020833333333 0.44416666666666665 0.0078125 0.015
0 0.5411458333333333 0.44458333333333333 0.00625 0.0125
0 0.43776041666666665 0.445 0.005729166666666666 0.011666666666666667
0 0.32135416666666666 0.44666666666666666 0.004166666666666667 0.013333333333333334
0 0.2125 0.4483333333333333 0.005208333333333333 0.011666666666666667
0 0.16380208333333332 0.44916666666666666 0.0067708333333333336 0.011666666666666667
0 0.08046875 0.45125 0.0078125 0.014166666666666666
1 0.020052083333333335 0.45166666666666666 0.005729166666666666 0.01
1 0.0859375 0.4475 0.004166666666666667 0.01
1 0.14427083333333332 0.44583333333333336 0.005208333333333333 0.01
1 0.20520833333333333 0.445 0.004166666666666667 0.008333333333333333
1 0.27239583333333334 0.4429166666666667 0.003125 0.009166666666666667
1 0.36744791666666665 0.44166666666666665 0.0036458333333333334 0.01
1 0.46822916666666664 0.44 0.004166666666666667 0.01
1 0.5635416666666667 0.43875 0.004166666666666667 0.010833333333333334
1 0.67890625 0.43875 0.0026041666666666665 0.010833333333333334
1 0.7848958333333333 0.43833333333333335 0.00625 0.011666666666666667
1 0.915625 0.4375 0.00625 0.013333333333333334