0 0.17317708333333334 0.3958333333333333 0.058854166666666666 0.12333333333333334
0 0.14453125 0.29083333333333333 0.044270833333333336 0.07833333333333334
0 0.020572916666666666 0.24 0.03177083333333333 0.056666666666666664
0 0.85234375 0.095 0.009895833333333333 0.02
0 0.83671875 0.12 0.015104166666666667 0.03
0 0.8809895833333333 0.13333333333333333 0.0171875 0.03666666666666667
0 0.7588541666666667 0.09833333333333333 0.009375 0.02
1 0.7848958333333333 0.0925 0.008333333333333333 0.016666666666666666
1 0.696875 0.09625 0.007291666666666667 0.015833333333333335
1 0.6138020833333333 0.09958333333333333 0.0067708333333333336 0.015833333333333335
1 0.59921875 0.09458333333333334 0.0046875 0.0125
1 0.5731770833333333 0.09666666666666666 0.0067708333333333336 0.013333333333333334
1 0.684375 0.09083333333333334 0.005208333333333333 0.011666666666666667
0 0.65703125 0.10208333333333333 0.009895833333333333 0.019166666666666665
0 0.48984375 0.11041666666666666 0.008854166666666666 0.0175
1 0.035416666666666666 0.12083333333333333 0.009375 0.011666666666666667
0 0.059375 0.125 0.008333333333333333 0.013333333333333334
0 0.103125 0.12166666666666667 0.013541666666666667 0.016666666666666666
1 0.10598958333333333 0.11916666666666667 0.008854166666666666 0.015
0 0.12057291666666667 0.1175 0.0067708333333333336 0.013333333333333334
1 0.11640625 0.1175 0.0067708333333333336 0.011666666666666667
0 0.14088541666666668 0.11708333333333333 0.005729166666666666 0.0125
0 0.14895833333333333 0.12083333333333333 0.007291666666666667 0.015
1 0.1453125 0.11666666666666667 0.005208333333333333 0.011666666666666667
1 0.15182291666666667 0.11625 0.005729166666666666 0.0125
1 0.1765625 0.11625 0.007291666666666667 0.015833333333333335
0 0.18229166666666666 0.11541666666666667 0.00625 0.0125
1 0.18489583333333334 0.11583333333333333 0.004166666666666667 0.008333333333333333
1 0.19765625 0.11416666666666667 0.005729166666666666 0.011666666666666667
0 0.2046875 0.115 0.005208333333333333 0.011666666666666667
0 0.21302083333333333 0.11708333333333333 0.008333333333333333 0.015833333333333335
1 0.21692708333333333 0.11416666666666667 0.005729166666666666 0.013333333333333334
0 0.23411458333333332 0.11291666666666667 0.0067708333333333336 0.0125
1 0.2513020833333333 0.11208333333333333 0.0046875 0.010833333333333334
1 0.26015625 0.11166666666666666 0.005729166666666666 0.011666666666666667
1 0.2643229166666667 0.11083333333333334 0.0036458333333333334 0.008333333333333333
0 0.27630208333333334 0.11333333333333333 0.0067708333333333336 0.015
1 0.28567708333333336 0.11041666666666666 0.0046875 0.010833333333333334
1 0.2921875 0.11 0.005208333333333333 0.013333333333333334
0 0.28880208333333335 0.11166666666666666 0.0036458333333333334 0.015
0 0.29739583333333336 0.11 0.004166666666666667 0.011666666666666667
1 0.32265625 0.10875 0.0036458333333333334 0.009166666666666667
0 0.32708333333333334 0.10791666666666666 0.005208333333333333 0.010833333333333334
0 0.34479166666666666 0.10666666666666667 0.00625 0.015
0 0.36666666666666664 0.105 0.004166666666666667 0.011666666666666667
0 0.37161458333333336 0.105 0.0046875 0.011666666666666667
1 0.3828125 0.105 0.004166666666666667 0.01
0 0.4122395833333333 0.10416666666666667 0.0046875 0.01
1 0.43515625 0.1025 0.0036458333333333334 0.008333333333333333
0 0.44921875 0.10958333333333334 0.008854166666666666 0.0175
0 0.4440104166666667 0.10541666666666667 0.0046875 0.014166666666666666
0 0.475 0.10083333333333333 0.004166666666666667 0.01
0 0.48046875 0.1 0.005729166666666666 0.013333333333333334
1 0.49505208333333334 0.09916666666666667 0.0036458333333333334 0.008333333333333333
0 0.5203125 0.0975 0.00625 0.013333333333333334
1 0.54765625 0.09708333333333333 0.0036458333333333334 0.009166666666666667
1 0.5546875 0.09916666666666667 0.004166666666666667 0.015
1 0.5565104166666667 0.10166666666666667 0.0046875 0.016666666666666666
0 0.559375 0.10666666666666667 0.008333333333333333 0.018333333333333333
0 0.5640625 0.09583333333333334 0.00625 0.013333333333333334
0 0.5833333333333334 0.095 0.005208333333333333 0.011666666666666667
1 0.6033854166666667 0.09416666666666666 0.0036458333333333334 0.008333333333333333
1 0.6403645833333333 0.09208333333333334 0.0046875 0.0125
0 0.6369791666666667 0.09291666666666666 0.004166666666666667 0.014166666666666666
0 0.6541666666666667 0.09166666666666666 0.004166666666666667 0.01
1 0.6682291666666667 0.09208333333333334 0.004166666666666667 0.0075
0 0.68984375 0.09083333333333334 0.005729166666666666 0.013333333333333334
1 0.7377604166666667 0.08833333333333333 0.005729166666666666 0.013333333333333334
0 0.7328125 0.08916666666666667 0.005208333333333333 0.013333333333333334
0 0.7645833333333333 0.08666666666666667 0.005208333333333333 0.013333333333333334
1 0.7924479166666667 0.08541666666666667 0.0046875 0.014166666666666666
1 0.7986979166666667 0.08625 0.0046875 0.009166666666666667
0 0.7958333333333333 0.08708333333333333 0.005208333333333333 0.015833333333333335
0 0.8322916666666667 0.08458333333333333 0.00625 0.014166666666666666
1 0.8528645833333334 0.0825 0.0078125 0.015
1 0.8640625 0.08125 0.007291666666666667 0.0125
0 0.8932291666666666 0.10666666666666667 0.0125 0.028333333333333332
0 0.88046875 0.08 0.0078125 0.015
0 0.8901041666666667 0.07958333333333334 0.007291666666666667 0.014166666666666666
1 0.8994791666666667 0.08791666666666667 0.008333333333333333 0.019166666666666665
1 0.9072916666666667 0.07875 0.004166666666666667 0.010833333333333334
1 0.9161458333333333 0.07875 0.008333333333333333 0.014166666666666666
0 0.9106770833333333 0.07791666666666666 0.0067708333333333336 0.014166666666666666
0 0.9197916666666667 0.09375 0.0125 0.024166666666666666
0 0.93984375 0.09708333333333333 0.015104166666666667 0.029166666666666667
1 0.9518229166666666 0.075 0.0078125 0.011666666666666667
1 0.9606770833333333 0.07375 0.009895833333333333 0.014166666666666666
1 0.9815104166666667 0.07125 0.0140625 0.015833333333333335
1 0.9817708333333334 0.08458333333333333 0.014583333333333334 0.0225