1 0.24635416666666668 0.665 0.06354166666666666 0.10333333333333333
1 0.46953125 0.5483333333333333 0.025520833333333333 0.051666666666666666
1 0.44869791666666664 0.5166666666666667 0.019270833333333334 0.03833333333333333
1 0.32421875 0.49083333333333334 0.016145833333333335 0.03
1 0.26666666666666666 0.47458333333333336 0.0125 0.024166666666666666
1 0.2713541666666667 0.4633333333333333 0.00625 0.018333333333333333
1 0.30390625 0.455 0.0078125 0.015
1 0.37734375 0.4504166666666667 0.005729166666666666 0.014166666666666666
1 0.4518229166666667 0.4483333333333333 0.0046875 0.013333333333333334
1 0.5244791666666667 0.4475 0.004166666666666667 0.01
1 0.6067708333333334 0.4483333333333333 0.005208333333333333 0.011666666666666667
1 0.6856770833333333 0.45125 0.0046875 0.010833333333333334
1 0.75078125 0.45416666666666666 0.0067708333333333336 0.013333333333333334
1 0.82421875 0.45875 0.0067708333333333336 0.014166666666666666
1 0.9208333333333333 0.46166666666666667 0.008333333333333333 0.015
0 0.9130208333333333 0.5641666666666667 0.03229166666666667 0.058333333333333334
0 0.7276041666666667 0.51125 0.019791666666666666 0.035833333333333335
0 0.5755208333333334 0.49041666666666667 0.011458333333333333 0.0275
0 0.46640625 0.47541666666666665 0.009895833333333333 0.0225
0 0.40572916666666664 0.4666666666666667 0.008333333333333333 0.02
0 0.40963541666666664 0.4575 0.0067708333333333336 0.015
0 0.46979166666666666 0.4554166666666667 0.005208333333333333 0.014166666666666666
0 0.5380208333333333 0.45375 0.004166666666666667 0.014166666666666666
0 0.6151041666666667 0.45375 0.00625 0.014166666666666666
0 0.7065104166666667 0.4583333333333333 0.0078125 0.015
0 0.7763020833333333 0.4633333333333333 0.0078125 0.016666666666666666
0 0.9020833333333333 0.4691666666666667 0.009375 0.018333333333333333