1 0.21119791666666668 0.6579166666666667 0.04635416666666667 0.0925
1 0.3796875 0.5683333333333334 0.029166666666666667 0.055
1 0.42994791666666665 0.5254166666666666 0.019270833333333334 0.03916666666666667
1 0.4041666666666667 0.5058333333333334 0.014583333333333334 0.03
1 0.30390625 0.5079166666666667 0.013020833333333334 0.0275
1 0.1640625 0.5275 0.017708333333333333 0.03333333333333333
0 0.23177083333333334 0.49833333333333335 0.013541666666666667 0.025
0 0.3768229166666667 0.4825 0.008854166666666666 0.02
0 0.40234375 0.46375 0.0067708333333333336 0.0125
0 0.83515625 0.60375 0.043229166666666666 0.07916666666666666
0 0.7552083333333334 0.5275 0.027083333333333334 0.04666666666666667
0 0.6700520833333333 0.49416666666666664 0.018229166666666668 0.03333333333333333
0 0.6036458333333333 0.4795833333333333 0.014583333333333334 0.025833333333333333
0 0.6588541666666666 0.4525 0.009375 0.016666666666666666
0 0.7294270833333333 0.4483333333333333 0.0078125 0.013333333333333334
1 0.6184895833333334 0.44916666666666666 0.0067708333333333336 0.013333333333333334
0 0.48489583333333336 0.47625 0.009375 0.020833333333333332
0 0.47213541666666664 0.46 0.005729166666666666 0.013333333333333334
0 0.5583333333333333 0.45625 0.007291666666666667 0.015833333333333335
1 0.49765625 0.45458333333333334 0.005729166666666666 0.010833333333333334
1 0.45234375 0.4558333333333333 0.0046875 0.01
0 0.00234375 0.54125 0.0046875 0.014166666666666666
0 0.07682291666666667 0.48583333333333334 0.0067708333333333336 0.011666666666666667
1 0.1109375 0.48 0.005208333333333333 0.01
0 0.16640625 0.47583333333333333 0.0046875 0.01
1 0.17057291666666666 0.47375 0.0046875 0.0075
0 0.2171875 0.47 0.005208333333333333 0.008333333333333333
0 0.25494791666666666 0.46541666666666665 0.0046875 0.009166666666666667
0 0.2908854166666667 0.46166666666666667 0.0036458333333333334 0.008333333333333333
1 0.296875 0.46 0.003125 0.006666666666666667
0 0.32760416666666664 0.45875 0.004166666666666667 0.009166666666666667
1 0.33567708333333335 0.4575 0.0036458333333333334 0.006666666666666667
0 0.35390625 0.4575 0.0046875 0.008333333333333333
0 0.36354166666666665 0.46291666666666664 0.005208333333333333 0.0125
1 0.36223958333333334 0.455 0.0026041666666666665 0.006666666666666667
0 0.37265625 0.45875 0.0036458333333333334 0.009166666666666667
0 0.3765625 0.4575 0.004166666666666667 0.008333333333333333
1 0.38958333333333334 0.45375 0.003125 0.0075
1 0.415625 0.4525 0.004166666666666667 0.008333333333333333
1 0.42473958333333334 0.4529166666666667 0.0036458333333333334 0.009166666666666667
1 0.4278645833333333 0.45416666666666666 0.0026041666666666665 0.01
1 0.43046875 0.455 0.0026041666666666665 0.011666666666666667
1 0.43411458333333336 0.45625 0.0046875 0.010833333333333334
1 0.6541666666666667 0.44083333333333335 0.004166666666666667 0.01
1 0.6609375 0.44208333333333333 0.003125 0.009166666666666667
1 0.6635416666666667 0.44083333333333335 0.003125 0.008333333333333333
1 0.6638020833333333 0.4479166666666667 0.0036458333333333334 0.009166666666666667
1 0.6661458333333333 0.44458333333333333 0.004166666666666667 0.009166666666666667
1 0.6869791666666667 0.4375 0.004166666666666667 0.008333333333333333
0 0.7182291666666667 0.4379166666666667 0.00625 0.010833333333333334
0 0.7325520833333333 0.4395833333333333 0.005729166666666666 0.010833333333333334
0 0.7440104166666667 0.435 0.0046875 0.01
0 0.7536458333333333 0.44083333333333335 0.005208333333333333 0.011666666666666667
0 0.7625 0.44375 0.005208333333333333 0.0125
0 0.78671875 0.43291666666666667 0.0046875 0.009166666666666667
1 0.75859375 0.4325 0.0036458333333333334 0.006666666666666667
0 0.8333333333333334 0.43083333333333335 0.005208333333333333 0.01
1 0.8171875 0.43083333333333335 0.004166666666666667 0.008333333333333333
1 0.8645833333333334 0.42875 0.004166666666666667 0.009166666666666667
1 0.8908854166666667 0.42791666666666667 0.0036458333333333334 0.0075
0 0.8932291666666666 0.43 0.005208333333333333 0.01
1 0.9078125 0.42583333333333334 0.004166666666666667 0.008333333333333333
1 0.92734375 0.42333333333333334 0.0036458333333333334 0.008333333333333333
0 0.9432291666666667 0.4275 0.005208333333333333 0.01
0 0.9635416666666666 0.42541666666666667 0.005208333333333333 0.009166666666666667
0 0.9825520833333333 0.42333333333333334 0.005729166666666666 0.01
0 0.9981770833333333 0.4220833333333333 0.0036458333333333334 0.009166666666666667
1 0.9609375 0.4216666666666667 0.003125 0.006666666666666667
1 0.55625 0.4504166666666667 0.005208333333333333 0.0125