1 0.28802083333333334 0.61 0.04479166666666667 0.08166666666666667
1 0.43307291666666664 0.4920833333333333 0.0140625 0.0275
1 0.4578125 0.4741666666666667 0.010416666666666666 0.021666666666666667
1 0.4890625 0.4625 0.008333333333333333 0.018333333333333333
1 0.52734375 0.45458333333333334 0.0078125 0.014166666666666666
1 0.5611979166666666 0.4504166666666667 0.0067708333333333336 0.0125
1 0.6078125 0.44583333333333336 0.00625 0.013333333333333334
1 0.6692708333333334 0.44458333333333333 0.00625 0.0125
1 0.7330729166666666 0.44375 0.005729166666666666 0.0125
1 0.79375 0.44375 0.007291666666666667 0.0125
1 0.8755208333333333 0.44375 0.00625 0.014166666666666666
1 0.98515625 0.445 0.008854166666666666 0.015
0 0.6966145833333334 0.5570833333333334 0.03177083333333333 0.0575
0 0.6236979166666666 0.4920833333333333 0.015104166666666667 0.030833333333333334
0 0.6145833333333334 0.47458333333333336 0.011458333333333333 0.024166666666666666
0 0.6080729166666666 0.4633333333333333 0.009895833333333333 0.02
0 0.6192708333333333 0.4558333333333333 0.009375 0.016666666666666666
0 0.6375 0.4508333333333333 0.007291666666666667 0.015
0 0.6807291666666667 0.44875 0.00625 0.0125
0 0.7497395833333333 0.44708333333333333 0.0067708333333333336 0.014166666666666666
0 0.8111979166666666 0.44625 0.0067708333333333336 0.015833333333333335
0 0.88359375 0.4475 0.0067708333333333336 0.015
0 0.9658854166666667 0.4483333333333333 0.008854166666666666 0.016666666666666666
0 0.9630208333333333 0.785 0.07291666666666667 0.165