1 0.37864583333333335 0.5316666666666666 0.025 0.04666666666666667
1 0.45208333333333334 0.47833333333333333 0.0125 0.02666666666666667
1 0.47265625 0.4583333333333333 0.008854166666666666 0.02
1 0.48932291666666666 0.44916666666666666 0.0067708333333333336 0.015
1 0.5020833333333333 0.4429166666666667 0.00625 0.0125
1 0.5283854166666667 0.43916666666666665 0.0046875 0.011666666666666667
1 0.575 0.43625 0.005208333333333333 0.010833333333333334
1 0.62734375 0.4354166666666667 0.0046875 0.010833333333333334
1 0.6739583333333333 0.4345833333333333 0.005208333333333333 0.010833333333333334
1 0.7375 0.435 0.005208333333333333 0.01
1 0.8192708333333333 0.43583333333333335 0.005208333333333333 0.011666666666666667
1 0.8984375 0.4370833333333333 0.007291666666666667 0.014166666666666666
1 0.9802083333333333 0.43875 0.008333333333333333 0.015833333333333335
0 0.71015625 0.5333333333333333 0.025520833333333333 0.051666666666666666
0 0.6270833333333333 0.47708333333333336 0.013541666666666667 0.0275
0 0.596875 0.4558333333333333 0.008333333333333333 0.018333333333333333
0 0.6174479166666667 0.43875 0.005729166666666666 0.0125
0 0.5869791666666667 0.44208333333333333 0.004166666666666667 0.0125
0 0.5911458333333334 0.44708333333333333 0.00625 0.014166666666666666
0 0.9307291666666667 0.44208333333333333 0.009375 0.0175
0 0.8372395833333334 0.44 0.0078125 0.013333333333333334
0 0.74296875 0.4379166666666667 0.0067708333333333336 0.0125
0 0.66796875 0.4370833333333333 0.005729166666666666 0.0125