0 0.909375 0.30333333333333334 0.017708333333333333 0.025
0 0.7942708333333334 0.31375 0.0125 0.019166666666666665
0 0.6953125 0.32 0.0125 0.025
0 0.50625 0.3375 0.013541666666666667 0.015
0 0.5513020833333333 0.33125 0.009895833333333333 0.020833333333333332
0 0.4440104166666667 0.34041666666666665 0.008854166666666666 0.019166666666666665
1 0.40963541666666664 0.36083333333333334 0.0140625 0.015
1 0.46796875 0.3570833333333333 0.009895833333333333 0.0175
1 0.53125 0.34958333333333336 0.0125 0.025833333333333333
1 0.5955729166666667 0.3308333333333333 0.009895833333333333 0.016666666666666666
1 0.6309895833333333 0.34208333333333335 0.0140625 0.0275