0 0.6135416666666667 0.44083333333333335 0.07395833333333333 0.165
1 0.3731770833333333 0.09833333333333333 0.005729166666666666 0.015
1 0.471875 0.08875 0.005208333333333333 0.014166666666666666
1 0.5690104166666666 0.07833333333333334 0.0046875 0.015
1 0.6338541666666667 0.07333333333333333 0.00625 0.013333333333333334
1 0.70078125 0.06666666666666667 0.005729166666666666 0.013333333333333334
0 0.5182291666666666 0.08958333333333333 0.007291666666666667 0.0175
0 0.5953125 0.08166666666666667 0.007291666666666667 0.016666666666666666
0 0.6643229166666667 0.07458333333333333 0.0067708333333333336 0.015833333333333335
0 0.7270833333333333 0.06875 0.00625 0.015833333333333335
0 0.4427083333333333 0.09708333333333333 0.007291666666666667 0.0175
0 0.325 0.1075 0.008333333333333333 0.02
0 0.134375 0.12583333333333332 0.009375 0.021666666666666667
1 0.23333333333333334 0.11083333333333334 0.008333333333333333 0.018333333333333333
0 0.78359375 0.06291666666666666 0.0067708333333333336 0.015833333333333335
1 0.8005208333333333 0.058333333333333334 0.004166666666666667 0.011666666666666667