0 0.7658854166666667 0.7158333333333333 0.12135416666666667 0.2783333333333333
0 0.6734375 0.12041666666666667 0.015625 0.030833333333333334
0 0.37890625 0.13416666666666666 0.011979166666666667 0.028333333333333332
0 0.2578125 0.14083333333333334 0.0125 0.028333333333333332
0 0.08125 0.1525 0.015625 0.03
1 0.6973958333333333 0.10708333333333334 0.011458333333333333 0.024166666666666666
1 0.4510416666666667 0.11791666666666667 0.011458333333333333 0.0225
1 0.2908854166666667 0.12708333333333333 0.0109375 0.0225
1 0.16067708333333333 0.13583333333333333 0.0109375 0.023333333333333334
1 0.04635416666666667 0.14333333333333334 0.013541666666666667 0.023333333333333334
1 0.97421875 0.09083333333333334 0.011979166666666667 0.028333333333333332