1 0.08177083333333333 0.5179166666666667 0.021875 0.034166666666666665
0 0.16171875 0.4875 0.011979166666666667 0.023333333333333334
1 0.23958333333333334 0.4995833333333333 0.014583333333333334 0.029166666666666667
0 0.32057291666666665 0.47625 0.011979166666666667 0.0225
1 0.3458333333333333 0.4995833333333333 0.015625 0.030833333333333334
0 0.3484375 0.45625 0.00625 0.0125
1 0.3703125 0.51875 0.020833333333333332 0.03916666666666667
1 0.315625 0.5604166666666667 0.03125 0.0575
1 0.12552083333333333 0.6558333333333334 0.06041666666666667 0.09833333333333333
1 0.3997395833333333 0.4504166666666667 0.0046875 0.010833333333333334
1 0.3807291666666667 0.44958333333333333 0.004166666666666667 0.009166666666666667
1 0.44583333333333336 0.44958333333333333 0.005208333333333333 0.010833333333333334
1 0.56640625 0.44625 0.0046875 0.010833333333333334
1 0.5044270833333333 0.44708333333333333 0.0036458333333333334 0.010833333333333334
1 0.6098958333333333 0.44583333333333336 0.004166666666666667 0.01
1 0.6010416666666667 0.44 0.003125 0.008333333333333333
0 0.6052083333333333 0.45125 0.00625 0.014166666666666666
1 0.796875 0.43375 0.003125 0.0075
1 0.75390625 0.43375 0.0026041666666666665 0.0075
0 0.7692708333333333 0.43583333333333335 0.004166666666666667 0.008333333333333333
0 0.8221354166666667 0.4354166666666667 0.0036458333333333334 0.009166666666666667
0 0.7270833333333333 0.43583333333333335 0.003125 0.008333333333333333
0 0.70390625 0.44583333333333336 0.0046875 0.011666666666666667
0 0.6958333333333333 0.4425 0.004166666666666667 0.011666666666666667
0 0.6755208333333333 0.44 0.003125 0.01
0 0.6734375 0.44916666666666666 0.00625 0.013333333333333334
0 0.6627604166666666 0.43875 0.0046875 0.009166666666666667
0 0.6872395833333333 0.43583333333333335 0.0036458333333333334 0.008333333333333333
1 0.6330729166666667 0.43625 0.0036458333333333334 0.0075
0 0.8661458333333333 0.4345833333333333 0.004166666666666667 0.009166666666666667
0 0.8830729166666667 0.43333333333333335 0.0036458333333333334 0.008333333333333333
0 0.9 0.43166666666666664 0.003125 0.008333333333333333
0 0.9143229166666667 0.43083333333333335 0.0036458333333333334 0.008333333333333333
0 0.95390625 0.43041666666666667 0.0036458333333333334 0.009166666666666667
1 0.8520833333333333 0.43083333333333335 0.003125 0.006666666666666667
1 0.834375 0.4325 0.003125 0.006666666666666667
1 0.92421875 0.42916666666666664 0.0026041666666666665 0.006666666666666667
1 0.9833333333333333 0.42875 0.003125 0.0075
0 0.5067708333333333 0.4525 0.00625 0.013333333333333334
0 0.42083333333333334 0.45416666666666666 0.005208333333333333 0.013333333333333334
0 0.4315104166666667 0.47041666666666665 0.0078125 0.020833333333333332
0 0.5494791666666666 0.4766666666666667 0.010416666666666666 0.023333333333333334
0 0.6127604166666667 0.49166666666666664 0.015104166666666667 0.03166666666666667
0 0.6893229166666667 0.525 0.024479166666666666 0.045
0 0.7520833333333333 0.5966666666666667 0.04479166666666667 0.07666666666666666
0 0.30755208333333334 0.455 0.0046875 0.011666666666666667
1 0.025 0.46625 0.004166666666666667 0.009166666666666667
1 0.09505208333333333 0.4608333333333333 0.0046875 0.008333333333333333
0 0.08958333333333333 0.46291666666666664 0.00625 0.010833333333333334
0 0.14817708333333332 0.4575 0.005729166666666666 0.01
0 0.19088541666666667 0.45458333333333334 0.0046875 0.009166666666666667
0 0.23046875 0.45166666666666666 0.0036458333333333334 0.008333333333333333
1 0.23697916666666666 0.4504166666666667 0.003125 0.0075
0 0.27057291666666666 0.44916666666666666 0.0036458333333333334 0.008333333333333333
1 0.2786458333333333 0.4479166666666667 0.003125 0.0075
0 0.29765625 0.44875 0.0036458333333333334 0.009166666666666667
1 0.30755208333333334 0.44666666666666666 0.0026041666666666665 0.006666666666666667
0 0.31796875 0.4508333333333333 0.0036458333333333334 0.01
0 0.321875 0.44875 0.003125 0.009166666666666667
1 0.33567708333333335 0.44625 0.0026041666666666665 0.0075
1 0.3625 0.4454166666666667 0.004166666666666667 0.0075
1 0.37213541666666666 0.44625 0.0026041666666666665 0.0075
1 0.37473958333333335 0.44708333333333333 0.0026041666666666665 0.009166666666666667
1 0.3776041666666667 0.4479166666666667 0.003125 0.009166666666666667
1 0.61328125 0.44333333333333336 0.0036458333333333334 0.01
1 0.6080729166666666 0.44083333333333335 0.0036458333333333334 0.01
1 0.6104166666666667 0.43833333333333335 0.003125 0.008333333333333333
1 0.7010416666666667 0.435 0.0020833333333333333 0.006666666666666667
1 0.8192708333333333 0.43416666666666665 0.003125 0.006666666666666667