1 0.2947916666666667 0.6545833333333333 0.053125 0.09083333333333334
1 0.3953125 0.5566666666666666 0.028125 0.051666666666666666
1 0.47213541666666664 0.5045833333333334 0.016145833333333335 0.030833333333333334
1 0.5229166666666667 0.4866666666666667 0.011458333333333333 0.025
1 0.5036458333333333 0.46541666666666665 0.008333333333333333 0.015833333333333335
1 0.44088541666666664 0.4716666666666667 0.0078125 0.016666666666666666
1 0.3770833333333333 0.4820833333333333 0.009375 0.019166666666666665
1 0.25026041666666665 0.5025 0.011979166666666667 0.023333333333333334
1 0.027864583333333335 0.5383333333333333 0.0203125 0.03166666666666667
0 0.12708333333333333 0.5083333333333333 0.014583333333333334 0.021666666666666667
0 0.28072916666666664 0.48625 0.009375 0.0175
0 0.35651041666666666 0.47583333333333333 0.0078125 0.015
0 0.4510416666666667 0.46375 0.007291666666666667 0.0125
0 0.5356770833333333 0.4575 0.0078125 0.015
0 0.5947916666666667 0.44625 0.00625 0.010833333333333334
0 0.60390625 0.4533333333333333 0.008854166666666666 0.015
1 0.57578125 0.4683333333333333 0.008854166666666666 0.018333333333333333
1 0.5606770833333333 0.47625 0.009895833333333333 0.020833333333333332
0 0.6768229166666667 0.45416666666666666 0.0078125 0.015
0 0.7080729166666667 0.45875 0.0109375 0.019166666666666665
0 0.7278645833333334 0.46791666666666665 0.0109375 0.020833333333333332
0 0.7200520833333334 0.4791666666666667 0.013020833333333334 0.02666666666666667
0 0.71171875 0.49875 0.018229166666666668 0.0325
0 0.7528645833333333 0.5483333333333333 0.028645833333333332 0.05333333333333334
1 0.5596354166666667 0.46291666666666664 0.008854166666666666 0.015833333333333335
0 0.12265625 0.48541666666666666 0.0067708333333333336 0.0125
0 0.18828125 0.4775 0.005729166666666666 0.01
0 0.2596354166666667 0.46958333333333335 0.0046875 0.009166666666666667
0 0.31666666666666665 0.4633333333333333 0.004166666666666667 0.008333333333333333
0 0.5111979166666667 0.44875 0.0036458333333333334 0.0075
0 0.5151041666666667 0.44666666666666666 0.003125 0.008333333333333333
0 0.5424479166666667 0.44875 0.0036458333333333334 0.009166666666666667
1 0.5638020833333334 0.44375 0.0036458333333333334 0.009166666666666667
1 0.5609375 0.44333333333333336 0.003125 0.008333333333333333
1 0.5580729166666667 0.4429166666666667 0.0036458333333333334 0.0075
1 0.5549479166666667 0.44208333333333333 0.0036458333333333334 0.0075
1 0.5786458333333333 0.44416666666666665 0.004166666666666667 0.008333333333333333
1 0.6143229166666667 0.44333333333333336 0.0046875 0.008333333333333333
1 0.6604166666666667 0.4404166666666667 0.003125 0.009166666666666667
0 0.6588541666666666 0.4425 0.005208333333333333 0.011666666666666667
0 0.7372395833333333 0.4404166666666667 0.005729166666666666 0.0125
1 0.7104166666666667 0.43875 0.005208333333333333 0.010833333333333334
1 0.74921875 0.43666666666666665 0.0046875 0.008333333333333333
1 0.7544270833333333 0.43625 0.0036458333333333334 0.009166666666666667
0 0.7981770833333334 0.4375 0.005729166666666666 0.011666666666666667
0 0.8088541666666667 0.43041666666666667 0.005208333333333333 0.009166666666666667
0 0.8171875 0.4325 0.005208333333333333 0.008333333333333333
0 0.8328125 0.4345833333333333 0.005208333333333333 0.010833333333333334
0 0.8302083333333333 0.4325 0.004166666666666667 0.01
0 0.83984375 0.42791666666666667 0.0036458333333333334 0.0075
0 0.8833333333333333 0.42583333333333334 0.004166666666666667 0.008333333333333333
0 0.9296875 0.42375 0.004166666666666667 0.009166666666666667
1 0.9197916666666667 0.42333333333333334 0.004166666666666667 0.008333333333333333
1 0.9692708333333333 0.4216666666666667 0.005208333333333333 0.008333333333333333
1 0.9986979166666666 0.42041666666666666 0.0026041666666666665 0.0075
0 0.990625 0.4220833333333333 0.005208333333333333 0.009166666666666667
1 0.08020833333333334 0.4870833333333333 0.005208333333333333 0.009166666666666667
1 0.15911458333333334 0.47875 0.0046875 0.009166666666666667
1 0.22786458333333334 0.47208333333333335 0.0036458333333333334 0.0075
1 0.28515625 0.46541666666666665 0.0036458333333333334 0.0075
1 0.39296875 0.45416666666666666 0.0026041666666666665 0.005
1 0.5463541666666667 0.4425 0.003125 0.006666666666666667
1 0.75078125 0.43375 0.0026041666666666665 0.0075
1 0.7622395833333333 0.43166666666666664 0.0036458333333333334 0.008333333333333333
1 0.7859375 0.43 0.003125 0.006666666666666667
1 0.8184895833333333 0.42833333333333334 0.0026041666666666665 0.006666666666666667
1 0.8596354166666667 0.42583333333333334 0.0036458333333333334 0.008333333333333333
0 0.8122395833333333 0.4295833333333333 0.0036458333333333334 0.009166666666666667
0 0.49713541666666666 0.44625 0.0026041666666666665 0.0075
0 0.47578125 0.44708333333333333 0.0026041666666666665 0.005833333333333334
0 0.4471354166666667 0.44916666666666666 0.0026041666666666665 0.006666666666666667
0 0.42161458333333335 0.45208333333333334 0.0026041666666666665 0.005833333333333334
0 0.3966145833333333 0.45416666666666666 0.0036458333333333334 0.006666666666666667
0 0.365625 0.4575 0.003125 0.006666666666666667
1 0.36302083333333335 0.4575 0.0020833333333333333 0.005
1 0.41848958333333336 0.45125 0.0026041666666666665 0.005833333333333334
1 0.45026041666666666 0.44916666666666666 0.0026041666666666665 0.005
1 0.48020833333333335 0.44583333333333336 0.0020833333333333333 0.005
1 0.5020833333333333 0.445 0.0020833333333333333 0.005
1 0.52421875 0.44375 0.0026041666666666665 0.005833333333333334