1 0.46458333333333335 0.5883333333333334 0.036458333333333336 0.07
1 0.67265625 0.5195833333333333 0.021354166666666667 0.0425
1 0.8309895833333333 0.5016666666666667 0.0203125 0.035
1 0.9630208333333333 0.49375 0.021875 0.030833333333333334
1 0.9658854166666667 0.4533333333333333 0.0078125 0.013333333333333334
1 0.9104166666666667 0.45125 0.007291666666666667 0.0125
1 0.85078125 0.45125 0.005729166666666666 0.0125
1 0.77890625 0.4504166666666667 0.0067708333333333336 0.0125
0 0.8247395833333333 0.4479166666666667 0.005729166666666666 0.010833333333333334
0 0.7627604166666667 0.44708333333333333 0.005729166666666666 0.0125
0 0.8807291666666667 0.44875 0.005208333333333333 0.0125
0 0.7015625 0.44708333333333333 0.005208333333333333 0.0125
1 0.7111979166666667 0.4504166666666667 0.0067708333333333336 0.0125
1 0.6283854166666667 0.44875 0.005729166666666666 0.0125
0 0.6473958333333333 0.44708333333333333 0.005208333333333333 0.010833333333333334
1 0.5817708333333333 0.4475 0.005208333333333333 0.011666666666666667
1 0.5481770833333334 0.4454166666666667 0.0036458333333333334 0.009166666666666667
1 0.540625 0.44375 0.003125 0.009166666666666667
0 0.6122395833333333 0.44583333333333336 0.0046875 0.01
0 0.6044270833333333 0.44416666666666665 0.0036458333333333334 0.01
0 0.95859375 0.4504166666666667 0.0067708333333333336 0.0125
0 0.9265625 0.44375 0.003125 0.0075
0 0.8755208333333333 0.4429166666666667 0.003125 0.0075
0 0.80859375 0.44208333333333333 0.0036458333333333334 0.0075
0 0.7369791666666666 0.44166666666666665 0.0020833333333333333 0.006666666666666667
0 0.66171875 0.44083333333333335 0.0015625 0.006666666666666667
0 0.6395833333333333 0.4395833333333333 0.0020833333333333333 0.0075
0 0.6158854166666666 0.44125 0.0015625 0.0075
0 0.61875 0.44333333333333336 0.0020833333333333333 0.008333333333333333
0 0.6302083333333334 0.44166666666666665 0.0020833333333333333 0.008333333333333333
0 0.5861979166666667 0.44083333333333335 0.0015625 0.006666666666666667
1 0.5552083333333333 0.4425 0.0020833333333333333 0.008333333333333333
1 0.5611979166666666 0.44125 0.0026041666666666665 0.0075
1 0.56875 0.44166666666666665 0.0020833333333333333 0.008333333333333333
1 0.50234375 0.4395833333333333 0.0015625 0.0075
1 0.68828125 0.44 0.0026041666666666665 0.006666666666666667
1 0.7216145833333333 0.44125 0.0026041666666666665 0.0075