1 0.3921875 0.5995833333333334 0.03958333333333333 0.07083333333333333
1 0.525 0.5258333333333334 0.019791666666666666 0.04
1 0.6559895833333333 0.49333333333333335 0.015104166666666667 0.028333333333333332
1 0.8033854166666666 0.47541666666666665 0.0109375 0.024166666666666666
1 0.90859375 0.465 0.013020833333333334 0.021666666666666667
0 0.9348958333333334 0.5154166666666666 0.030208333333333334 0.04083333333333333
0 0.9018229166666667 0.5608333333333333 0.03697916666666667 0.06
1 0.7515625 0.4425 0.004166666666666667 0.008333333333333333
1 0.7549479166666667 0.44166666666666665 0.0036458333333333334 0.006666666666666667
1 0.7677083333333333 0.44166666666666665 0.004166666666666667 0.006666666666666667
1 0.7799479166666666 0.4425 0.0046875 0.008333333333333333
1 0.7861979166666667 0.44125 0.0036458333333333334 0.0075
1 0.8190104166666666 0.44 0.0036458333333333334 0.006666666666666667
1 0.8247395833333333 0.4429166666666667 0.0036458333333333334 0.0075
0 0.8158854166666667 0.44083333333333335 0.0036458333333333334 0.006666666666666667
0 0.80703125 0.44125 0.0036458333333333334 0.0075
0 0.8299479166666667 0.44166666666666665 0.0036458333333333334 0.008333333333333333
0 0.8510416666666667 0.4395833333333333 0.004166666666666667 0.0075
1 0.871875 0.43875 0.003125 0.005833333333333334
1 0.8921875 0.44125 0.004166666666666667 0.009166666666666667
0 0.8869791666666667 0.44 0.005208333333333333 0.01
1 0.9546875 0.43625 0.004166666666666667 0.0075
1 0.96328125 0.44 0.0046875 0.01
0 0.9763020833333333 0.43625 0.0046875 0.0075
0 0.9981770833333333 0.43833333333333335 0.0036458333333333334 0.01