1 0.33151041666666664 0.7416666666666667 0.10260416666666666 0.21666666666666667
1 0.8278645833333333 0.5470833333333334 0.0546875 0.11416666666666667
1 0.9736979166666667 0.35333333333333333 0.0140625 0.02666666666666667
1 0.7622395833333333 0.34625 0.013020833333333334 0.0275
1 0.5528645833333333 0.33541666666666664 0.013020833333333334 0.029166666666666667
1 0.39375 0.32875 0.0125 0.029166666666666667
1 0.17057291666666666 0.315 0.015104166666666667 0.028333333333333332
1 0.10885416666666667 0.27375 0.00625 0.010833333333333334
1 0.03046875 0.30125 0.015104166666666667 0.025833333333333333
1 0.04583333333333333 0.27208333333333334 0.00625 0.0125
1 0.16640625 0.27541666666666664 0.005729166666666666 0.009166666666666667
1 0.93828125 0.30833333333333335 0.0036458333333333334 0.006666666666666667
1 0.8729166666666667 0.30541666666666667 0.004166666666666667 0.0075
1 0.8013020833333333 0.30333333333333334 0.0046875 0.008333333333333333
1 0.7333333333333333 0.3 0.003125 0.008333333333333333
1 0.6697916666666667 0.2970833333333333 0.003125 0.009166666666666667
1 0.5908854166666667 0.29333333333333333 0.0036458333333333334 0.008333333333333333
0 0.8268229166666666 0.3308333333333333 0.0109375 0.021666666666666667
0 0.95 0.33625 0.009375 0.0225
0 0.9169270833333333 0.30875 0.0046875 0.009166666666666667
0 0.6583333333333333 0.3225 0.008333333333333333 0.021666666666666667
0 0.6083333333333333 0.29625 0.004166666666666667 0.010833333333333334
0 0.48932291666666666 0.31708333333333333 0.0078125 0.020833333333333332
0 0.5244791666666667 0.2920833333333333 0.004166666666666667 0.010833333333333334
0 0.3223958333333333 0.30916666666666665 0.007291666666666667 0.02
0 0.4171875 0.28791666666666665 0.004166666666666667 0.010833333333333334
0 0.21979166666666666 0.30041666666666667 0.010416666666666666 0.020833333333333332
0 0.15625 0.2783333333333333 0.00625 0.013333333333333334
0 0.09348958333333333 0.28833333333333333 0.008854166666666666 0.016666666666666666
0 0.08072916666666667 0.27875 0.007291666666666667 0.014166666666666666
0 0.052083333333333336 0.2816666666666667 0.008333333333333333 0.016666666666666666
0 0.296875 0.2841666666666667 0.005208333333333333 0.011666666666666667
0 0.6981770833333333 0.30041666666666667 0.0046875 0.010833333333333334