1 0.5036458333333333 0.6529166666666667 0.07291666666666667 0.15916666666666668
1 0.1171875 0.35125 0.026041666666666668 0.04416666666666667
1 0.34348958333333335 0.3458333333333333 0.019270833333333334 0.04
1 0.5307291666666667 0.33458333333333334 0.014583333333333334 0.029166666666666667
1 0.6020833333333333 0.32708333333333334 0.011458333333333333 0.024166666666666666
1 0.66015625 0.3225 0.0109375 0.021666666666666667
1 0.7046875 0.32 0.009375 0.018333333333333333
1 0.7661458333333333 0.32083333333333336 0.009375 0.016666666666666666
1 0.7794270833333333 0.315 0.0078125 0.015
1 0.7953125 0.3129166666666667 0.007291666666666667 0.0125
1 0.8033854166666666 0.30916666666666665 0.005729166666666666 0.011666666666666667
1 0.7877604166666666 0.30375 0.0046875 0.009166666666666667
1 0.7583333333333333 0.30083333333333334 0.004166666666666667 0.008333333333333333
0 0.0578125 0.3175 0.01875 0.03333333333333333
0 0.24557291666666667 0.32 0.0140625 0.02666666666666667
0 0.40989583333333335 0.31625 0.013541666666666667 0.024166666666666666
0 0.49921875 0.31125 0.0109375 0.019166666666666665
0 0.5557291666666667 0.30875 0.008333333333333333 0.019166666666666665
0 0.6463541666666667 0.30875 0.008333333333333333 0.015833333333333335
0 0.6713541666666667 0.3070833333333333 0.00625 0.014166666666666666
0 0.6981770833333333 0.30541666666666667 0.005729166666666666 0.0125
0 0.7177083333333333 0.30291666666666667 0.00625 0.0125
0 0.6346354166666667 0.2925 0.0046875 0.008333333333333333
0 0.6708333333333333 0.29541666666666666 0.004166666666666667 0.009166666666666667
0 0.55625 0.28791666666666665 0.003125 0.009166666666666667
0 0.5986979166666667 0.29041666666666666 0.0036458333333333334 0.009166666666666667
0 0.46145833333333336 0.28375 0.004166666666666667 0.009166666666666667
0 0.50859375 0.28541666666666665 0.0036458333333333334 0.009166666666666667
0 0.34817708333333336 0.28125 0.0046875 0.009166666666666667
0 0.41744791666666664 0.28291666666666665 0.0036458333333333334 0.0075
0 0.026822916666666665 0.2679166666666667 0.005729166666666666 0.010833333333333334
0 0.0984375 0.27166666666666667 0.005208333333333333 0.01
0 0.17005208333333333 0.27458333333333335 0.0046875 0.010833333333333334
0 0.23645833333333333 0.2775 0.005208333333333333 0.01
1 0.25833333333333336 0.27666666666666667 0.004166666666666667 0.008333333333333333
1 0.40625 0.2816666666666667 0.003125 0.008333333333333333
1 0.4510416666666667 0.28291666666666665 0.003125 0.0075
1 0.49973958333333335 0.28458333333333335 0.0036458333333333334 0.0075
1 0.5510416666666667 0.28708333333333336 0.003125 0.0075
1 0.6432291666666666 0.2916666666666667 0.003125 0.006666666666666667
1 0.6841145833333333 0.2945833333333333 0.0036458333333333334 0.0075
0 0.2955729166666667 0.2791666666666667 0.0036458333333333334 0.008333333333333333