1 0.4205729166666667 0.5975 0.0609375 0.12833333333333333
1 0.72734375 0.5054166666666666 0.050520833333333334 0.08916666666666667
1 0.6260416666666667 0.42125 0.030208333333333334 0.05416666666666667
1 0.5408854166666667 0.3725 0.0171875 0.035
1 0.4890625 0.34958333333333336 0.013541666666666667 0.0275
1 0.49140625 0.33416666666666667 0.009895833333333333 0.02
1 0.5330729166666667 0.3275 0.009895833333333333 0.02
1 0.58515625 0.32458333333333333 0.0078125 0.015833333333333335
1 0.6515625 0.3258333333333333 0.008333333333333333 0.015
0 0.9848958333333333 0.4270833333333333 0.030208333333333334 0.05416666666666667
0 0.77109375 0.3775 0.019270833333333334 0.035
0 0.6609375 0.3525 0.015625 0.028333333333333332
0 0.9283854166666666 0.34458333333333335 0.011979166666666667 0.019166666666666665
0 0.9794270833333333 0.3433333333333333 0.013020833333333334 0.02
0 0.9638020833333333 0.3375 0.0109375 0.016666666666666666
0 0.9489583333333333 0.3325 0.010416666666666666 0.015
1 0.7455729166666667 0.32916666666666666 0.008854166666666666 0.015
1 0.8411458333333334 0.32666666666666666 0.00625 0.013333333333333334
1 0.86484375 0.3229166666666667 0.005729166666666666 0.010833333333333334
1 0.9072916666666667 0.3225 0.005208333333333333 0.01
1 0.9841145833333333 0.3258333333333333 0.0046875 0.01