0 0.9088541666666666 0.4725 0.09166666666666666 0.18
0 0.7216145833333333 0.09083333333333334 0.009895833333333333 0.02
0 0.5674479166666667 0.10625 0.008854166666666666 0.0225
0 0.3885416666666667 0.12458333333333334 0.011458333333333333 0.024166666666666666
0 0.17317708333333334 0.14666666666666667 0.013020833333333334 0.02666666666666667
1 0.7338541666666667 0.08375 0.007291666666666667 0.015833333333333335
1 0.6322916666666667 0.09208333333333334 0.008333333333333333 0.015833333333333335
1 0.50546875 0.10416666666666667 0.008854166666666666 0.018333333333333333
1 0.34791666666666665 0.12041666666666667 0.009375 0.019166666666666665
0 0.8229166666666666 0.08125 0.007291666666666667 0.0175
0 0.90625 0.07291666666666667 0.005208333333333333 0.015833333333333335
1 0.8994791666666667 0.06708333333333333 0.00625 0.015833333333333335