1 0.22213541666666667 0.5995833333333334 0.0390625 0.06583333333333333
1 0.28828125 0.5108333333333334 0.016145833333333335 0.03
1 0.30859375 0.48541666666666666 0.008854166666666666 0.019166666666666665
1 0.3171875 0.47333333333333333 0.007291666666666667 0.015
0 0.5473958333333333 0.5191666666666667 0.021875 0.041666666666666664
0 0.4609375 0.48333333333333334 0.011458333333333333 0.023333333333333334
0 0.434375 0.4716666666666667 0.008333333333333333 0.018333333333333333
0 0.42161458333333335 0.4658333333333333 0.0067708333333333336 0.015
0 0.4114583333333333 0.46041666666666664 0.005208333333333333 0.0125
0 0.40260416666666665 0.45708333333333334 0.005208333333333333 0.010833333333333334
1 0.3234375 0.46541666666666665 0.00625 0.0125
1 0.3268229166666667 0.46041666666666664 0.0046875 0.0125
1 0.3296875 0.4575 0.004166666666666667 0.01
1 0.34817708333333336 0.44875 0.0036458333333333334 0.0075
1 0.36432291666666666 0.44666666666666666 0.0036458333333333334 0.008333333333333333
1 0.40703125 0.44208333333333333 0.0026041666666666665 0.005833333333333334
0 0.41692708333333334 0.4425 0.0026041666666666665 0.006666666666666667
0 0.3953125 0.45375 0.004166666666666667 0.010833333333333334
0 0.39140625 0.45166666666666666 0.0036458333333333334 0.01
0 0.9361979166666666 0.4170833333333333 0.0046875 0.0075
0 0.8958333333333334 0.4220833333333333 0.005208333333333333 0.010833333333333334
0 0.8921875 0.41833333333333333 0.004166666666666667 0.008333333333333333
1 0.9268229166666667 0.41833333333333333 0.005729166666666666 0.01
1 0.9114583333333334 0.4175 0.004166666666666667 0.008333333333333333
1 0.8838541666666667 0.4191666666666667 0.005208333333333333 0.01
1 0.8388020833333333 0.42 0.0036458333333333334 0.006666666666666667
1 0.87734375 0.4191666666666667 0.0046875 0.008333333333333333
0 0.8505208333333333 0.42333333333333334 0.005208333333333333 0.01
0 0.8705729166666667 0.41875 0.0036458333333333334 0.0075
0 0.8609375 0.4191666666666667 0.003125 0.006666666666666667
0 0.84609375 0.4195833333333333 0.0036458333333333334 0.005833333333333334
0 0.84921875 0.4191666666666667 0.0036458333333333334 0.006666666666666667
0 0.7953125 0.425 0.004166666666666667 0.01
1 0.8229166666666666 0.4220833333333333 0.004166666666666667 0.009166666666666667
1 0.78515625 0.42333333333333334 0.0036458333333333334 0.008333333333333333
1 0.81171875 0.42041666666666666 0.0036458333333333334 0.0075
1 0.8088541666666667 0.42041666666666666 0.003125 0.0075
1 0.7541666666666667 0.4245833333333333 0.004166666666666667 0.0075
1 0.7239583333333334 0.425 0.003125 0.006666666666666667
0 0.7453125 0.4266666666666667 0.004166666666666667 0.008333333333333333
0 0.70390625 0.42833333333333334 0.0036458333333333334 0.008333333333333333
1 0.7015625 0.42583333333333334 0.003125 0.008333333333333333
1 0.6666666666666666 0.4266666666666667 0.003125 0.006666666666666667
0 0.6705729166666666 0.42916666666666664 0.0026041666666666665 0.008333333333333333
0 0.64453125 0.4295833333333333 0.0026041666666666665 0.0075
0 0.61328125 0.4295833333333333 0.0026041666666666665 0.0075
1 0.6369791666666667 0.4275 0.003125 0.006666666666666667
0 0.5778645833333333 0.43125 0.0026041666666666665 0.0075
0 0.5283854166666667 0.43416666666666665 0.0026041666666666665 0.006666666666666667
1 0.5361979166666667 0.4325 0.0026041666666666665 0.005
0 0.47291666666666665 0.4375 0.003125 0.006666666666666667
0 0.4395833333333333 0.44 0.003125 0.006666666666666667
1 0.3809895833333333 0.44375 0.0026041666666666665 0.005833333333333334
1 0.6018229166666667 0.4295833333333333 0.0026041666666666665 0.005833333333333334
1 0.571875 0.43083333333333335 0.0020833333333333333 0.005
0 0.55390625 0.43291666666666667 0.0026041666666666665 0.0075