1 0.2546875 0.6225 0.04583333333333333 0.09
1 0.45729166666666665 0.5166666666666667 0.022916666666666665 0.04
1 0.5291666666666667 0.48625 0.014583333333333334 0.029166666666666667
1 0.5588541666666667 0.47 0.009375 0.021666666666666667
1 0.6184895833333334 0.46166666666666667 0.008854166666666666 0.018333333333333333
1 0.6395833333333333 0.45625 0.007291666666666667 0.015833333333333335
1 0.65703125 0.45125 0.005729166666666666 0.014166666666666666
1 0.6661458333333333 0.4479166666666667 0.00625 0.0125
1 0.6846354166666667 0.44333333333333336 0.005729166666666666 0.011666666666666667
1 0.7002604166666667 0.43666666666666665 0.0036458333333333334 0.008333333333333333
1 0.70703125 0.4404166666666667 0.0046875 0.010833333333333334
1 0.7270833333333333 0.43916666666666665 0.004166666666666667 0.01
1 0.7388020833333333 0.4375 0.0036458333333333334 0.01
0 0.9432291666666667 0.6995833333333333 0.08854166666666667 0.12583333333333332
0 0.7408854166666666 0.4766666666666667 0.0140625 0.025
0 0.7513020833333334 0.49166666666666664 0.0171875 0.03166666666666667
0 0.7947916666666667 0.46416666666666667 0.011458333333333333 0.02
0 0.765625 0.44916666666666666 0.007291666666666667 0.015
0 0.7755208333333333 0.4554166666666667 0.008333333333333333 0.0175
0 0.7807291666666667 0.44416666666666665 0.005208333333333333 0.013333333333333334
0 0.8 0.44208333333333333 0.00625 0.0125
0 0.8096354166666667 0.435 0.0046875 0.01
0 0.7731770833333333 0.5279166666666667 0.0296875 0.0475
0 0.8794270833333333 0.43083333333333335 0.0046875 0.008333333333333333
0 0.9880208333333333 0.4266666666666667 0.004166666666666667 0.008333333333333333
0 0.98203125 0.42916666666666664 0.0036458333333333334 0.008333333333333333
0 0.9744791666666667 0.4295833333333333 0.004166666666666667 0.009166666666666667
0 0.9356770833333333 0.43083333333333335 0.0036458333333333334 0.008333333333333333
1 0.9677083333333333 0.42625 0.003125 0.005833333333333334
1 0.9393229166666667 0.4266666666666667 0.0036458333333333334 0.006666666666666667
1 0.9028645833333333 0.42916666666666664 0.0026041666666666665 0.006666666666666667
1 0.9119791666666667 0.42875 0.003125 0.0075
1 0.9182291666666667 0.42833333333333334 0.003125 0.006666666666666667
1 0.8677083333333333 0.42916666666666664 0.003125 0.006666666666666667
0 0.8213541666666667 0.43666666666666665 0.0020833333333333333 0.01
0 0.81796875 0.43916666666666665 0.0046875 0.011666666666666667
0 0.8174479166666667 0.43083333333333335 0.0026041666666666665 0.008333333333333333
1 0.825 0.43 0.003125 0.006666666666666667
1 0.7880208333333333 0.43 0.003125 0.006666666666666667
0 0.76875 0.43125 0.003125 0.0075
0 0.7653645833333333 0.43333333333333335 0.0036458333333333334 0.008333333333333333
1 0.0015625 0.46875 0.003125 0.010833333333333334
1 0.015625 0.46458333333333335 0.005208333333333333 0.010833333333333334
1 0.04583333333333333 0.4625 0.005208333333333333 0.011666666666666667
1 0.05260416666666667 0.46791666666666665 0.00625 0.0125
1 0.08203125 0.45958333333333334 0.0046875 0.009166666666666667
1 0.13046875 0.4658333333333333 0.005729166666666666 0.013333333333333334
0 0.10833333333333334 0.4625 0.005208333333333333 0.011666666666666667
0 0.12578125 0.45958333333333334 0.0036458333333333334 0.010833333333333334
0 0.14192708333333334 0.4625 0.0067708333333333336 0.011666666666666667
1 0.13541666666666666 0.4575 0.004166666666666667 0.008333333333333333
0 0.17760416666666667 0.45666666666666667 0.005208333333333333 0.01
1 0.20494791666666667 0.4533333333333333 0.0036458333333333334 0.008333333333333333
1 0.225 0.46291666666666664 0.005208333333333333 0.0125
0 0.21953125 0.46 0.0046875 0.013333333333333334
1 0.2869791666666667 0.44875 0.003125 0.0075
1 0.30416666666666664 0.45875 0.00625 0.0125
1 0.35260416666666666 0.445 0.003125 0.006666666666666667
1 0.39348958333333334 0.45416666666666666 0.0046875 0.011666666666666667
1 0.4 0.4425 0.003125 0.006666666666666667
0 0.3065104166666667 0.44916666666666666 0.0036458333333333334 0.008333333333333333
0 0.3338541666666667 0.45458333333333334 0.005208333333333333 0.0125
0 0.37473958333333335 0.4454166666666667 0.0036458333333333334 0.0075
0 0.3984375 0.45166666666666666 0.005208333333333333 0.011666666666666667
0 0.4231770833333333 0.4425 0.0036458333333333334 0.008333333333333333
0 0.47239583333333335 0.44708333333333333 0.004166666666666667 0.010833333333333334
1 0.4825520833333333 0.4483333333333333 0.0046875 0.011666666666666667
1 0.5307291666666667 0.44583333333333336 0.004166666666666667 0.01
1 0.5869791666666667 0.44208333333333333 0.003125 0.009166666666666667
1 0.6341145833333334 0.4395833333333333 0.0036458333333333334 0.009166666666666667
0 0.4700520833333333 0.4404166666666667 0.0015625 0.005833333333333334
0 0.49895833333333334 0.43833333333333335 0.003125 0.006666666666666667
0 0.534375 0.43666666666666665 0.003125 0.006666666666666667
1 0.54453125 0.43583333333333335 0.0026041666666666665 0.005
0 0.58203125 0.4395833333333333 0.0036458333333333334 0.009166666666666667
0 0.6158854166666666 0.4379166666666667 0.0036458333333333334 0.009166666666666667
1 0.6638020833333333 0.4370833333333333 0.0026041666666666665 0.0075
0 0.6677083333333333 0.43583333333333335 0.003125 0.008333333333333333
0 0.5674479166666667 0.4354166666666667 0.0026041666666666665 0.005833333333333334
0 0.5973958333333333 0.43416666666666665 0.003125 0.005
1 0.5122395833333333 0.4370833333333333 0.0026041666666666665 0.005833333333333334
1 0.5708333333333333 0.4345833333333333 0.0020833333333333333 0.004166666666666667
1 0.59375 0.43333333333333335 0.0020833333333333333 0.005
0 0.61875 0.4325 0.0020833333333333333 0.005
0 0.6802083333333333 0.43 0.0020833333333333333 0.005
0 0.6973958333333333 0.43041666666666667 0.003125 0.005833333333333334
0 0.72109375 0.4345833333333333 0.0036458333333333334 0.0075
0 0.7072916666666667 0.43125 0.003125 0.005833333333333334
1 0.7325520833333333 0.43666666666666665 0.0036458333333333334 0.008333333333333333
1 0.7609375 0.43041666666666667 0.003125 0.005833333333333334
0 0.6372395833333333 0.4325 0.0026041666666666665 0.005
0 0.6572916666666667 0.43125 0.0020833333333333333 0.005833333333333334
1 0.63359375 0.4320833333333333 0.0026041666666666665 0.005833333333333334
1 0.6838541666666667 0.43 0.003125 0.005
1 0.7018229166666666 0.4295833333333333 0.0026041666666666665 0.005833333333333334
0 0.71171875 0.43083333333333335 0.0026041666666666665 0.006666666666666667
1 0.7505208333333333 0.43041666666666667 0.003125 0.005833333333333334
1 0.7395833333333334 0.43041666666666667 0.003125 0.005833333333333334
0 0.7309895833333333 0.43166666666666664 0.0026041666666666665 0.006666666666666667
1 0.6591145833333333 0.43083333333333335 0.0015625 0.005