1 0.20546875 0.70625 0.05572916666666667 0.1175
1 0.5018229166666667 0.57625 0.03177083333333333 0.060833333333333336
1 0.7213541666666666 0.52375 0.01875 0.0425
1 0.9200520833333333 0.495 0.018229166666666668 0.035
1 0.9200520833333333 0.4425 0.0046875 0.011666666666666667
1 0.9471354166666667 0.4320833333333333 0.0026041666666666665 0.005833333333333334
0 0.9299479166666667 0.43416666666666665 0.0026041666666666665 0.008333333333333333
0 0.9098958333333333 0.435 0.004166666666666667 0.008333333333333333
0 0.9830729166666666 0.43166666666666664 0.0036458333333333334 0.008333333333333333
1 0.98671875 0.43083333333333335 0.0036458333333333334 0.008333333333333333
1 0.8973958333333333 0.43375 0.004166666666666667 0.009166666666666667