0 0.9265625 0.6141666666666666 0.04895833333333333 0.08833333333333333
0 0.8932291666666666 0.4925 0.021875 0.03333333333333333
0 0.8768229166666667 0.5354166666666667 0.0296875 0.049166666666666664
0 0.9239583333333333 0.46708333333333335 0.0125 0.0225
0 0.9138020833333333 0.47625 0.015104166666666667 0.025833333333333333
1 0.43854166666666666 0.5533333333333333 0.03333333333333333 0.058333333333333334
1 0.5703125 0.5008333333333334 0.016666666666666666 0.03666666666666667
1 0.66484375 0.47833333333333333 0.011979166666666667 0.025
1 0.72109375 0.46708333333333335 0.009895833333333333 0.020833333333333332
1 0.7518229166666667 0.45875 0.0078125 0.0175
1 0.8125 0.4554166666666667 0.008333333333333333 0.015833333333333335
1 0.8401041666666667 0.45166666666666666 0.008333333333333333 0.015
1 0.8638020833333333 0.44916666666666666 0.005729166666666666 0.013333333333333334
1 0.8794270833333333 0.44625 0.0067708333333333336 0.0125
1 0.9080729166666667 0.4425 0.0046875 0.01
1 0.93984375 0.4395833333333333 0.005729166666666666 0.014166666666666666
1 0.96953125 0.4404166666666667 0.0046875 0.010833333333333334
1 0.9888020833333333 0.43875 0.0046875 0.010833333333333334
1 0.9825520833333333 0.4370833333333333 0.005729166666666666 0.010833333333333334
1 0.34453125 0.4483333333333333 0.0036458333333333334 0.008333333333333333
1 0.34817708333333336 0.44708333333333333 0.0026041666666666665 0.0075
1 0.3625 0.44708333333333333 0.003125 0.005833333333333334
1 0.3765625 0.44958333333333333 0.003125 0.0075
1 0.3815104166666667 0.44583333333333336 0.0036458333333333334 0.006666666666666667
0 0.40234375 0.44666666666666666 0.0036458333333333334 0.008333333333333333
0 0.41067708333333336 0.4454166666666667 0.0036458333333333334 0.0075
0 0.42552083333333335 0.44708333333333333 0.003125 0.009166666666666667
1 0.42213541666666665 0.4479166666666667 0.0036458333333333334 0.009166666666666667
0 0.44140625 0.44458333333333333 0.0036458333333333334 0.0075
0 0.4713541666666667 0.4429166666666667 0.003125 0.0075
1 0.48359375 0.4483333333333333 0.0036458333333333334 0.01
1 0.540625 0.44708333333333333 0.003125 0.009166666666666667
1 0.571875 0.4395833333333333 0.003125 0.005833333333333334
1 0.5182291666666666 0.44083333333333335 0.003125 0.006666666666666667
1 0.4578125 0.44333333333333336 0.0020833333333333333 0.006666666666666667
0 0.47708333333333336 0.44666666666666666 0.004166666666666667 0.01
0 0.5348958333333333 0.44125 0.003125 0.0075
0 0.5614583333333333 0.445 0.004166666666666667 0.01
0 0.5916666666666667 0.4395833333333333 0.003125 0.0075
0 0.6354166666666666 0.43875 0.003125 0.0075
0 0.68125 0.4425 0.004166666666666667 0.01
1 0.6114583333333333 0.44583333333333336 0.004166666666666667 0.01
0 0.61484375 0.44416666666666665 0.0036458333333333334 0.01
1 0.690625 0.44375 0.004166666666666667 0.010833333333333334
1 0.7377604166666667 0.4425 0.0046875 0.008333333333333333
1 0.7973958333333333 0.44125 0.004166666666666667 0.009166666666666667
1 0.8541666666666666 0.43916666666666665 0.003125 0.01
1 0.8927083333333333 0.4379166666666667 0.005208333333333333 0.010833333333333334
0 0.9963541666666667 0.4325 0.004166666666666667 0.008333333333333333
0 0.9731770833333333 0.4345833333333333 0.0036458333333333334 0.010833333333333334
0 0.9005208333333333 0.43583333333333335 0.004166666666666667 0.01
0 0.83515625 0.4379166666666667 0.0036458333333333334 0.009166666666666667
0 0.7947916666666667 0.43833333333333335 0.003125 0.008333333333333333
0 0.7479166666666667 0.4354166666666667 0.0020833333333333333 0.005833333333333334
0 0.7098958333333333 0.43666666666666665 0.003125 0.006666666666666667
1 0.7247395833333333 0.43666666666666665 0.0026041666666666665 0.005
1 0.7596354166666667 0.4354166666666667 0.0026041666666666665 0.004166666666666667
1 0.7903645833333334 0.4345833333333333 0.0026041666666666665 0.005833333333333334
1 0.8177083333333334 0.43416666666666665 0.003125 0.005
0 0.8216145833333334 0.4345833333333333 0.0026041666666666665 0.005833333333333334
0 0.78515625 0.435 0.0026041666666666665 0.006666666666666667
0 0.8489583333333334 0.43375 0.003125 0.0075
0 0.8729166666666667 0.43333333333333335 0.003125 0.006666666666666667
0 0.9317708333333333 0.43125 0.003125 0.005833333333333334
0 0.9651041666666667 0.4325 0.003125 0.006666666666666667
0 0.9557291666666666 0.4320833333333333 0.003125 0.005833333333333334
0 0.97734375 0.43166666666666664 0.0026041666666666665 0.006666666666666667
1 0.9916666666666667 0.43083333333333335 0.003125 0.005
1 0.8440104166666667 0.43375 0.0026041666666666665 0.005833333333333334
1 0.86875 0.4325 0.0020833333333333333 0.005