0 0.03802083333333333 0.55 0.07604166666666666 0.18166666666666667
0 0.19010416666666666 0.22416666666666665 0.028125 0.055
1 0.18229166666666666 0.1875 0.020833333333333332 0.03666666666666667
0 0.40390625 0.18875 0.024479166666666666 0.04416666666666667
0 0.60078125 0.14416666666666667 0.011979166666666667 0.028333333333333332
0 0.5734375 0.16083333333333333 0.015625 0.03833333333333333
0 0.5403645833333334 0.13458333333333333 0.011979166666666667 0.025833333333333333
0 0.4609375 0.12208333333333334 0.009375 0.0225
0 0.49244791666666665 0.11291666666666667 0.005729166666666666 0.0175
0 0.49114583333333334 0.12666666666666668 0.011458333333333333 0.023333333333333334
0 0.57578125 0.1075 0.0067708333333333336 0.018333333333333333
0 0.66796875 0.1025 0.0067708333333333336 0.016666666666666666
0 0.77109375 0.09666666666666666 0.0067708333333333336 0.018333333333333333
1 0.37578125 0.15166666666666667 0.0140625 0.028333333333333332
1 0.39348958333333334 0.1175 0.008854166666666666 0.016666666666666666
1 0.34270833333333334 0.12583333333333332 0.009375 0.02
1 0.3190104166666667 0.13375 0.009895833333333333 0.020833333333333332
1 0.3341145833333333 0.14166666666666666 0.011979166666666667 0.025
1 0.3421875 0.1625 0.015625 0.03166666666666667
1 0.6799479166666667 0.09583333333333334 0.0067708333333333336 0.013333333333333334
1 0.5817708333333333 0.10208333333333333 0.005208333333333333 0.014166666666666666
1 0.48463541666666665 0.10916666666666666 0.005729166666666666 0.015