1 0.7903645833333334 0.5875 0.06614583333333333 0.12666666666666668
1 0.8966145833333333 0.4479166666666667 0.0359375 0.06583333333333333
1 0.8877604166666667 0.3954166666666667 0.0234375 0.0425
1 0.8385416666666666 0.37125 0.016666666666666666 0.0325
1 0.7088541666666667 0.35083333333333333 0.013541666666666667 0.028333333333333332
1 0.57578125 0.33208333333333334 0.011979166666666667 0.024166666666666666
1 0.46770833333333334 0.31916666666666665 0.009375 0.021666666666666667
1 0.44817708333333334 0.2966666666666667 0.0046875 0.011666666666666667
1 0.5098958333333333 0.29791666666666666 0.004166666666666667 0.010833333333333334
0 0.9169270833333333 0.36083333333333334 0.015104166666666667 0.025
0 0.7895833333333333 0.345 0.010416666666666666 0.02
0 0.6604166666666667 0.33 0.009375 0.018333333333333333
0 0.5598958333333334 0.3175 0.008333333333333333 0.016666666666666666
0 0.49895833333333334 0.30875 0.008333333333333333 0.015833333333333335
0 0.49453125 0.30416666666666664 0.0046875 0.015
0 0.5296875 0.30333333333333334 0.00625 0.013333333333333334
1 0.4088541666666667 0.2970833333333333 0.005208333333333333 0.0125
1 0.54375 0.29583333333333334 0.004166666666666667 0.008333333333333333
1 0.55390625 0.3 0.005729166666666666 0.011666666666666667
1 0.5625 0.2995833333333333 0.005208333333333333 0.010833333333333334
1 0.5341145833333333 0.29333333333333333 0.0036458333333333334 0.008333333333333333
0 0.5799479166666667 0.30625 0.005729166666666666 0.0125
0 0.6005208333333333 0.2995833333333333 0.004166666666666667 0.009166666666666667
0 0.61796875 0.30375 0.005729166666666666 0.010833333333333334
0 0.6276041666666666 0.30875 0.005208333333333333 0.010833333333333334
0 0.63828125 0.3070833333333333 0.0046875 0.009166666666666667
0 0.7572916666666667 0.31166666666666665 0.003125 0.008333333333333333
0 0.78125 0.31583333333333335 0.004166666666666667 0.008333333333333333
0 0.8330729166666667 0.32125 0.0036458333333333334 0.009166666666666667
0 0.9049479166666666 0.32625 0.0046875 0.010833333333333334
1 0.8986979166666667 0.32416666666666666 0.0046875 0.01
0 0.67421875 0.30291666666666667 0.0036458333333333334 0.0075
0 0.7184895833333333 0.30666666666666664 0.0036458333333333334 0.008333333333333333
1 0.6815104166666667 0.3016666666666667 0.0036458333333333334 0.008333333333333333
1 0.8088541666666667 0.31583333333333335 0.004166666666666667 0.008333333333333333
1 0.84296875 0.31833333333333336 0.0036458333333333334 0.008333333333333333
0 0.5877604166666667 0.2970833333333333 0.0026041666666666665 0.0075