1 0.23932291666666666 0.7441666666666666 0.09322916666666667 0.21
1 0.965625 0.5425 0.06458333333333334 0.09833333333333333
1 0.22916666666666666 0.3570833333333333 0.020833333333333332 0.04083333333333333
0 0.7377604166666667 0.3408333333333333 0.0140625 0.025
0 0.97578125 0.3120833333333333 0.0046875 0.019166666666666665
0 0.9713541666666666 0.30916666666666665 0.005208333333333333 0.016666666666666666
0 0.9666666666666667 0.3095833333333333 0.004166666666666667 0.015833333333333335
0 0.96171875 0.3104166666666667 0.005729166666666666 0.015833333333333335
1 0.9546875 0.29291666666666666 0.004166666666666667 0.0175
1 0.9502604166666667 0.28791666666666665 0.005729166666666666 0.015833333333333335
1 0.9466145833333334 0.2975 0.0046875 0.015