1 0.44921875 0.48791666666666667 0.0140625 0.0275
1 0.3723958333333333 0.5483333333333333 0.027083333333333334 0.051666666666666666
1 0.46796875 0.4658333333333333 0.009895833333333333 0.02
0 0.9317708333333333 0.45166666666666666 0.009375 0.016666666666666666
1 0.48411458333333335 0.45625 0.0067708333333333336 0.014166666666666666
0 0.8356770833333333 0.4479166666666667 0.0067708333333333336 0.0125
1 0.49583333333333335 0.44958333333333333 0.00625 0.014166666666666666
0 0.7403645833333333 0.4454166666666667 0.005729166666666666 0.0125
1 0.52265625 0.44666666666666666 0.005729166666666666 0.011666666666666667
0 0.6643229166666667 0.44458333333333333 0.005729166666666666 0.010833333333333334
1 0.5697916666666667 0.4429166666666667 0.005208333333333333 0.010833333333333334
1 0.6229166666666667 0.44166666666666665 0.005208333333333333 0.01
0 0.6140625 0.44583333333333336 0.005208333333333333 0.011666666666666667
0 0.5838541666666667 0.44916666666666666 0.004166666666666667 0.011666666666666667
1 0.6697916666666667 0.44166666666666665 0.005208333333333333 0.01
1 0.7341145833333333 0.44208333333333333 0.0046875 0.010833333333333334
0 0.5885416666666666 0.45416666666666666 0.007291666666666667 0.015
1 0.8158854166666667 0.44375 0.005729166666666666 0.0125
1 0.8953125 0.4454166666666667 0.007291666666666667 0.0125
1 0.9786458333333333 0.4479166666666667 0.008333333333333333 0.014166666666666666
0 0.7325520833333333 0.5504166666666667 0.0328125 0.0575
0 0.6315104166666666 0.48541666666666666 0.013020833333333334 0.029166666666666667
0 0.5958333333333333 0.46375 0.008333333333333333 0.019166666666666665