0 0.6364583333333333 0.7770833333333333 0.153125 0.30416666666666664
0 0.05390625 0.16916666666666666 0.016145833333333335 0.03
0 0.18880208333333334 0.15541666666666668 0.013020833333333334 0.0275
1 0.13411458333333334 0.14958333333333335 0.0109375 0.0225
1 0.29661458333333335 0.13375 0.008854166666666666 0.019166666666666665
0 0.31223958333333335 0.14291666666666666 0.008854166666666666 0.020833333333333332
0 0.42161458333333335 0.13333333333333333 0.008854166666666666 0.02
1 0.4158854166666667 0.12375 0.0067708333333333336 0.019166666666666665
1 0.55390625 0.11458333333333333 0.0078125 0.015833333333333335
0 0.58046875 0.12041666666666667 0.0078125 0.020833333333333332
1 0.6643229166666667 0.10625 0.0078125 0.0175
1 0.6513020833333333 0.095 0.0046875 0.01
1 0.66015625 0.09458333333333334 0.0036458333333333334 0.010833333333333334
1 0.67734375 0.09333333333333334 0.0046875 0.01
1 0.6916666666666667 0.09291666666666666 0.004166666666666667 0.010833333333333334
1 0.7049479166666667 0.09166666666666666 0.0046875 0.01
1 0.740625 0.09166666666666666 0.005208333333333333 0.011666666666666667
0 0.72109375 0.09041666666666667 0.0046875 0.010833333333333334
0 0.7270833333333333 0.09041666666666667 0.005208333333333333 0.010833333333333334
0 0.7114583333333333 0.11083333333333334 0.007291666666666667 0.02
0 0.7520833333333333 0.08958333333333333 0.004166666666666667 0.010833333333333334
1 0.7731770833333333 0.09875 0.0078125 0.0175
1 0.7973958333333333 0.08958333333333333 0.005208333333333333 0.0125
0 0.81171875 0.10541666666666667 0.0078125 0.020833333333333332
0 0.80546875 0.08791666666666667 0.0046875 0.010833333333333334
0 0.8661458333333333 0.08541666666666667 0.00625 0.0125
1 0.8747395833333333 0.0925 0.0067708333333333336 0.015
0 0.853125 0.085 0.005208333333333333 0.01
0 0.9421875 0.08083333333333333 0.00625 0.013333333333333334
1 0.9716145833333333 0.08583333333333333 0.0067708333333333336 0.015
0 0.9953125 0.09375 0.008333333333333333 0.0225