1 0.73515625 0.58125 0.0640625 0.13083333333333333
1 0.8541666666666666 0.325 0.008333333333333333 0.018333333333333333
1 0.7479166666666667 0.3175 0.007291666666666667 0.016666666666666666
0 0.8395833333333333 0.3179166666666667 0.00625 0.014166666666666666
0 0.9385416666666667 0.32416666666666666 0.00625 0.015
0 0.67265625 0.30583333333333335 0.0036458333333333334 0.011666666666666667
1 0.9752604166666666 0.33416666666666667 0.0109375 0.018333333333333333
1 0.6325520833333333 0.3075 0.0046875 0.015
1 0.5786458333333333 0.2995833333333333 0.004166666666666667 0.014166666666666666
1 0.5458333333333333 0.29375 0.004166666666666667 0.0125
0 0.8291666666666667 0.30541666666666667 0.003125 0.009166666666666667
0 0.778125 0.3016666666666667 0.0020833333333333333 0.006666666666666667
1 0.8106770833333333 0.30416666666666664 0.0026041666666666665 0.006666666666666667
1 0.76796875 0.3 0.0026041666666666665 0.006666666666666667
1 0.73671875 0.2970833333333333 0.0026041666666666665 0.005833333333333334
0 0.7315104166666667 0.2975 0.0026041666666666665 0.006666666666666667
0 0.9317708333333333 0.3120833333333333 0.004166666666666667 0.009166666666666667
1 0.88515625 0.30833333333333335 0.0036458333333333334 0.008333333333333333