1 0.07135416666666666 0.48583333333333334 0.009375 0.02
1 0.18880208333333334 0.46541666666666665 0.005729166666666666 0.0125
1 0.21119791666666668 0.4579166666666667 0.0046875 0.010833333333333334
1 0.24817708333333333 0.4529166666666667 0.0046875 0.009166666666666667
0 0.4869791666666667 0.54125 0.029166666666666667 0.0525
0 0.30520833333333336 0.5345833333333333 0.027083333333333334 0.0475
0 0.09505208333333333 0.5391666666666667 0.0265625 0.045
0 0.7302083333333333 0.605 0.051041666666666666 0.08666666666666667
0 0.2630208333333333 0.4708333333333333 0.009375 0.016666666666666666
0 0.29973958333333334 0.46291666666666664 0.0067708333333333336 0.014166666666666666
0 0.28932291666666665 0.46 0.005729166666666666 0.013333333333333334
0 0.27838541666666666 0.4583333333333333 0.005729166666666666 0.011666666666666667
0 0.7403645833333333 0.4320833333333333 0.0067708333333333336 0.0125
0 0.3455729166666667 0.4479166666666667 0.0046875 0.009166666666666667
0 0.3921875 0.44375 0.004166666666666667 0.009166666666666667
1 0.3026041666666667 0.44958333333333333 0.004166666666666667 0.009166666666666667
1 0.3567708333333333 0.44375 0.004166666666666667 0.009166666666666667
1 0.40703125 0.44125 0.0026041666666666665 0.009166666666666667
1 0.46067708333333335 0.43833333333333335 0.0036458333333333334 0.006666666666666667
1 0.7005208333333334 0.43125 0.004166666666666667 0.010833333333333334
1 0.8080729166666667 0.42625 0.0046875 0.0125
1 0.9208333333333333 0.42125 0.005208333333333333 0.010833333333333334
0 0.9830729166666666 0.4216666666666667 0.0078125 0.013333333333333334
0 0.8716145833333333 0.42541666666666667 0.005729166666666666 0.010833333333333334
0 0.47578125 0.4425 0.0046875 0.01
0 0.49635416666666665 0.44333333333333336 0.004166666666666667 0.011666666666666667
0 0.440625 0.44166666666666665 0.004166666666666667 0.01
1 0.010677083333333334 0.8004166666666667 0.021354166666666667 0.029166666666666667
1 0.5020833333333333 0.4375 0.004166666666666667 0.006666666666666667
1 0.5315104166666667 0.4375 0.0036458333333333334 0.008333333333333333
1 0.5609375 0.43625 0.003125 0.009166666666666667
0 0.54375 0.4425 0.003125 0.01
0 0.60859375 0.43875 0.0036458333333333334 0.010833333333333334
1 0.18932291666666667 0.46208333333333335 0.0046875 0.010833333333333334