0 0.018489583333333334 0.4979166666666667 0.015104166666666667 0.0225
0 0.030989583333333334 0.4725 0.0067708333333333336 0.011666666666666667
1 0.15703125 0.4925 0.013020833333333334 0.023333333333333334
0 0.1953125 0.4775 0.009375 0.018333333333333333
0 0.3098958333333333 0.465 0.00625 0.015
1 0.30234375 0.475 0.008854166666666666 0.018333333333333333
0 0.37005208333333334 0.45916666666666667 0.0046875 0.013333333333333334
0 0.44869791666666664 0.45208333333333334 0.005729166666666666 0.0125
1 0.44453125 0.4575 0.0067708333333333336 0.013333333333333334
1 0.4981770833333333 0.45416666666666666 0.0067708333333333336 0.013333333333333334
0 0.5229166666666667 0.44875 0.005208333333333333 0.010833333333333334
1 0.5450520833333333 0.4529166666666667 0.0036458333333333334 0.0125
1 0.5591145833333333 0.45666666666666667 0.005729166666666666 0.015
1 0.5486979166666667 0.4608333333333333 0.0067708333333333336 0.016666666666666666
1 0.5208333333333334 0.4675 0.008333333333333333 0.018333333333333333
1 0.4864583333333333 0.47708333333333336 0.010416666666666666 0.0225
1 0.45338541666666665 0.5004166666666666 0.0140625 0.030833333333333334
1 0.42942708333333335 0.5283333333333333 0.019270833333333334 0.041666666666666664
1 0.35885416666666664 0.5904166666666667 0.0375 0.0725
1 0.07526041666666666 0.8504166666666667 0.1078125 0.19416666666666665
0 0.5817708333333333 0.44666666666666666 0.005208333333333333 0.011666666666666667
0 0.6442708333333333 0.44875 0.005208333333333333 0.0125
0 0.5739583333333333 0.44166666666666665 0.003125 0.008333333333333333
1 0.5911458333333334 0.43916666666666665 0.003125 0.008333333333333333
0 0.63125 0.4404166666666667 0.004166666666666667 0.009166666666666667
0 0.6989583333333333 0.4395833333333333 0.004166666666666667 0.010833333333333334
0 0.6671875 0.4525 0.004166666666666667 0.015
0 0.68125 0.45875 0.007291666666666667 0.019166666666666665
0 0.6713541666666667 0.46625 0.007291666666666667 0.019166666666666665
0 0.6614583333333334 0.47625 0.010416666666666666 0.024166666666666666
0 0.6765625 0.4979166666666667 0.014583333333333334 0.0325
0 0.784375 0.5420833333333334 0.027083333333333334 0.050833333333333335
1 0.6768229166666667 0.4379166666666667 0.0036458333333333334 0.0075
0 0.7515625 0.43916666666666665 0.004166666666666667 0.01
1 0.7106770833333333 0.4370833333333333 0.0036458333333333334 0.0075
0 0.7817708333333333 0.4370833333333333 0.004166666666666667 0.010833333333333334
1 0.5591145833333333 0.4395833333333333 0.0026041666666666665 0.0075
1 0.7158854166666667 0.43583333333333335 0.0036458333333333334 0.008333333333333333
1 0.09947916666666666 0.4658333333333333 0.005208333333333333 0.008333333333333333
0 0.14348958333333334 0.46375 0.005729166666666666 0.010833333333333334
1 0.16979166666666667 0.46 0.004166666666666667 0.008333333333333333
0 0.20026041666666666 0.45916666666666667 0.0046875 0.01
1 0.23125 0.4554166666666667 0.003125 0.0075
0 0.2635416666666667 0.45458333333333334 0.003125 0.009166666666666667
1 0.28359375 0.45166666666666666 0.0026041666666666665 0.006666666666666667
0 0.31536458333333334 0.45 0.0026041666666666665 0.008333333333333333
1 0.3234375 0.44875 0.0020833333333333333 0.005833333333333334
1 0.35494791666666664 0.44666666666666666 0.0026041666666666665 0.005
0 0.35859375 0.44666666666666666 0.0026041666666666665 0.006666666666666667
0 0.3875 0.44416666666666665 0.0020833333333333333 0.006666666666666667
1 0.39505208333333336 0.4633333333333333 0.0067708333333333336 0.015
1 0.40625 0.4425 0.0020833333333333333 0.005
0 0.41041666666666665 0.4425 0.0020833333333333333 0.006666666666666667
0 0.4348958333333333 0.44125 0.0020833333333333333 0.005833333333333334
1 0.43697916666666664 0.44083333333333335 0.0020833333333333333 0.005
0 0.46145833333333336 0.44 0.0020833333333333333 0.005
1 0.465625 0.44 0.0020833333333333333 0.005
0 0.48203125 0.43916666666666665 0.0026041666666666665 0.006666666666666667
1 0.4859375 0.43875 0.003125 0.005833333333333334
0 0.4953125 0.44125 0.0020833333333333333 0.0075
0 0.4979166666666667 0.44166666666666665 0.003125 0.008333333333333333
0 0.5002604166666667 0.44 0.0026041666666666665 0.008333333333333333
1 0.5078125 0.43833333333333335 0.0020833333333333333 0.005
0 0.5270833333333333 0.4425 0.003125 0.008333333333333333
1 0.5286458333333334 0.4379166666666667 0.0020833333333333333 0.005833333333333334
1 0.5361979166666667 0.43833333333333335 0.0026041666666666665 0.005
1 0.53984375 0.43875 0.0026041666666666665 0.005833333333333334
1 0.5424479166666667 0.43916666666666665 0.0026041666666666665 0.006666666666666667
1 0.5453125 0.43916666666666665 0.003125 0.006666666666666667
1 0.7247395833333333 0.43333333333333335 0.0026041666666666665 0.006666666666666667
1 0.7463541666666667 0.43291666666666667 0.0020833333333333333 0.005833333333333334
0 0.7653645833333333 0.43375 0.0026041666666666665 0.0075
0 0.7690104166666667 0.43291666666666667 0.0015625 0.0075
0 0.7713541666666667 0.4345833333333333 0.003125 0.009166666666666667
1 0.7755208333333333 0.43166666666666664 0.0020833333333333333 0.006666666666666667
0 0.79296875 0.4325 0.0036458333333333334 0.008333333333333333
1 0.81171875 0.43125 0.0026041666666666665 0.005833333333333334
0 0.83125 0.43166666666666664 0.003125 0.008333333333333333
0 0.86953125 0.43166666666666664 0.0036458333333333334 0.008333333333333333
1 0.8625 0.43083333333333335 0.003125 0.006666666666666667
1 0.9044270833333333 0.43041666666666667 0.0026041666666666665 0.0075
0 0.91953125 0.43166666666666664 0.0036458333333333334 0.008333333333333333
1 0.9291666666666667 0.43 0.003125 0.006666666666666667
1 0.9513020833333333 0.42916666666666664 0.0026041666666666665 0.006666666666666667
1 0.9755208333333333 0.4275 0.003125 0.006666666666666667
0 0.9671875 0.43083333333333335 0.004166666666666667 0.008333333333333333
0 0.9919270833333333 0.43 0.0036458333333333334 0.008333333333333333
1 0.71328125 0.4345833333333333 0.0026041666666666665 0.0075