1 0.13151041666666666 0.47708333333333336 0.0109375 0.020833333333333332
0 0.15677083333333333 0.4691666666666667 0.010416666666666666 0.02
0 0.03307291666666667 0.4766666666666667 0.011979166666666667 0.02
0 0.28020833333333334 0.46 0.00625 0.015
1 0.28802083333333334 0.46416666666666667 0.007291666666666667 0.016666666666666666
0 0.3640625 0.45125 0.005208333333333333 0.0125
1 0.3609375 0.4575 0.00625 0.013333333333333334
0 0.4309895833333333 0.44666666666666666 0.0046875 0.011666666666666667
1 0.4356770833333333 0.4504166666666667 0.005729166666666666 0.0125
0 0.471875 0.4429166666666667 0.004166666666666667 0.010833333333333334
1 0.4934895833333333 0.445 0.0046875 0.011666666666666667
1 0.5278645833333333 0.44208333333333333 0.0046875 0.010833333333333334
1 0.5682291666666667 0.44 0.005208333333333333 0.01
0 0.5880208333333333 0.4370833333333333 0.004166666666666667 0.009166666666666667
0 0.6354166666666666 0.43666666666666665 0.004166666666666667 0.01
0 0.6830729166666667 0.43833333333333335 0.0046875 0.01
0 0.69765625 0.4404166666666667 0.0046875 0.0125
0 0.7018229166666666 0.44375 0.005729166666666666 0.014166666666666666
0 0.6880208333333333 0.4475 0.00625 0.016666666666666666
0 0.6731770833333334 0.45166666666666666 0.0067708333333333336 0.016666666666666666
0 0.6674479166666667 0.46041666666666664 0.008854166666666666 0.019166666666666665
0 0.6963541666666667 0.47125 0.010416666666666666 0.024166666666666666
0 0.7455729166666667 0.49125 0.016145833333333335 0.030833333333333334
0 0.7231770833333333 0.5341666666666667 0.024479166666666666 0.051666666666666666
0 0.8453125 0.6179166666666667 0.053125 0.08916666666666667
1 0.6130208333333333 0.4425 0.005208333333333333 0.011666666666666667
1 0.6036458333333333 0.44416666666666665 0.005208333333333333 0.011666666666666667
1 0.5828125 0.44666666666666666 0.005208333333333333 0.013333333333333334
1 0.559375 0.4508333333333333 0.007291666666666667 0.015
1 0.5408854166666667 0.45958333333333334 0.0078125 0.0175
1 0.5328125 0.4666666666666667 0.008333333333333333 0.021666666666666667
1 0.5125 0.47708333333333336 0.0125 0.025833333333333333
1 0.48489583333333336 0.4945833333333333 0.014583333333333334 0.0325
1 0.3734375 0.525 0.021875 0.045
1 0.2518229166666667 0.625 0.05364583333333333 0.08833333333333333
0 0.7390625 0.4320833333333333 0.005208333333333333 0.009166666666666667
1 0.75390625 0.43083333333333335 0.0036458333333333334 0.008333333333333333
0 0.78671875 0.4320833333333333 0.0046875 0.009166666666666667
1 0.7239583333333334 0.43083333333333335 0.004166666666666667 0.008333333333333333
1 0.00703125 0.46291666666666664 0.005729166666666666 0.010833333333333334
1 0.12447916666666667 0.4558333333333333 0.005208333333333333 0.01
1 0.19921875 0.45125 0.0046875 0.009166666666666667
1 0.2643229166666667 0.4475 0.0036458333333333334 0.008333333333333333
1 0.30885416666666665 0.44458333333333333 0.003125 0.0075
1 0.35130208333333335 0.44166666666666665 0.0026041666666666665 0.006666666666666667
1 0.38984375 0.43916666666666665 0.0026041666666666665 0.006666666666666667
1 0.5401041666666667 0.43083333333333335 0.0020833333333333333 0.005
1 0.5778645833333333 0.43041666666666667 0.0026041666666666665 0.005833333333333334
1 0.621875 0.4320833333333333 0.003125 0.0075
1 0.6489583333333333 0.43125 0.003125 0.0075
0 0.23046875 0.45 0.0046875 0.01
0 0.29661458333333335 0.44666666666666666 0.0036458333333333334 0.008333333333333333
0 0.33359375 0.44375 0.0036458333333333334 0.009166666666666667
0 0.3776041666666667 0.44083333333333335 0.003125 0.006666666666666667
0 0.5932291666666667 0.43291666666666667 0.003125 0.009166666666666667
0 0.6325520833333333 0.43291666666666667 0.0036458333333333334 0.009166666666666667
0 0.9630208333333333 0.4266666666666667 0.004166666666666667 0.008333333333333333
0 0.915625 0.4266666666666667 0.003125 0.008333333333333333
0 0.87890625 0.4270833333333333 0.0036458333333333334 0.009166666666666667
0 0.8416666666666667 0.4270833333333333 0.004166666666666667 0.009166666666666667
0 0.8203125 0.43041666666666667 0.003125 0.009166666666666667
0 0.8171875 0.43041666666666667 0.003125 0.010833333333333334
0 0.8138020833333334 0.42833333333333334 0.0026041666666666665 0.008333333333333333
0 0.8109375 0.4275 0.003125 0.008333333333333333
1 0.7609375 0.4295833333333333 0.003125 0.0075
1 0.7760416666666666 0.42791666666666667 0.003125 0.0075
1 0.7638020833333333 0.42875 0.0026041666666666665 0.0075
1 0.79765625 0.4275 0.0026041666666666665 0.006666666666666667
1 0.61015625 0.43125 0.0026041666666666665 0.005833333333333334
1 0.596875 0.43 0.0020833333333333333 0.006666666666666667
1 0.5588541666666667 0.43041666666666667 0.0020833333333333333 0.005833333333333334
0 0.49244791666666665 0.43333333333333335 0.0026041666666666665 0.006666666666666667
1 0.48854166666666665 0.4325 0.003125 0.006666666666666667
1 0.4205729166666667 0.4370833333333333 0.0026041666666666665 0.005833333333333334
1 0.44557291666666665 0.4354166666666667 0.0026041666666666665 0.005833333333333334
0 0.4161458333333333 0.4379166666666667 0.003125 0.0075
0 0.45026041666666666 0.43625 0.0026041666666666665 0.0075
0 0.03515625 0.4633333333333333 0.0078125 0.013333333333333334
0 0.15572916666666667 0.455 0.00625 0.01
0 0.5302083333333333 0.43916666666666665 0.003125 0.01
1 0.95390625 0.42583333333333334 0.0036458333333333334 0.006666666666666667
1 0.9125 0.42583333333333334 0.003125 0.006666666666666667
1 0.8630208333333333 0.42625 0.0020833333333333333 0.005833333333333334
1 0.8270833333333333 0.42625 0.003125 0.005833333333333334
1 0.6044270833333333 0.44 0.0036458333333333334 0.011666666666666667
0 0.5666666666666667 0.4320833333333333 0.0020833333333333333 0.0075
0 0.5690104166666666 0.4325 0.0026041666666666665 0.006666666666666667
0 0.57109375 0.43125 0.0026041666666666665 0.0075
0 0.5552083333333333 0.43125 0.0020833333333333333 0.0075
0 0.5369791666666667 0.43166666666666664 0.0020833333333333333 0.006666666666666667
0 0.47317708333333336 0.43416666666666665 0.0026041666666666665 0.006666666666666667
0 0.6807291666666667 0.4320833333333333 0.003125 0.0075
1 0.6846354166666667 0.43083333333333335 0.0026041666666666665 0.008333333333333333