1 0.27239583333333334 0.6304166666666666 0.04791666666666667 0.08083333333333333
0 0.7013020833333333 0.5629166666666666 0.030729166666666665 0.05583333333333333
1 0.43359375 0.5 0.0140625 0.028333333333333332
1 0.49244791666666665 0.46875 0.0067708333333333336 0.015833333333333335
1 0.46119791666666665 0.48083333333333333 0.009895833333333333 0.02
1 0.53203125 0.45958333333333334 0.0067708333333333336 0.014166666666666666
1 0.5661458333333333 0.4533333333333333 0.005208333333333333 0.011666666666666667
0 0.625 0.495 0.013541666666666667 0.028333333333333332
0 0.6177083333333333 0.4775 0.010416666666666666 0.021666666666666667
0 0.6247395833333333 0.45875 0.005729166666666666 0.014166666666666666
0 0.61171875 0.46625 0.0078125 0.019166666666666665
0 0.6869791666666667 0.44916666666666666 0.00625 0.011666666666666667
0 0.64296875 0.4529166666666667 0.0067708333333333336 0.014166666666666666
1 0.6747395833333333 0.44583333333333336 0.0046875 0.01
1 0.6127604166666667 0.44875 0.005729166666666666 0.0125
1 0.7388020833333333 0.4429166666666667 0.0046875 0.010833333333333334
0 0.7575520833333333 0.44583333333333336 0.005729166666666666 0.011666666666666667
1 0.8010416666666667 0.44083333333333335 0.004166666666666667 0.01
0 0.8192708333333333 0.445 0.00625 0.011666666666666667
0 0.89296875 0.44333333333333336 0.0078125 0.013333333333333334
1 0.88515625 0.4395833333333333 0.005729166666666666 0.010833333333333334
0 0.978125 0.4429166666666667 0.009375 0.014166666666666666
1 0.9966145833333333 0.4379166666666667 0.005729166666666666 0.0125
0 0.96640625 0.7995833333333333 0.06614583333333333 0.16583333333333333