1 0.35234375 0.5704166666666667 0.03802083333333333 0.0625
1 0.49895833333333334 0.49375 0.019791666666666666 0.034166666666666665
1 0.5703125 0.46875 0.011458333333333333 0.024166666666666666
1 0.6515625 0.4554166666666667 0.009375 0.019166666666666665
1 0.75546875 0.45125 0.008854166666666666 0.0175
1 0.86484375 0.44875 0.009895833333333333 0.0175
1 0.9736979166666667 0.4479166666666667 0.0109375 0.0175
0 0.7473958333333334 0.47708333333333336 0.015625 0.0275
0 0.9518229166666666 0.46041666666666664 0.013020833333333334 0.0225
0 0.8171875 0.46625 0.014583333333333334 0.024166666666666666
0 0.7494791666666667 0.5079166666666667 0.019791666666666666 0.0375
0 0.8473958333333333 0.60125 0.05 0.08083333333333333