0 0.9216145833333333 0.5679166666666666 0.03802083333333333 0.06916666666666667
0 0.9921875 0.505 0.015625 0.041666666666666664
0 0.9638020833333333 0.44458333333333333 0.009895833333333333 0.019166666666666665
0 0.9692708333333333 0.42291666666666666 0.005208333333333333 0.009166666666666667
0 0.9481770833333333 0.4275 0.0067708333333333336 0.013333333333333334
0 0.9372395833333333 0.4245833333333333 0.0046875 0.010833333333333334
0 0.9119791666666667 0.42625 0.00625 0.010833333333333334
0 0.90234375 0.42791666666666667 0.005729166666666666 0.010833333333333334
0 0.86953125 0.4395833333333333 0.0078125 0.015833333333333335
0 0.7942708333333334 0.4370833333333333 0.00625 0.0125
0 0.728125 0.4379166666666667 0.003125 0.010833333333333334
0 0.5114583333333333 0.4479166666666667 0.005208333333333333 0.010833333333333334
0 0.5651041666666666 0.44458333333333333 0.004166666666666667 0.010833333333333334
0 0.6091145833333333 0.44208333333333333 0.0036458333333333334 0.010833333333333334
0 0.6658854166666667 0.4404166666666667 0.0036458333333333334 0.010833333333333334
1 0.41822916666666665 0.5866666666666667 0.030208333333333334 0.06833333333333333
1 0.6091145833333333 0.5170833333333333 0.0234375 0.04083333333333333
1 0.7119791666666667 0.48833333333333334 0.017708333333333333 0.03166666666666667
1 0.7768229166666667 0.47208333333333335 0.015104166666666667 0.025833333333333333
1 0.7786458333333334 0.44625 0.010416666666666666 0.015833333333333335
1 0.6747395833333333 0.44333333333333336 0.005729166666666666 0.011666666666666667
1 0.634375 0.44375 0.005208333333333333 0.010833333333333334
1 0.5890625 0.44625 0.005208333333333333 0.010833333333333334
1 0.8208333333333333 0.46 0.0125 0.021666666666666667
1 0.8200520833333333 0.45208333333333334 0.0109375 0.019166666666666665
1 0.52734375 0.4508333333333333 0.005729166666666666 0.011666666666666667
1 0.4640625 0.4554166666666667 0.005208333333333333 0.0125
1 0.375 0.46125 0.005208333333333333 0.0125
0 0.45286458333333335 0.4525 0.005729166666666666 0.011666666666666667
1 0.31927083333333334 0.46375 0.005208333333333333 0.0125
0 0.36302083333333335 0.4533333333333333 0.003125 0.008333333333333333
0 0.37838541666666664 0.45208333333333334 0.0036458333333333334 0.009166666666666667
0 0.3893229166666667 0.44875 0.0026041666666666665 0.005833333333333334
0 0.4122395833333333 0.4483333333333333 0.0026041666666666665 0.006666666666666667
1 0.4390625 0.44625 0.0020833333333333333 0.005833333333333334
1 0.47109375 0.44458333333333333 0.0026041666666666665 0.005833333333333334
0 0.48515625 0.44416666666666665 0.0036458333333333334 0.006666666666666667
1 0.51953125 0.44125 0.0026041666666666665 0.005833333333333334
0 0.5471354166666667 0.4395833333333333 0.0036458333333333334 0.0075
0 0.5986979166666667 0.4370833333333333 0.0026041666666666665 0.005833333333333334
1 0.72578125 0.4429166666666667 0.005729166666666666 0.0125
0 0.7393229166666667 0.42875 0.0026041666666666665 0.005833333333333334
0 0.7630208333333334 0.4275 0.0020833333333333333 0.005
1 0.7755208333333333 0.4266666666666667 0.0020833333333333333 0.005
0 0.7979166666666667 0.42541666666666667 0.0020833333333333333 0.005833333333333334
0 0.8229166666666666 0.42375 0.0020833333333333333 0.005833333333333334
1 0.8291666666666667 0.42375 0.0020833333333333333 0.004166666666666667
0 0.8502604166666666 0.4225 0.0026041666666666665 0.005
0 0.8815104166666666 0.42083333333333334 0.0026041666666666665 0.005
0 0.98203125 0.41541666666666666 0.0026041666666666665 0.005833333333333334
1 0.9989583333333333 0.42291666666666666 0.0020833333333333333 0.005833333333333334
1 0.9778645833333334 0.41583333333333333 0.0026041666666666665 0.005
0 0.9442708333333333 0.4175 0.0020833333333333333 0.005
1 0.8979166666666667 0.42 0.003125 0.005
1 0.8643229166666667 0.4220833333333333 0.0026041666666666665 0.005833333333333334
0 0.3302083333333333 0.4529166666666667 0.0020833333333333333 0.0075
1 0.35104166666666664 0.45 0.0020833333333333333 0.005
0 0.353125 0.4504166666666667 0.0020833333333333333 0.005833333333333334
1 0.41380208333333335 0.44708333333333333 0.0015625 0.005833333333333334
0 0.44895833333333335 0.44583333333333336 0.0020833333333333333 0.006666666666666667
1 0.56796875 0.43916666666666665 0.0026041666666666665 0.005
0 0.6348958333333333 0.4345833333333333 0.0020833333333333333 0.005833333333333334
1 0.6434895833333333 0.43416666666666665 0.0026041666666666665 0.005
1 0.7036458333333333 0.43125 0.0020833333333333333 0.005833333333333334
0 0.6872395833333333 0.43291666666666667 0.0026041666666666665 0.005833333333333334
0 0.7294270833333333 0.4270833333333333 0.0026041666666666665 0.005833333333333334
1 0.7307291666666667 0.42916666666666664 0.0020833333333333333 0.005
1 0.9375 0.41791666666666666 0.0020833333333333333 0.004166666666666667
1 0.61015625 0.43666666666666665 0.0015625 0.0033333333333333335
0 0.6598958333333333 0.43416666666666665 0.0020833333333333333 0.005
1 0.6783854166666666 0.43125 0.0026041666666666665 0.005833333333333334
0 0.71328125 0.43125 0.0015625 0.004166666666666667