1 0.121875 0.6995833333333333 0.084375 0.12583333333333332
1 0.3880208333333333 0.555 0.030208333333333334 0.06
1 0.41770833333333335 0.5045833333333334 0.01875 0.0375
1 0.37473958333333335 0.47208333333333335 0.011979166666666667 0.024166666666666666
1 0.34791666666666665 0.4575 0.009375 0.018333333333333333
1 0.33359375 0.4508333333333333 0.0078125 0.015
1 0.32526041666666666 0.4454166666666667 0.005729166666666666 0.0125
0 0.9260416666666667 0.60875 0.05625 0.08416666666666667
0 0.7484375 0.5170833333333333 0.027083333333333334 0.0425
0 0.60859375 0.48625 0.0171875 0.030833333333333334
0 0.48776041666666664 0.46 0.0109375 0.021666666666666667
0 0.4356770833333333 0.45 0.008854166666666666 0.016666666666666666
0 0.4114583333333333 0.4454166666666667 0.007291666666666667 0.014166666666666666
0 0.39791666666666664 0.4429166666666667 0.007291666666666667 0.0125
0 0.3859375 0.44 0.00625 0.011666666666666667
0 0.37447916666666664 0.4379166666666667 0.005208333333333333 0.010833333333333334
1 0.31875 0.4425 0.003125 0.011666666666666667
1 0.3145833333333333 0.4404166666666667 0.004166666666666667 0.009166666666666667
1 0.31171875 0.4379166666666667 0.0036458333333333334 0.009166666666666667
1 0.325 0.43125 0.003125 0.005833333333333334
1 0.3385416666666667 0.4295833333333333 0.003125 0.005833333333333334
1 0.36041666666666666 0.42875 0.0020833333333333333 0.004166666666666667
1 0.44453125 0.4275 0.0026041666666666665 0.005
1 0.4744791666666667 0.4266666666666667 0.0020833333333333333 0.005
1 0.5049479166666667 0.4266666666666667 0.0026041666666666665 0.005
1 0.5299479166666666 0.42625 0.0026041666666666665 0.005833333333333334
1 0.5591145833333333 0.42625 0.0026041666666666665 0.005833333333333334
1 0.5838541666666667 0.42625 0.0020833333333333333 0.004166666666666667
1 0.6278645833333333 0.4266666666666667 0.0026041666666666665 0.006666666666666667
1 0.65 0.4270833333333333 0.003125 0.005833333333333334
1 0.6729166666666667 0.4275 0.003125 0.005
1 0.6984375 0.42875 0.003125 0.005833333333333334
1 0.7067708333333333 0.42791666666666667 0.003125 0.005833333333333334
1 0.7005208333333334 0.42791666666666667 0.0020833333333333333 0.005833333333333334
1 0.7036458333333333 0.42791666666666667 0.003125 0.005833333333333334
1 0.7177083333333333 0.4275 0.003125 0.006666666666666667
1 0.7635416666666667 0.4295833333333333 0.003125 0.0075
1 0.7424479166666667 0.42875 0.0026041666666666665 0.005833333333333334
1 0.73828125 0.42833333333333334 0.0026041666666666665 0.005
1 0.7841145833333333 0.43041666666666667 0.0036458333333333334 0.005833333333333334
1 0.79609375 0.43 0.0036458333333333334 0.005
1 0.8057291666666667 0.43 0.003125 0.005
1 0.8380208333333333 0.43041666666666667 0.004166666666666667 0.005833333333333334
1 0.84765625 0.43041666666666667 0.0036458333333333334 0.0075
1 0.86640625 0.43041666666666667 0.0026041666666666665 0.0075
1 0.87265625 0.43041666666666667 0.0036458333333333334 0.0075
1 0.8885416666666667 0.43125 0.003125 0.005833333333333334
0 0.3658854166666667 0.43666666666666665 0.0036458333333333334 0.01
0 0.35989583333333336 0.43625 0.003125 0.0075
0 0.35625 0.4325 0.005208333333333333 0.01
0 0.37109375 0.43041666666666667 0.0026041666666666665 0.0075
0 0.36640625 0.4295833333333333 0.0036458333333333334 0.0075
0 0.4671875 0.4275 0.0020833333333333333 0.006666666666666667
0 0.48984375 0.4270833333333333 0.0026041666666666665 0.0075
0 0.5096354166666667 0.4266666666666667 0.0026041666666666665 0.006666666666666667
0 0.5393229166666667 0.4270833333333333 0.0026041666666666665 0.0075
0 0.5640625 0.4275 0.003125 0.006666666666666667
0 0.6403645833333333 0.42875 0.0026041666666666665 0.0075
0 0.6755208333333333 0.42916666666666664 0.003125 0.006666666666666667
0 0.7114583333333333 0.43 0.003125 0.008333333333333333
0 0.7294270833333333 0.4275 0.0026041666666666665 0.006666666666666667
0 0.75546875 0.42875 0.0026041666666666665 0.005833333333333334
0 0.7669270833333334 0.43125 0.0036458333333333334 0.009166666666666667
0 0.8130208333333333 0.4325 0.004166666666666667 0.008333333333333333
0 0.8161458333333333 0.42916666666666664 0.003125 0.006666666666666667
0 0.821875 0.4295833333333333 0.003125 0.0075
0 0.8627604166666667 0.43166666666666664 0.0046875 0.01
0 0.9010416666666666 0.43041666666666667 0.004166666666666667 0.009166666666666667
0 0.92421875 0.43083333333333335 0.0046875 0.01
0 0.946875 0.43166666666666664 0.003125 0.01
0 0.978125 0.43166666666666664 0.004166666666666667 0.006666666666666667
0 0.9442708333333333 0.43083333333333335 0.004166666666666667 0.01
1 0.3893229166666667 0.42833333333333334 0.0015625 0.005
1 0.41848958333333336 0.42833333333333334 0.0015625 0.005