0 0.11796875 0.6295833333333334 0.1296875 0.22083333333333333
1 0.04453125 0.14708333333333334 0.0078125 0.0175
1 0.19140625 0.135 0.008854166666666666 0.018333333333333333
0 0.06770833333333333 0.15291666666666667 0.009375 0.0225
0 0.18072916666666666 0.14291666666666666 0.008333333333333333 0.020833333333333332
0 0.27890625 0.13291666666666666 0.008854166666666666 0.020833333333333332
1 0.30234375 0.12541666666666668 0.0067708333333333336 0.015833333333333335
1 0.8049479166666667 0.09 0.0078125 0.016666666666666666
1 0.8932291666666666 0.08416666666666667 0.007291666666666667 0.018333333333333333
0 0.9044270833333333 0.09291666666666666 0.009895833333333333 0.019166666666666665
0 0.7846354166666667 0.10208333333333333 0.009895833333333333 0.0225
1 0.7171875 0.09708333333333333 0.00625 0.014166666666666666
1 0.5278645833333333 0.10916666666666666 0.0067708333333333336 0.013333333333333334
0 0.5401041666666667 0.11416666666666667 0.007291666666666667 0.016666666666666666
0 0.6325520833333333 0.10708333333333334 0.008854166666666666 0.019166666666666665
1 0.6075520833333333 0.09291666666666666 0.0046875 0.009166666666666667
1 0.6302083333333334 0.09166666666666666 0.004166666666666667 0.01
1 0.63828125 0.09041666666666667 0.0036458333333333334 0.009166666666666667
1 0.6677083333333333 0.09083333333333334 0.004166666666666667 0.011666666666666667
0 0.6723958333333333 0.09041666666666667 0.005208333333333333 0.0125