1 0.21875 0.74625 0.10833333333333334 0.21416666666666667
1 0.10052083333333334 0.31375 0.015625 0.024166666666666666
1 0.20989583333333334 0.3104166666666667 0.011458333333333333 0.020833333333333332
1 0.28958333333333336 0.30625 0.009375 0.015833333333333335
1 0.32838541666666665 0.3045833333333333 0.0078125 0.0125
1 0.3567708333333333 0.3016666666666667 0.00625 0.011666666666666667
1 0.35 0.2991666666666667 0.00625 0.011666666666666667
1 0.325 0.2975 0.003125 0.01
1 0.29739583333333336 0.295 0.005208333333333333 0.01
1 0.25859375 0.29375 0.0046875 0.009166666666666667
1 0.20182291666666666 0.2916666666666667 0.0046875 0.008333333333333333
1 0.13489583333333333 0.29 0.004166666666666667 0.01
1 0.05 0.2875 0.005208333333333333 0.01
0 0.10625 0.30416666666666664 0.011458333333333333 0.02
0 0.203125 0.3025 0.008333333333333333 0.015
0 0.24166666666666667 0.30083333333333334 0.008333333333333333 0.015
0 0.2677083333333333 0.30041666666666667 0.00625 0.0125
0 0.27109375 0.29833333333333334 0.0036458333333333334 0.011666666666666667
0 0.2518229166666667 0.29583333333333334 0.005729166666666666 0.011666666666666667
0 0.2234375 0.2941666666666667 0.00625 0.011666666666666667
0 0.18203125 0.2925 0.0067708333333333336 0.011666666666666667
0 0.1171875 0.29083333333333333 0.007291666666666667 0.011666666666666667
0 0.03411458333333333 0.28791666666666665 0.005729166666666666 0.0125
1 0.96484375 0.6233333333333333 0.0703125 0.13833333333333334