1 0.240625 0.5508333333333333 0.03229166666666667 0.06333333333333334
1 0.2869791666666667 0.49875 0.028125 0.04583333333333333
1 0.31953125 0.4766666666666667 0.0265625 0.03166666666666667
1 0.34713541666666664 0.45458333333333334 0.021354166666666667 0.025833333333333333
1 0.5466145833333333 0.46166666666666667 0.022395833333333334 0.03333333333333333
0 0.7302083333333333 0.70375 0.071875 0.11416666666666667
0 0.6505208333333333 0.56125 0.05520833333333333 0.060833333333333336
0 0.58203125 0.49583333333333335 0.027604166666666666 0.06
0 0.5583333333333333 0.43625 0.014583333333333334 0.035833333333333335
0 0.5455729166666666 0.42791666666666667 0.013020833333333334 0.024166666666666666
0 0.53671875 0.41083333333333333 0.0109375 0.03