0 0.21796875 0.44583333333333336 0.0859375 0.15166666666666667
0 0.25078125 0.25958333333333333 0.0359375 0.07583333333333334
0 0.36744791666666665 0.19416666666666665 0.0296875 0.056666666666666664
0 0.509375 0.12833333333333333 0.017708333333333333 0.035
0 0.5875 0.09875 0.011458333333333333 0.0275
0 0.63671875 0.08375 0.008854166666666666 0.0225
1 0.07317708333333334 0.20208333333333334 0.027604166666666666 0.049166666666666664
1 0.31536458333333334 0.14 0.016145833333333335 0.03166666666666667
1 0.43984375 0.10833333333333334 0.0109375 0.023333333333333334
1 0.50546875 0.09208333333333334 0.009895833333333333 0.020833333333333332
1 0.5578125 0.08 0.008333333333333333 0.018333333333333333
1 0.5903645833333333 0.07291666666666667 0.0078125 0.015833333333333335
1 0.6276041666666666 0.06583333333333333 0.00625 0.015
1 0.6557291666666667 0.059583333333333335 0.00625 0.014166666666666666
0 0.6739583333333333 0.0725 0.007291666666666667 0.018333333333333333
0 0.6919270833333333 0.06666666666666667 0.0078125 0.016666666666666666
1 0.6736979166666667 0.05625 0.005729166666666666 0.010833333333333334
1 0.6921875 0.05291666666666667 0.005208333333333333 0.010833333333333334
1 0.7080729166666667 0.05 0.0046875 0.01
1 0.7341145833333333 0.04625 0.0046875 0.010833333333333334
0 0.7143229166666667 0.059583333333333335 0.0067708333333333336 0.015833333333333335
0 0.7322916666666667 0.05583333333333333 0.005208333333333333 0.013333333333333334
0 0.7471354166666667 0.04958333333333333 0.005729166666666666 0.0125
0 0.7611979166666667 0.04583333333333333 0.0046875 0.013333333333333334
0 0.7723958333333333 0.04375 0.005208333333333333 0.0125
1 0.77890625 0.04125 0.0046875 0.010833333333333334
1 0.8294270833333334 0.03625 0.0046875 0.010833333333333334
1 0.8736979166666666 0.0325 0.0036458333333333334 0.01
0 0.8046875 0.04 0.005208333333333333 0.013333333333333334
0 0.853125 0.035416666666666666 0.005208333333333333 0.0125
0 0.9127604166666666 0.02875 0.005729166666666666 0.014166666666666666
1 0.9309895833333334 0.02666666666666667 0.005729166666666666 0.01
1 0.99765625 0.01875 0.0046875 0.0125
0 0.9794270833333333 0.022083333333333333 0.005729166666666666 0.014166666666666666