1 0.66875 0.5370833333333334 0.059375 0.10583333333333333
1 0.18723958333333332 0.36833333333333335 0.03177083333333333 0.04666666666666667
1 0.34401041666666665 0.3525 0.018229166666666668 0.03666666666666667
1 0.45651041666666664 0.33708333333333335 0.0140625 0.029166666666666667
1 0.5252604166666667 0.32166666666666666 0.009895833333333333 0.021666666666666667
1 0.54609375 0.31416666666666665 0.008854166666666666 0.018333333333333333
1 0.5661458333333333 0.30916666666666665 0.008333333333333333 0.016666666666666666
1 0.5809895833333333 0.30541666666666667 0.0067708333333333336 0.014166666666666666
1 0.6119791666666666 0.30333333333333334 0.00625 0.011666666666666667
1 0.6072916666666667 0.2995833333333333 0.005208333333333333 0.010833333333333334
1 0.5942708333333333 0.2916666666666667 0.004166666666666667 0.008333333333333333
1 0.5802083333333333 0.29125 0.003125 0.005833333333333334
1 0.5533854166666666 0.28875 0.0036458333333333334 0.0075
1 0.5216145833333333 0.28625 0.0026041666666666665 0.005833333333333334
1 0.8489583333333334 0.40958333333333335 0.030208333333333334 0.050833333333333335
1 0.9171875 0.36833333333333335 0.019791666666666666 0.03333333333333333
1 0.9440104166666666 0.3525 0.016145833333333335 0.028333333333333332
1 0.9919270833333333 0.34 0.013020833333333334 0.021666666666666667
0 0.13098958333333333 0.335 0.021354166666666667 0.03333333333333333
0 0.28151041666666665 0.3254166666666667 0.013020833333333334 0.025833333333333333
0 0.278125 0.2841666666666667 0.004166666666666667 0.008333333333333333
0 0.3890625 0.3154166666666667 0.010416666666666666 0.020833333333333332
0 0.4317708333333333 0.3070833333333333 0.008333333333333333 0.0175
0 0.45703125 0.30333333333333334 0.0067708333333333336 0.015
0 0.5151041666666667 0.2995833333333333 0.005208333333333333 0.0125
0 0.5096354166666667 0.28833333333333333 0.0026041666666666665 0.006666666666666667
0 0.5247395833333334 0.2970833333333333 0.0046875 0.010833333333333334
0 0.5348958333333333 0.295 0.004166666666666667 0.008333333333333333
0 0.5291666666666667 0.29 0.0020833333333333333 0.006666666666666667
0 0.53984375 0.2920833333333333 0.0026041666666666665 0.0075
1 0.09557291666666666 0.2808333333333333 0.005729166666666666 0.01
1 0.3109375 0.28458333333333335 0.003125 0.005833333333333334
1 0.36302083333333335 0.285 0.003125 0.005
1 0.40625 0.28458333333333335 0.003125 0.005833333333333334
1 0.45 0.285 0.0020833333333333333 0.005
1 0.48776041666666664 0.28625 0.0026041666666666665 0.005833333333333334
0 0.4828125 0.2866666666666667 0.003125 0.008333333333333333
0 0.3734375 0.285 0.004166666666666667 0.008333333333333333
0 0.41302083333333334 0.28541666666666665 0.003125 0.0075
0 0.3268229166666667 0.285 0.0036458333333333334 0.008333333333333333
1 0.25833333333333336 0.28375 0.003125 0.005833333333333334
0 0.4473958333333333 0.28583333333333333 0.003125 0.008333333333333333
1 0.6041666666666666 0.29375 0.004166666666666667 0.009166666666666667
0 0.2296875 0.285 0.005208333333333333 0.008333333333333333
0 0.07604166666666666 0.2833333333333333 0.005208333333333333 0.01
0 0.14635416666666667 0.28458333333333335 0.005208333333333333 0.009166666666666667
1 0.009114583333333334 0.28125 0.0067708333333333336 0.009166666666666667