1 0.8442708333333333 0.5441666666666667 0.06875 0.10666666666666667
1 0.06432291666666666 0.35541666666666666 0.0296875 0.049166666666666664
1 0.27447916666666666 0.3516666666666667 0.025 0.043333333333333335
1 0.4518229166666667 0.3441666666666667 0.018229166666666668 0.035
1 0.5921875 0.3325 0.0125 0.025
1 0.6434895833333333 0.3254166666666667 0.0109375 0.0225
1 0.6869791666666667 0.32125 0.008333333333333333 0.019166666666666665
1 0.72109375 0.3179166666666667 0.0078125 0.0175
1 0.7729166666666667 0.3179166666666667 0.008333333333333333 0.015833333333333335
1 0.7791666666666667 0.31333333333333335 0.00625 0.013333333333333334
1 0.7888020833333333 0.31083333333333335 0.005729166666666666 0.011666666666666667
1 0.7927083333333333 0.3070833333333333 0.003125 0.010833333333333334
1 0.7716145833333333 0.3020833333333333 0.0046875 0.009166666666666667
1 0.7416666666666667 0.2995833333333333 0.003125 0.0075
0 0.15963541666666667 0.32125 0.016145833333333335 0.029166666666666667
0 0.32135416666666666 0.32 0.014583333333333334 0.02666666666666667
0 0.46145833333333336 0.31625 0.010416666666666666 0.0225
0 0.5328125 0.31083333333333335 0.009375 0.018333333333333333
0 0.5770833333333333 0.30875 0.008333333333333333 0.015833333333333335
0 0.65625 0.30791666666666667 0.00625 0.014166666666666666
0 0.67578125 0.30583333333333335 0.0067708333333333336 0.013333333333333334
0 0.6966145833333334 0.30375 0.005729166666666666 0.0125
0 0.7111979166666667 0.3020833333333333 0.0046875 0.009166666666666667
0 0.7059895833333333 0.2995833333333333 0.0036458333333333334 0.0075
0 0.6875 0.2966666666666667 0.004166666666666667 0.008333333333333333
0 0.65859375 0.29375 0.0036458333333333334 0.009166666666666667
0 0.62265625 0.29125 0.0036458333333333334 0.0075
0 0.5872395833333334 0.28875 0.0036458333333333334 0.0075
0 0.5463541666666667 0.2875 0.003125 0.008333333333333333
0 0.5002604166666667 0.28541666666666665 0.0036458333333333334 0.009166666666666667
0 0.4546875 0.28375 0.003125 0.009166666666666667
1 0.7846354166666667 0.3045833333333333 0.0046875 0.009166666666666667
0 0.2328125 0.2775 0.005208333333333333 0.01
1 0.2520833333333333 0.2775 0.004166666666666667 0.008333333333333333
1 0.39869791666666665 0.28125 0.0036458333333333334 0.0075
1 0.44192708333333336 0.2825 0.0036458333333333334 0.006666666666666667
0 0.4122395833333333 0.28291666666666665 0.0046875 0.009166666666666667
1 0.5395833333333333 0.2866666666666667 0.003125 0.006666666666666667
1 0.5833333333333334 0.28833333333333333 0.003125 0.006666666666666667
1 0.48984375 0.285 0.0036458333333333334 0.006666666666666667
1 0.62890625 0.29125 0.0036458333333333334 0.0075
1 0.66875 0.29291666666666666 0.004166666666666667 0.0075
0 0.2916666666666667 0.2808333333333333 0.004166666666666667 0.008333333333333333
0 0.34427083333333336 0.28125 0.004166666666666667 0.009166666666666667
0 0.09270833333333334 0.27291666666666664 0.004166666666666667 0.009166666666666667
0 0.16640625 0.2758333333333333 0.0036458333333333334 0.008333333333333333