1 0.017708333333333333 0.5633333333333334 0.035416666666666666 0.051666666666666666
1 0.15208333333333332 0.655 0.065625 0.09833333333333333
1 0.1890625 0.5683333333333334 0.0375 0.058333333333333334
1 0.3763020833333333 0.4554166666666667 0.005729166666666666 0.0125
1 0.35390625 0.4525 0.0036458333333333334 0.01
1 0.3567708333333333 0.4558333333333333 0.005208333333333333 0.01
1 0.42916666666666664 0.45416666666666666 0.00625 0.013333333333333334
1 0.5729166666666666 0.45 0.00625 0.013333333333333334
1 0.6109375 0.44083333333333335 0.004166666666666667 0.01
1 0.6203125 0.44166666666666665 0.005208333333333333 0.013333333333333334
1 0.6270833333333333 0.44583333333333336 0.005208333333333333 0.011666666666666667
1 0.62578125 0.4483333333333333 0.0046875 0.013333333333333334
0 0.6236979166666666 0.45708333333333334 0.0078125 0.0175
1 0.6447916666666667 0.43625 0.004166666666666667 0.009166666666666667
0 0.9604166666666667 0.42833333333333334 0.005208333333333333 0.008333333333333333
0 0.946875 0.4295833333333333 0.005208333333333333 0.009166666666666667
0 0.93046875 0.43166666666666664 0.0046875 0.01
0 0.9138020833333333 0.43291666666666667 0.005729166666666666 0.010833333333333334
0 0.8635416666666667 0.4345833333333333 0.005208333333333333 0.010833333333333334
0 0.8013020833333333 0.4354166666666667 0.005729166666666666 0.009166666666666667
0 0.75234375 0.435 0.0046875 0.01
0 0.73984375 0.44916666666666666 0.0067708333333333336 0.015
0 0.7270833333333333 0.44458333333333333 0.007291666666666667 0.014166666666666666
0 0.70703125 0.43583333333333335 0.005729166666666666 0.01
0 0.6994791666666667 0.44166666666666665 0.005208333333333333 0.011666666666666667
0 0.7057291666666666 0.45416666666666666 0.008333333333333333 0.016666666666666666
1 0.9669270833333333 0.42625 0.0036458333333333334 0.0075
1 0.91953125 0.4275 0.0036458333333333334 0.008333333333333333
1 0.8875 0.42875 0.004166666666666667 0.0075
1 0.8700520833333333 0.43041666666666667 0.0036458333333333334 0.009166666666666667
1 0.8557291666666667 0.4320833333333333 0.004166666666666667 0.0075
1 0.8302083333333333 0.43291666666666667 0.004166666666666667 0.009166666666666667
1 0.78046875 0.43333333333333335 0.0036458333333333334 0.008333333333333333
1 0.678125 0.4354166666666667 0.003125 0.0075
0 0.6822916666666666 0.44 0.004166666666666667 0.01
1 0.7203125 0.4345833333333333 0.003125 0.0075
0 0.22890625 0.5016666666666667 0.016145833333333335 0.03
0 0.29401041666666666 0.4533333333333333 0.0046875 0.008333333333333333
0 0.28671875 0.45625 0.0046875 0.0075
0 0.2703125 0.45958333333333334 0.005208333333333333 0.010833333333333334
0 0.265625 0.46166666666666667 0.00625 0.013333333333333334
0 0.30833333333333335 0.46458333333333335 0.00625 0.014166666666666666
0 0.39348958333333334 0.4625 0.0078125 0.015
0 0.3880208333333333 0.4920833333333333 0.014583333333333334 0.029166666666666667
0 0.5 0.45958333333333334 0.007291666666666667 0.015833333333333335
0 0.5578125 0.5070833333333333 0.017708333333333333 0.035833333333333335
0 0.675 0.5479166666666667 0.028125 0.05583333333333333
0 0.01875 0.4716666666666667 0.007291666666666667 0.011666666666666667
1 0.03411458333333333 0.46791666666666665 0.0046875 0.009166666666666667
1 0.34296875 0.44875 0.0046875 0.0075
1 0.3138020833333333 0.44875 0.0036458333333333334 0.0075
0 0.9643229166666667 0.7283333333333334 0.07135416666666666 0.14666666666666667
0 0.09479166666666666 0.46416666666666667 0.005208333333333333 0.01
0 0.14817708333333332 0.45875 0.0046875 0.009166666666666667
0 0.19505208333333332 0.4554166666666667 0.0036458333333333334 0.009166666666666667
0 0.240625 0.4525 0.003125 0.008333333333333333
1 0.1015625 0.46125 0.004166666666666667 0.009166666666666667
1 0.15078125 0.4579166666666667 0.0036458333333333334 0.0075
1 0.20546875 0.45375 0.0036458333333333334 0.0075
1 0.2520833333333333 0.45125 0.003125 0.0075
1 0.2830729166666667 0.44916666666666666 0.0026041666666666665 0.006666666666666667
0 0.26927083333333335 0.45166666666666666 0.004166666666666667 0.008333333333333333
1 0.49973958333333335 0.45125 0.005729166666666666 0.014166666666666666