1 0.16119791666666666 0.5545833333333333 0.0359375 0.0525
1 0.22786458333333334 0.4975 0.0171875 0.03166666666666667
1 0.24947916666666667 0.4791666666666667 0.0125 0.023333333333333334
1 0.2825520833333333 0.46208333333333335 0.008854166666666666 0.0175
1 0.32005208333333335 0.4529166666666667 0.0067708333333333336 0.014166666666666666
1 0.3497395833333333 0.4475 0.0046875 0.011666666666666667
1 0.39166666666666666 0.44208333333333333 0.005208333333333333 0.010833333333333334
1 0.42526041666666664 0.43875 0.0036458333333333334 0.009166666666666667
1 0.478125 0.43583333333333335 0.004166666666666667 0.008333333333333333
1 0.5388020833333333 0.43291666666666667 0.0036458333333333334 0.009166666666666667
1 0.5807291666666666 0.4325 0.004166666666666667 0.008333333333333333
1 0.6229166666666667 0.4325 0.004166666666666667 0.01
1 0.6734375 0.43291666666666667 0.004166666666666667 0.009166666666666667
1 0.740625 0.435 0.00625 0.011666666666666667
1 0.8638020833333333 0.4370833333333333 0.008854166666666666 0.014166666666666666
0 0.7026041666666667 0.6179166666666667 0.051041666666666666 0.08916666666666667
0 0.490625 0.5075 0.017708333333333333 0.03833333333333333
0 0.41822916666666665 0.47833333333333333 0.0125 0.025
0 0.4036458333333333 0.46166666666666667 0.008333333333333333 0.018333333333333333
0 0.4140625 0.4533333333333333 0.007291666666666667 0.016666666666666666
0 0.43984375 0.44458333333333333 0.0067708333333333336 0.0125
0 0.46927083333333336 0.4404166666666667 0.005208333333333333 0.010833333333333334
0 0.51484375 0.4375 0.0046875 0.011666666666666667
0 0.5760416666666667 0.435 0.005208333333333333 0.011666666666666667
0 0.6377604166666667 0.43625 0.005729166666666666 0.010833333333333334
0 0.68046875 0.4375 0.005729166666666666 0.011666666666666667
0 0.8033854166666666 0.44166666666666665 0.008854166666666666 0.016666666666666666
0 0.9942708333333333 0.4479166666666667 0.011458333333333333 0.020833333333333332