1 0.3578125 0.64 0.08854166666666667 0.165
1 0.9127604166666666 0.48333333333333334 0.058854166666666666 0.085
1 0.8403645833333333 0.3566666666666667 0.0140625 0.03
1 0.9877604166666667 0.36083333333333334 0.0171875 0.028333333333333332
1 0.6278645833333333 0.3475 0.0109375 0.03
1 0.4002604166666667 0.33791666666666664 0.0140625 0.030833333333333334
1 0.22057291666666667 0.33125 0.016145833333333335 0.030833333333333334
1 0.05416666666666667 0.275 0.00625 0.011666666666666667
1 0.22838541666666667 0.28291666666666665 0.0046875 0.010833333333333334
0 0.058333333333333334 0.30041666666666667 0.0125 0.024166666666666666
0 0.032552083333333336 0.2775 0.008854166666666666 0.013333333333333334
0 0.17734375 0.31 0.0109375 0.023333333333333334
0 0.2015625 0.28458333333333335 0.00625 0.0125
0 0.3625 0.32 0.009375 0.023333333333333334
0 0.3346354166666667 0.28958333333333336 0.0046875 0.0125
0 0.44869791666666664 0.29375 0.0046875 0.010833333333333334
0 0.5447916666666667 0.3233333333333333 0.008333333333333333 0.021666666666666667
0 0.5356770833333333 0.2970833333333333 0.0046875 0.010833333333333334
0 0.71796875 0.3325 0.009895833333333333 0.021666666666666667
0 0.6856770833333333 0.3045833333333333 0.0036458333333333334 0.009166666666666667
0 0.7625 0.3075 0.004166666666666667 0.01
0 0.8380208333333333 0.31083333333333335 0.004166666666666667 0.01