1 0.7463541666666667 0.25125 0.04583333333333333 0.09083333333333334
1 0.7755208333333333 0.1625 0.029166666666666667 0.056666666666666664
1 0.7533854166666667 0.1175 0.022395833333333334 0.04
1 0.7799479166666666 0.0825 0.013020833333333334 0.023333333333333334
1 0.8526041666666667 0.08 0.013541666666666667 0.021666666666666667
1 0.6122395833333333 0.07708333333333334 0.0109375 0.025833333333333333
1 0.23411458333333332 0.06 0.015104166666666667 0.028333333333333332
1 0.33151041666666664 0.06958333333333333 0.015104166666666667 0.029166666666666667
1 0.07552083333333333 0.04541666666666667 0.0125 0.0275
1 0.4890625 0.07833333333333334 0.014583333333333334 0.028333333333333332
0 0.5231770833333333 0.06166666666666667 0.0109375 0.02
0 0.4161458333333333 0.05875 0.011458333333333333 0.020833333333333332
0 0.9786458333333333 0.10375 0.020833333333333332 0.030833333333333334
1 0.9536458333333333 0.07708333333333334 0.013541666666666667 0.0225
1 0.8994791666666667 0.06875 0.010416666666666666 0.019166666666666665
1 0.9091145833333333 0.06833333333333333 0.008854166666666666 0.018333333333333333
1 0.9705729166666667 0.0675 0.0109375 0.016666666666666666
0 0.9197916666666667 0.058333333333333334 0.008333333333333333 0.016666666666666666
0 0.8536458333333333 0.06041666666666667 0.007291666666666667 0.015833333333333335
0 0.86015625 0.06 0.0067708333333333336 0.016666666666666666
0 0.7723958333333333 0.060833333333333336 0.010416666666666666 0.018333333333333333
0 0.6583333333333333 0.060833333333333336 0.009375 0.02
0 0.09557291666666666 0.032916666666666664 0.009895833333333333 0.024166666666666666
0 0.325 0.04875 0.00625 0.0225
1 0.296875 0.6958333333333333 0.09791666666666667 0.14333333333333334
0 0.23385416666666667 0.042083333333333334 0.011458333333333333 0.024166666666666666
1 0.75390625 0.09458333333333334 0.0140625 0.029166666666666667
1 0.78828125 0.07166666666666667 0.008854166666666666 0.021666666666666667
0 0.9934895833333334 0.1275 0.011979166666666667 0.016666666666666666
0 0.7552083333333334 0.0075 0.00625 0.013333333333333334
0 0.7611979166666667 0.009166666666666667 0.0046875 0.011666666666666667
0 0.7630208333333334 0.005833333333333334 0.005208333333333333 0.011666666666666667