1 0.7190104166666667 0.5408333333333334 0.0578125 0.105
1 0.9440104166666666 0.355 0.011979166666666667 0.021666666666666667
1 0.8171875 0.35125 0.011458333333333333 0.020833333333333332
1 0.63984375 0.34125 0.0109375 0.020833333333333332
1 0.5135416666666667 0.33166666666666667 0.009375 0.02
1 0.4309895833333333 0.3258333333333333 0.008854166666666666 0.018333333333333333
0 0.9666666666666667 0.34541666666666665 0.010416666666666666 0.0175
0 0.82421875 0.34291666666666665 0.0067708333333333336 0.019166666666666665
0 0.6825520833333333 0.3358333333333333 0.008854166666666666 0.018333333333333333
0 0.5885416666666666 0.32958333333333334 0.008333333333333333 0.0175
0 0.46484375 0.32125 0.005729166666666666 0.015833333333333335
1 0.36223958333333334 0.31833333333333336 0.009895833333333333 0.016666666666666666
1 0.32317708333333334 0.31416666666666665 0.0078125 0.015
0 0.4075520833333333 0.315 0.0067708333333333336 0.015
1 0.9763020833333333 0.3275 0.0046875 0.008333333333333333
0 0.9419270833333333 0.3283333333333333 0.0046875 0.01
0 0.88359375 0.32666666666666666 0.0046875 0.01
1 0.9049479166666666 0.3254166666666667 0.0046875 0.0075
1 0.8419270833333333 0.32416666666666666 0.0046875 0.008333333333333333
0 0.7966145833333333 0.32375 0.0046875 0.009166666666666667
1 0.7666666666666667 0.32083333333333336 0.004166666666666667 0.01
0 0.7203125 0.32083333333333336 0.004166666666666667 0.01
1 0.6981770833333333 0.3179166666666667 0.0046875 0.009166666666666667
0 0.6278645833333333 0.31625 0.005729166666666666 0.0125
1 0.61484375 0.3145833333333333 0.0036458333333333334 0.009166666666666667
0 0.53046875 0.31333333333333335 0.0046875 0.011666666666666667
0 0.4859375 0.3125 0.005208333333333333 0.011666666666666667
1 0.4627604166666667 0.30916666666666665 0.0036458333333333334 0.01
0 0.43203125 0.31125 0.005729166666666666 0.0125
1 0.4158854166666667 0.30791666666666667 0.0046875 0.009166666666666667
0 0.4 0.3120833333333333 0.005208333333333333 0.010833333333333334
1 0.38229166666666664 0.30791666666666667 0.005208333333333333 0.010833333333333334
1 0.35104166666666664 0.30791666666666667 0.005208333333333333 0.010833333333333334
1 0.3171875 0.31083333333333335 0.00625 0.011666666666666667