1 0.6075520833333333 0.7208333333333333 0.0765625 0.18333333333333332
1 0.8369791666666667 0.5433333333333333 0.0625 0.1
1 0.709375 0.44166666666666665 0.03229166666666667 0.058333333333333334
1 0.5260416666666666 0.40541666666666665 0.019791666666666666 0.04583333333333333
1 0.3098958333333333 0.39666666666666667 0.021875 0.043333333333333335
1 0.05677083333333333 0.3075 0.007291666666666667 0.011666666666666667
1 0.18802083333333333 0.3129166666666667 0.00625 0.010833333333333334
1 0.3015625 0.31666666666666665 0.005208333333333333 0.01
1 0.8565104166666667 0.33708333333333335 0.0046875 0.009166666666666667
1 0.9208333333333333 0.3383333333333333 0.005208333333333333 0.01
1 0.9791666666666666 0.34041666666666665 0.00625 0.010833333333333334
0 0.50078125 0.36875 0.013020833333333334 0.029166666666666667
0 0.34739583333333335 0.3591666666666667 0.013541666666666667 0.028333333333333332
0 0.10390625 0.35083333333333333 0.016145833333333335 0.028333333333333332
0 0.15208333333333332 0.31416666666666665 0.007291666666666667 0.011666666666666667
0 0.28541666666666665 0.31916666666666665 0.00625 0.013333333333333334
0 0.7473958333333334 0.33666666666666667 0.00625 0.011666666666666667
0 0.8403645833333333 0.33916666666666667 0.005729166666666666 0.01
0 0.9106770833333333 0.34 0.005729166666666666 0.011666666666666667
0 0.7421875 0.38458333333333333 0.015625 0.030833333333333334
0 0.9739583333333334 0.34208333333333335 0.00625 0.010833333333333334
1 0.39114583333333336 0.31916666666666665 0.005208333333333333 0.011666666666666667
0 0.3846354166666667 0.32166666666666666 0.0046875 0.013333333333333334
0 0.4921875 0.32375 0.004166666666666667 0.0125
1 0.48463541666666665 0.32166666666666666 0.005729166666666666 0.011666666666666667
1 0.6372395833333333 0.3279166666666667 0.0046875 0.010833333333333334
0 0.6557291666666667 0.3304166666666667 0.005208333333333333 0.010833333333333334
1 0.7169270833333333 0.33125 0.0046875 0.010833333333333334
1 0.7903645833333334 0.3333333333333333 0.0046875 0.011666666666666667