0 0.21354166666666666 0.16625 0.017708333333333333 0.0375
0 0.38125 0.15583333333333332 0.016666666666666666 0.035
0 0.5979166666666667 0.13583333333333333 0.017708333333333333 0.035
0 0.72109375 0.11541666666666667 0.013020833333333334 0.030833333333333334
0 0.8799479166666667 0.08625 0.013020833333333334 0.0275
1 0.8223958333333333 0.07958333333333334 0.009375 0.020833333333333332
1 0.7088541666666667 0.095 0.010416666666666666 0.023333333333333334
1 0.4200520833333333 0.12875 0.013020833333333334 0.029166666666666667
1 0.5609375 0.115 0.011458333333333333 0.02666666666666667
1 0.27786458333333336 0.13958333333333334 0.0140625 0.029166666666666667
1 0.12708333333333333 0.14916666666666667 0.015625 0.03166666666666667
0 0.027604166666666666 0.55625 0.05520833333333333 0.16416666666666666