1 0.30442708333333335 0.5758333333333333 0.0359375 0.058333333333333334
1 0.46458333333333335 0.5141666666666667 0.016666666666666666 0.03666666666666667
1 0.565625 0.48625 0.011458333333333333 0.024166666666666666
1 0.6252604166666667 0.47208333333333335 0.009895833333333333 0.020833333333333332
1 0.6567708333333333 0.4633333333333333 0.008333333333333333 0.016666666666666666
1 0.7127604166666667 0.45708333333333334 0.0078125 0.015833333333333335
1 0.73828125 0.4529166666666667 0.0067708333333333336 0.014166666666666666
1 0.70546875 0.44416666666666665 0.0046875 0.008333333333333333
1 0.6505208333333333 0.44708333333333333 0.003125 0.009166666666666667
1 0.759375 0.45 0.00625 0.013333333333333334
1 0.7549479166666667 0.44083333333333335 0.0046875 0.01
1 0.7729166666666667 0.44625 0.005208333333333333 0.0125
1 0.7888020833333333 0.43875 0.0036458333333333334 0.009166666666666667
1 0.7986979166666667 0.44208333333333333 0.005729166666666666 0.010833333333333334
1 0.8255208333333334 0.44 0.005208333333333333 0.01
1 0.8505208333333333 0.43875 0.005208333333333333 0.009166666666666667
1 0.86640625 0.43625 0.005729166666666666 0.010833333333333334
1 0.8619791666666666 0.435 0.005208333333333333 0.01
0 0.8984375 0.44208333333333333 0.008333333333333333 0.0125
0 0.8713541666666667 0.44875 0.007291666666666667 0.019166666666666665
0 0.87578125 0.4579166666666667 0.009895833333333333 0.0175
0 0.92734375 0.43875 0.0067708333333333336 0.0125
0 0.90625 0.43166666666666664 0.004166666666666667 0.008333333333333333
0 0.9192708333333334 0.42916666666666664 0.004166666666666667 0.008333333333333333
0 0.95390625 0.43625 0.0067708333333333336 0.010833333333333334
0 0.9630208333333333 0.43375 0.005208333333333333 0.010833333333333334
0 0.8033854166666666 0.46625 0.0109375 0.020833333333333332
0 0.7924479166666667 0.47375 0.013020833333333334 0.025833333333333333
0 0.7669270833333334 0.49083333333333334 0.016145833333333335 0.03166666666666667
0 0.7377604166666667 0.5316666666666666 0.024479166666666666 0.04833333333333333
0 0.7510416666666667 0.6066666666666667 0.0375 0.08
1 0.44244791666666666 0.4533333333333333 0.0026041666666666665 0.006666666666666667
1 0.46015625 0.45958333333333334 0.0046875 0.009166666666666667
0 0.45807291666666666 0.4529166666666667 0.0026041666666666665 0.0075
0 0.48203125 0.45625 0.0046875 0.010833333333333334
1 0.49635416666666665 0.44958333333333333 0.003125 0.005833333333333334
1 0.2565104166666667 0.46875 0.0046875 0.009166666666666667
1 0.26197916666666665 0.46708333333333335 0.004166666666666667 0.009166666666666667
1 0.27760416666666665 0.46541666666666665 0.003125 0.0075
1 0.28958333333333336 0.4675 0.004166666666666667 0.01
1 0.2984375 0.46375 0.003125 0.0075
0 0.31979166666666664 0.4633333333333333 0.004166666666666667 0.011666666666666667
0 0.32890625 0.4625 0.0036458333333333334 0.008333333333333333
1 0.33203125 0.46125 0.0026041666666666665 0.005833333333333334
1 0.33828125 0.46541666666666665 0.0046875 0.010833333333333334
0 0.34322916666666664 0.46375 0.004166666666666667 0.009166666666666667
0 0.3619791666666667 0.46041666666666664 0.004166666666666667 0.009166666666666667
1 0.37994791666666666 0.4579166666666667 0.0026041666666666665 0.0075
0 0.39348958333333334 0.4579166666666667 0.0026041666666666665 0.0075
0 0.3966145833333333 0.4608333333333333 0.0046875 0.01
1 0.40208333333333335 0.4625 0.00625 0.01
0 0.5151041666666667 0.44958333333333333 0.003125 0.0075
0 0.53515625 0.4533333333333333 0.0046875 0.01
0 0.5583333333333333 0.44666666666666666 0.003125 0.006666666666666667
0 0.59921875 0.44958333333333333 0.0036458333333333334 0.009166666666666667
0 0.6026041666666667 0.44333333333333336 0.003125 0.006666666666666667
0 0.6294270833333333 0.44208333333333333 0.0026041666666666665 0.005833333333333334
0 0.6533854166666667 0.4454166666666667 0.0036458333333333334 0.009166666666666667
0 0.6651041666666667 0.4404166666666667 0.003125 0.005833333333333334
0 0.6984375 0.43875 0.003125 0.005833333333333334
0 0.7315104166666667 0.43666666666666665 0.0026041666666666665 0.005
0 0.7401041666666667 0.4395833333333333 0.003125 0.0075
0 0.7755208333333333 0.43375 0.003125 0.005833333333333334
0 0.7958333333333333 0.43625 0.003125 0.0075
0 0.7981770833333334 0.4320833333333333 0.0026041666666666665 0.005833333333333334
0 0.82421875 0.43083333333333335 0.0026041666666666665 0.005
0 0.8442708333333333 0.43041666666666667 0.003125 0.005833333333333334
0 0.85078125 0.43 0.0026041666666666665 0.006666666666666667
0 0.85546875 0.43333333333333335 0.0026041666666666665 0.008333333333333333
0 0.8580729166666666 0.43041666666666667 0.0026041666666666665 0.004166666666666667
0 0.8611979166666667 0.43041666666666667 0.0026041666666666665 0.005833333333333334
0 0.875 0.43083333333333335 0.003125 0.006666666666666667
0 0.9778645833333334 0.4270833333333333 0.0046875 0.009166666666666667
1 0.9911458333333333 0.42583333333333334 0.004166666666666667 0.006666666666666667
1 0.9458333333333333 0.4275 0.003125 0.006666666666666667
1 0.9138020833333333 0.42833333333333334 0.0036458333333333334 0.006666666666666667
1 0.9015625 0.42875 0.004166666666666667 0.005833333333333334
1 0.89453125 0.42833333333333334 0.0026041666666666665 0.005
1 0.6755208333333333 0.43916666666666665 0.0020833333333333333 0.005
1 0.6434895833333333 0.44166666666666665 0.0026041666666666665 0.005
1 0.6104166666666667 0.4429166666666667 0.0020833333333333333 0.005833333333333334
1 0.60625 0.4504166666666667 0.004166666666666667 0.009166666666666667
1 0.57890625 0.44458333333333333 0.0026041666666666665 0.005833333333333334
1 0.53046875 0.45458333333333334 0.0046875 0.010833333333333334
1 0.5377604166666666 0.44708333333333333 0.0026041666666666665 0.005833333333333334
1 0.8291666666666667 0.43041666666666667 0.0020833333333333333 0.004166666666666667
1 0.728125 0.43583333333333335 0.0020833333333333333 0.005
1 0.7721354166666666 0.43375 0.0026041666666666665 0.005833333333333334
0 0.9559895833333333 0.43166666666666664 0.0036458333333333334 0.01
1 0.8276041666666667 0.4370833333333333 0.004166666666666667 0.0075
1 0.80078125 0.4325 0.0026041666666666665 0.005