1 0.6809895833333334 0.6183333333333333 0.06927083333333334 0.14666666666666667
1 0.8666666666666667 0.4891666666666667 0.05625 0.08333333333333333
1 0.6893229166666667 0.4 0.0296875 0.051666666666666666
1 0.56328125 0.3491666666666667 0.0171875 0.035
1 0.4875 0.3233333333333333 0.013541666666666667 0.028333333333333332
1 0.475 0.3075 0.007291666666666667 0.02
1 0.509375 0.3016666666666667 0.008333333333333333 0.018333333333333333
1 0.55625 0.29791666666666666 0.007291666666666667 0.015833333333333335
1 0.6182291666666667 0.29875 0.00625 0.014166666666666666
1 0.7083333333333334 0.30291666666666667 0.005208333333333333 0.014166666666666666
0 0.7734375 0.35333333333333333 0.019791666666666666 0.035
0 0.65546875 0.3283333333333333 0.011979166666666667 0.02666666666666667
0 0.6369791666666667 0.30875 0.008333333333333333 0.019166666666666665
0 0.6106770833333334 0.315 0.009895833333333333 0.021666666666666667
0 0.7854166666666667 0.31583333333333335 0.007291666666666667 0.016666666666666666
0 0.8768229166666667 0.32 0.0067708333333333336 0.015
0 0.91484375 0.31916666666666665 0.0067708333333333336 0.015
0 0.89609375 0.3129166666666667 0.0046875 0.0125
1 0.7979166666666667 0.3070833333333333 0.005208333333333333 0.0125
1 0.77578125 0.30666666666666664 0.0046875 0.013333333333333334
1 0.7854166666666667 0.30125 0.005208333333333333 0.010833333333333334
0 0.7036458333333333 0.3104166666666667 0.008333333333333333 0.0175
1 0.80390625 0.29875 0.0036458333333333334 0.009166666666666667
1 0.8385416666666666 0.29833333333333334 0.004166666666666667 0.008333333333333333
0 0.8700520833333333 0.3045833333333333 0.0046875 0.010833333333333334
0 0.8807291666666667 0.3075 0.004166666666666667 0.011666666666666667
1 0.9036458333333334 0.3020833333333333 0.004166666666666667 0.009166666666666667
0 0.9643229166666667 0.30791666666666667 0.005729166666666666 0.010833333333333334
1 0.9802083333333333 0.3070833333333333 0.005208333333333333 0.009166666666666667