0 0.26458333333333334 0.33958333333333335 0.019791666666666666 0.04083333333333333
0 0.38046875 0.30583333333333335 0.015104166666666667 0.03333333333333333
0 0.453125 0.28458333333333335 0.011458333333333333 0.025833333333333333
1 0.4921875 0.36291666666666667 0.026041666666666668 0.05416666666666667
1 0.56640625 0.30791666666666667 0.018229166666666668 0.035833333333333335
1 0.5872395833333334 0.2825 0.0140625 0.02666666666666667
1 0.61953125 0.26875 0.0109375 0.0225
1 0.6671875 0.2575 0.009375 0.018333333333333333
1 0.9080729166666667 0.435 0.05364583333333333 0.09666666666666666
1 0.8903645833333333 0.245 0.0109375 0.021666666666666667
1 0.7690104166666667 0.25166666666666665 0.009895833333333333 0.02
0 0.7247395833333333 0.24708333333333332 0.008854166666666666 0.015833333333333335
0 0.81796875 0.24166666666666667 0.008854166666666666 0.016666666666666666
0 0.9348958333333334 0.23166666666666666 0.010416666666666666 0.02
0 0.6302083333333334 0.2525 0.007291666666666667 0.015
0 0.5515625 0.26125 0.007291666666666667 0.015833333333333335
0 0.5049479166666667 0.26916666666666667 0.0067708333333333336 0.018333333333333333