1 0.03697916666666667 0.7591666666666667 0.071875 0.14333333333333334
1 0.9770833333333333 0.46625 0.013541666666666667 0.0225
1 0.8640625 0.45916666666666667 0.009375 0.018333333333333333
1 0.8268229166666666 0.45416666666666666 0.0078125 0.016666666666666666
1 0.8010416666666667 0.44166666666666665 0.005208333333333333 0.01
1 0.7622395833333333 0.4395833333333333 0.0036458333333333334 0.009166666666666667
1 0.20234375 0.46375 0.0046875 0.010833333333333334
1 0.30078125 0.4575 0.0046875 0.01
1 0.38958333333333334 0.45208333333333334 0.004166666666666667 0.009166666666666667
1 0.4596354166666667 0.4483333333333333 0.0036458333333333334 0.008333333333333333
1 0.5145833333333333 0.445 0.004166666666666667 0.008333333333333333
1 0.5619791666666667 0.4425 0.003125 0.006666666666666667
1 0.6002604166666666 0.4404166666666667 0.0026041666666666665 0.0075
1 0.6473958333333333 0.4395833333333333 0.003125 0.005833333333333334
1 0.6927083333333334 0.43833333333333335 0.004166666666666667 0.008333333333333333
1 0.7255208333333333 0.43916666666666665 0.004166666666666667 0.008333333333333333
1 0.8153645833333333 0.44375 0.0036458333333333334 0.010833333333333334
1 0.81953125 0.44708333333333333 0.0036458333333333334 0.0125
1 0.8229166666666666 0.4504166666666667 0.004166666666666667 0.014166666666666666
0 0.9122395833333333 0.48 0.016145833333333335 0.028333333333333332
0 0.7580729166666667 0.46875 0.0109375 0.020833333333333332
0 0.73828125 0.445 0.005729166666666666 0.011666666666666667
0 0.7013020833333333 0.4575 0.0067708333333333336 0.016666666666666666
0 0.7286458333333333 0.4475 0.00625 0.013333333333333334
0 0.7075520833333333 0.4525 0.0067708333333333336 0.015
0 0.7109375 0.44208333333333333 0.003125 0.009166666666666667
0 0.6799479166666667 0.4404166666666667 0.0046875 0.009166666666666667
0 0.6361979166666667 0.44166666666666665 0.0036458333333333334 0.008333333333333333
0 0.5536458333333333 0.445 0.004166666666666667 0.01
0 0.49947916666666664 0.4483333333333333 0.004166666666666667 0.01
0 0.4161458333333333 0.45375 0.005208333333333333 0.0125
0 0.3171875 0.46 0.005208333333333333 0.011666666666666667
0 0.1953125 0.46791666666666665 0.00625 0.014166666666666666
0 0.08411458333333334 0.47541666666666665 0.008854166666666666 0.015833333333333335
0 0.32473958333333336 0.5354166666666667 0.0234375 0.0425
0 0.6067708333333334 0.5558333333333333 0.03125 0.058333333333333334
0 0.5966145833333333 0.4425 0.0036458333333333334 0.008333333333333333
1 0.08151041666666667 0.4716666666666667 0.005729166666666666 0.016666666666666666