1 0.7041666666666667 0.43166666666666664 0.04583333333333333 0.08166666666666667
1 0.2520833333333333 0.32375 0.011458333333333333 0.0225
1 0.3723958333333333 0.31 0.011458333333333333 0.023333333333333334
1 0.48671875 0.3 0.0109375 0.021666666666666667
1 0.6166666666666667 0.28791666666666665 0.010416666666666666 0.020833333333333332
1 0.7221354166666667 0.27791666666666665 0.009895833333333333 0.020833333333333332
1 0.8666666666666667 0.2708333333333333 0.0125 0.023333333333333334
0 0.8984375 0.25708333333333333 0.011458333333333333 0.020833333333333332
0 0.7559895833333333 0.26625 0.008854166666666666 0.019166666666666665
0 0.6513020833333333 0.27375 0.0078125 0.0175
0 0.55703125 0.28208333333333335 0.0067708333333333336 0.0175
0 0.45390625 0.29291666666666666 0.0078125 0.019166666666666665
0 0.35885416666666664 0.30041666666666667 0.007291666666666667 0.0225
0 0.24505208333333334 0.3145833333333333 0.005729166666666666 0.0175