0 0.9265625 0.87 0.146875 0.26
0 0.8158854166666667 0.09291666666666666 0.009895833333333333 0.020833333333333332
0 0.7166666666666667 0.09666666666666666 0.008333333333333333 0.018333333333333333
1 0.84765625 0.08625 0.0078125 0.0175
1 0.7244791666666667 0.09166666666666666 0.007291666666666667 0.015
0 0.5981770833333333 0.09958333333333333 0.0078125 0.0175
1 0.5950520833333334 0.09583333333333334 0.0046875 0.015
1 0.47734375 0.1 0.005729166666666666 0.013333333333333334
0 0.46171875 0.10458333333333333 0.0078125 0.015833333333333335
1 0.3846354166666667 0.10416666666666667 0.005729166666666666 0.013333333333333334
0 0.33255208333333336 0.11125 0.0067708333333333336 0.015833333333333335
1 0.34791666666666665 0.10541666666666667 0.005208333333333333 0.0125
1 0.33619791666666665 0.10416666666666667 0.0046875 0.011666666666666667
1 0.32057291666666665 0.10291666666666667 0.0046875 0.010833333333333334
1 0.29010416666666666 0.10333333333333333 0.005208333333333333 0.01
0 0.24947916666666667 0.11125 0.008333333333333333 0.0175
0 0.23619791666666667 0.10833333333333334 0.0067708333333333336 0.013333333333333334
1 0.2296875 0.10625 0.005208333333333333 0.010833333333333334
1 0.1671875 0.11041666666666666 0.00625 0.010833333333333334
0 0.12760416666666666 0.11458333333333333 0.007291666666666667 0.014166666666666666
1 0.09765625 0.11458333333333333 0.0078125 0.010833333333333334
0 0.06328125 0.1175 0.008854166666666666 0.015
1 0.020572916666666666 0.11708333333333333 0.0109375 0.0125
0 0.00703125 0.12041666666666667 0.011979166666666667 0.015833333333333335