1 0.23958333333333334 0.5975 0.0375 0.07833333333333334
1 0.20546875 0.5333333333333333 0.0265625 0.04666666666666667
1 0.12161458333333333 0.5125 0.022395833333333334 0.035
1 0.030729166666666665 0.5058333333333334 0.016666666666666666 0.028333333333333332
1 0.02578125 0.4658333333333333 0.0067708333333333336 0.01
1 0.1171875 0.46041666666666664 0.005208333333333333 0.009166666666666667
1 0.178125 0.45625 0.005208333333333333 0.009166666666666667
1 0.23489583333333333 0.45208333333333334 0.004166666666666667 0.009166666666666667
1 0.30703125 0.44666666666666666 0.0026041666666666665 0.006666666666666667
1 0.35885416666666664 0.44333333333333336 0.003125 0.006666666666666667
1 0.9424479166666667 0.4275 0.0046875 0.01
1 0.9041666666666667 0.42833333333333334 0.005208333333333333 0.01
1 0.86328125 0.43 0.0046875 0.01
1 0.83671875 0.43166666666666664 0.0036458333333333334 0.008333333333333333
1 0.8083333333333333 0.43333333333333335 0.004166666666666667 0.01
1 0.7841145833333333 0.4354166666666667 0.0046875 0.0125
1 0.77109375 0.4370833333333333 0.0046875 0.010833333333333334
1 0.7479166666666667 0.4404166666666667 0.005208333333333333 0.010833333333333334
1 0.7216145833333333 0.445 0.005729166666666666 0.013333333333333334
1 0.6942708333333333 0.4479166666666667 0.00625 0.014166666666666666
1 0.63984375 0.45 0.005729166666666666 0.013333333333333334
1 0.58984375 0.4483333333333333 0.0046875 0.013333333333333334
1 0.5828125 0.44666666666666666 0.00625 0.013333333333333334
1 0.59609375 0.44416666666666665 0.0046875 0.011666666666666667
1 0.6145833333333334 0.44208333333333333 0.004166666666666667 0.010833333333333334
1 0.6294270833333333 0.4395833333333333 0.0046875 0.010833333333333334
1 0.64375 0.43333333333333335 0.003125 0.008333333333333333
0 0.9604166666666667 0.6683333333333333 0.07916666666666666 0.115
0 0.5822916666666667 0.5166666666666667 0.020833333333333332 0.041666666666666664
0 0.42734375 0.4920833333333333 0.015104166666666667 0.029166666666666667
0 0.3143229166666667 0.48083333333333333 0.013020833333333334 0.02666666666666667
0 0.21354166666666666 0.4791666666666667 0.011458333333333333 0.021666666666666667
0 0.09192708333333334 0.48541666666666666 0.013020833333333334 0.0225
0 0.084375 0.4633333333333333 0.007291666666666667 0.011666666666666667
0 0.20052083333333334 0.4558333333333333 0.005208333333333333 0.01
0 0.97421875 0.42875 0.005729166666666666 0.009166666666666667
0 0.9322916666666666 0.43 0.005208333333333333 0.01
0 0.8895833333333333 0.4325 0.005208333333333333 0.01
0 0.8674479166666667 0.43375 0.005729166666666666 0.0125
0 0.8497395833333333 0.4379166666666667 0.005729166666666666 0.010833333333333334
0 0.8419270833333333 0.4404166666666667 0.005729166666666666 0.0125
0 0.8247395833333333 0.4454166666666667 0.0078125 0.015833333333333335
0 0.8033854166666666 0.4504166666666667 0.008854166666666666 0.0175
0 0.7309895833333333 0.45666666666666667 0.008854166666666666 0.018333333333333333
0 0.6114583333333333 0.4583333333333333 0.007291666666666667 0.016666666666666666
0 0.5244791666666667 0.45666666666666667 0.007291666666666667 0.016666666666666666
0 0.4752604166666667 0.45458333333333334 0.0067708333333333336 0.014166666666666666
0 0.48463541666666665 0.4508333333333333 0.005729166666666666 0.013333333333333334
0 0.5078125 0.4475 0.005208333333333333 0.011666666666666667
0 0.5348958333333333 0.44416666666666665 0.005208333333333333 0.013333333333333334
0 0.55703125 0.44208333333333333 0.0046875 0.010833333333333334
1 0.0296875 0.8491666666666666 0.059375 0.195
0 0.3138020833333333 0.4479166666666667 0.0036458333333333334 0.0075
0 0.15677083333333333 0.45958333333333334 0.003125 0.0075
1 0.2708333333333333 0.4504166666666667 0.003125 0.005833333333333334
0 0.28072916666666664 0.4504166666666667 0.003125 0.005833333333333334
0 0.34322916666666664 0.44583333333333336 0.003125 0.006666666666666667
0 0.3815104166666667 0.4429166666666667 0.0026041666666666665 0.005833333333333334
0 0.40651041666666665 0.44208333333333333 0.0026041666666666665 0.005833333333333334
1 0.41354166666666664 0.4404166666666667 0.0020833333333333333 0.005833333333333334
1 0.3848958333333333 0.44166666666666665 0.0020833333333333333 0.005
1 0.44479166666666664 0.43875 0.0020833333333333333 0.005833333333333334
0 0.4315104166666667 0.44 0.0026041666666666665 0.006666666666666667
0 0.45859375 0.4379166666666667 0.0026041666666666665 0.005833333333333334
1 0.47213541666666664 0.4370833333333333 0.0026041666666666665 0.005833333333333334
0 0.4830729166666667 0.43666666666666665 0.0026041666666666665 0.005
0 0.5067708333333333 0.43583333333333335 0.0020833333333333333 0.005
1 0.5018229166666667 0.43583333333333335 0.0026041666666666665 0.005