0 0.19895833333333332 0.5104166666666666 0.10208333333333333 0.18083333333333335
0 0.9604166666666667 0.4716666666666667 0.078125 0.19166666666666668
1 0.64765625 0.09583333333333334 0.0078125 0.018333333333333333
0 0.7309895833333333 0.09541666666666666 0.009895833333333333 0.0225
1 0.81796875 0.0825 0.008854166666666666 0.02
1 0.39296875 0.11375 0.005729166666666666 0.0175
1 0.4856770833333333 0.10833333333333334 0.005729166666666666 0.016666666666666666
0 0.37734375 0.12583333333333332 0.005729166666666666 0.018333333333333333
0 0.5028645833333333 0.11583333333333333 0.0067708333333333336 0.018333333333333333
0 0.22604166666666667 0.12791666666666668 0.007291666666666667 0.019166666666666665
0 0.27578125 0.13 0.005729166666666666 0.018333333333333333
1 0.26901041666666664 0.11833333333333333 0.005729166666666666 0.015
1 0.33151041666666664 0.11541666666666667 0.005729166666666666 0.015833333333333335