1 0.56640625 0.51 0.0484375 0.09
1 0.7598958333333333 0.40958333333333335 0.025 0.04583333333333333
1 0.8315104166666667 0.3754166666666667 0.019270833333333334 0.030833333333333334
1 0.8614583333333333 0.3625 0.013541666666666667 0.025
1 0.9078125 0.35083333333333333 0.011458333333333333 0.02
1 0.965625 0.3466666666666667 0.011458333333333333 0.018333333333333333
1 0.14817708333333332 0.38333333333333336 0.028645833333333332 0.045
1 0.3 0.36625 0.020833333333333332 0.035833333333333335
1 0.4114583333333333 0.35208333333333336 0.014583333333333334 0.029166666666666667
1 0.47994791666666664 0.3375 0.009895833333333333 0.021666666666666667
1 0.5015625 0.3308333333333333 0.009375 0.018333333333333333
1 0.5229166666666667 0.3258333333333333 0.008333333333333333 0.016666666666666666
1 0.5375 0.32166666666666666 0.007291666666666667 0.015
0 0.08723958333333333 0.35375 0.0203125 0.0325
0 0.23984375 0.3433333333333333 0.016145833333333335 0.02666666666666667
0 0.34869791666666666 0.3329166666666667 0.013020833333333334 0.020833333333333332
0 0.39114583333333336 0.325 0.008333333333333333 0.018333333333333333
0 0.4153645833333333 0.32125 0.0078125 0.015833333333333335
0 0.47421875 0.31708333333333333 0.005729166666666666 0.0125
0 0.48359375 0.315 0.005729166666666666 0.011666666666666667
0 0.334375 0.30416666666666664 0.004166666666666667 0.008333333333333333
1 0.5677083333333334 0.32 0.00625 0.011666666666666667
1 0.04244791666666667 0.30125 0.005729166666666666 0.010833333333333334
0 0.022135416666666668 0.3025 0.005729166666666666 0.011666666666666667
0 0.096875 0.30375 0.005208333333333333 0.009166666666666667
0 0.1859375 0.30416666666666664 0.004166666666666667 0.01
1 0.16328125 0.3025 0.0036458333333333334 0.008333333333333333
1 0.2703125 0.30333333333333334 0.004166666666666667 0.008333333333333333
0 0.23645833333333333 0.30333333333333334 0.004166666666666667 0.01
0 0.2864583333333333 0.30375 0.004166666666666667 0.010833333333333334
0 0.37526041666666665 0.30375 0.0036458333333333334 0.009166666666666667
0 0.40963541666666664 0.30375 0.0036458333333333334 0.009166666666666667
0 0.44427083333333334 0.305 0.004166666666666667 0.01
1 0.44973958333333336 0.30333333333333334 0.0036458333333333334 0.008333333333333333
0 0.4947916666666667 0.31166666666666665 0.004166666666666667 0.011666666666666667
0 0.5005208333333333 0.3095833333333333 0.004166666666666667 0.010833333333333334
0 0.49713541666666666 0.30833333333333335 0.0026041666666666665 0.011666666666666667
0 0.48984375 0.3075 0.0036458333333333334 0.01
0 0.4713541666666667 0.30666666666666664 0.004166666666666667 0.01
1 0.5140625 0.30666666666666664 0.004166666666666667 0.008333333333333333
1 0.53984375 0.30791666666666667 0.0036458333333333334 0.009166666666666667
1 0.553125 0.30875 0.004166666666666667 0.0075
1 0.5635416666666667 0.31708333333333333 0.004166666666666667 0.010833333333333334
1 0.56640625 0.3120833333333333 0.0036458333333333334 0.009166666666666667
1 0.5625 0.3104166666666667 0.004166666666666667 0.009166666666666667
1 0.006510416666666667 0.8154166666666667 0.013020833333333334 0.0625
1 0.48333333333333334 0.305 0.003125 0.006666666666666667
1 0.36770833333333336 0.30333333333333334 0.003125 0.006666666666666667
1 0.3234375 0.30333333333333334 0.003125 0.006666666666666667
1 0.21640625 0.30291666666666667 0.0026041666666666665 0.005833333333333334