0 0.425 0.39958333333333335 0.019791666666666666 0.03916666666666667
0 0.6653645833333334 0.3491666666666667 0.018229166666666668 0.03166666666666667
0 0.68203125 0.34541666666666665 0.016145833333333335 0.0325
0 0.82421875 0.3145833333333333 0.015104166666666667 0.0275
1 0.7388020833333333 0.3908333333333333 0.033854166666666664 0.05333333333333334
1 0.7036458333333333 0.4008333333333333 0.035416666666666666 0.055
1 0.8463541666666666 0.5258333333333334 0.07604166666666666 0.12166666666666667
1 0.9302083333333333 0.33916666666666667 0.028125 0.045
1 0.5393229166666667 0.29333333333333333 0.0078125 0.02
0 0.5125 0.27791666666666665 0.009375 0.0175
0 0.52109375 0.27375 0.008854166666666666 0.019166666666666665
0 0.5265625 0.27166666666666667 0.009375 0.018333333333333333