1 0.7622395833333333 0.5608333333333333 0.06822916666666666 0.11833333333333333
1 0.6916666666666667 0.3045833333333333 0.005208333333333333 0.010833333333333334
1 0.7028645833333333 0.30291666666666667 0.0046875 0.010833333333333334
1 0.7223958333333333 0.3075 0.00625 0.015
1 0.7489583333333333 0.30541666666666667 0.004166666666666667 0.009166666666666667
0 0.7666666666666667 0.31083333333333335 0.00625 0.011666666666666667
1 0.7794270833333333 0.31666666666666665 0.0078125 0.013333333333333334
0 0.7932291666666667 0.315 0.007291666666666667 0.011666666666666667
0 0.8307291666666666 0.31416666666666665 0.005208333333333333 0.01
1 0.8604166666666667 0.31416666666666665 0.004166666666666667 0.008333333333333333
1 0.8734375 0.3275 0.008333333333333333 0.015
0 0.87109375 0.3225 0.0067708333333333336 0.013333333333333334
0 0.88046875 0.3175 0.0046875 0.01
1 0.96875 0.32125 0.005208333333333333 0.009166666666666667
1 0.9848958333333333 0.3383333333333333 0.009375 0.016666666666666666
0 0.9979166666666667 0.3254166666666667 0.004166666666666667 0.010833333333333334