0 0.48515625 0.57 0.0328125 0.06166666666666667
0 0.32057291666666665 0.51625 0.016145833333333335 0.034166666666666665
0 0.25677083333333334 0.49666666666666665 0.011458333333333333 0.025
0 0.24427083333333333 0.4841666666666667 0.008333333333333333 0.02
0 0.25546875 0.475 0.0078125 0.015
0 0.28619791666666666 0.46541666666666665 0.0067708333333333336 0.014166666666666666
0 0.365625 0.45458333333333334 0.005208333333333333 0.010833333333333334
0 0.621875 0.44458333333333333 0.00625 0.0125
0 0.5221354166666666 0.44625 0.0046875 0.010833333333333334
0 0.48411458333333335 0.44666666666666666 0.0046875 0.011666666666666667
1 0.575 0.44083333333333335 0.005208333333333333 0.01
1 0.6692708333333334 0.43916666666666665 0.00625 0.011666666666666667
0 0.75234375 0.4429166666666667 0.0078125 0.015833333333333335
0 0.9065104166666667 0.44208333333333333 0.011979166666666667 0.019166666666666665
1 0.9390625 0.43375 0.009375 0.015833333333333335
1 0.23359375 0.46541666666666665 0.005729166666666666 0.0125
1 0.271875 0.46 0.005208333333333333 0.01
1 0.18463541666666666 0.47375 0.0078125 0.014166666666666666
1 0.14869791666666668 0.48125 0.008854166666666666 0.015833333333333335
1 0.10130208333333333 0.4920833333333333 0.0109375 0.019166666666666665
1 0.06302083333333333 0.5116666666666667 0.015625 0.025
1 0.03671875 0.5304166666666666 0.022395833333333334 0.034166666666666665
0 0.7739583333333333 0.73625 0.08229166666666667 0.1475
0 0.3182291666666667 0.45916666666666667 0.005208333333333333 0.013333333333333334
1 0.32916666666666666 0.45416666666666666 0.004166666666666667 0.01
1 0.39166666666666666 0.44875 0.005208333333333333 0.010833333333333334
1 0.471875 0.44416666666666665 0.005208333333333333 0.01
1 0.7916666666666666 0.43625 0.007291666666666667 0.014166666666666666
1 0.4328125 0.44625 0.004166666666666667 0.009166666666666667
0 0.42604166666666665 0.44875 0.00625 0.010833333333333334
1 0.5174479166666667 0.4425 0.0036458333333333334 0.01