0 0.7640625 0.5866666666666667 0.0375 0.075
0 0.6528645833333333 0.49166666666666664 0.016145833333333335 0.03333333333333333
0 0.6158854166666666 0.4625 0.009895833333333333 0.02
0 0.6028645833333334 0.45208333333333334 0.0067708333333333336 0.0175
0 0.59375 0.44333333333333336 0.007291666666666667 0.015
1 0.5171875 0.4379166666666667 0.004166666666666667 0.010833333333333334
1 0.5057291666666667 0.44416666666666665 0.005208333333333333 0.013333333333333334
1 0.48411458333333335 0.45166666666666666 0.0067708333333333336 0.015
1 0.46640625 0.46375 0.008854166666666666 0.020833333333333332
1 0.4236979166666667 0.49166666666666664 0.015104166666666667 0.03166666666666667
1 0.2986979166666667 0.5833333333333334 0.03697916666666667 0.06666666666666667
0 0.5875 0.43833333333333335 0.005208333333333333 0.01
1 0.5216145833333333 0.43416666666666665 0.0036458333333333334 0.01
1 0.5286458333333334 0.4320833333333333 0.004166666666666667 0.009166666666666667
1 0.534375 0.43083333333333335 0.003125 0.006666666666666667
1 0.55 0.42875 0.003125 0.0075
1 0.5802083333333333 0.42791666666666667 0.003125 0.005833333333333334
0 0.5830729166666667 0.435 0.0036458333333333334 0.006666666666666667
0 0.6044270833333333 0.42833333333333334 0.0036458333333333334 0.008333333333333333
0 0.6369791666666667 0.4275 0.003125 0.006666666666666667
0 0.6145833333333334 0.4266666666666667 0.003125 0.006666666666666667
1 0.6450520833333333 0.4266666666666667 0.0026041666666666665 0.006666666666666667
1 0.684375 0.4266666666666667 0.003125 0.006666666666666667
0 0.6807291666666667 0.42791666666666667 0.003125 0.0075
0 0.73046875 0.42916666666666664 0.0026041666666666665 0.006666666666666667
1 0.7328125 0.4275 0.0020833333333333333 0.006666666666666667
0 0.7692708333333333 0.4295833333333333 0.004166666666666667 0.009166666666666667
1 0.7716145833333333 0.42791666666666667 0.0026041666666666665 0.0075
1 0.8057291666666667 0.42875 0.004166666666666667 0.0075
1 0.84296875 0.42916666666666664 0.0046875 0.008333333333333333
0 0.8166666666666667 0.43125 0.004166666666666667 0.009166666666666667
0 0.8640625 0.4320833333333333 0.00625 0.010833333333333334
1 0.8841145833333334 0.4295833333333333 0.0046875 0.009166666666666667
1 0.9364583333333333 0.43 0.005208333333333333 0.008333333333333333
0 0.9778645833333334 0.4325 0.0067708333333333336 0.011666666666666667
1 0.9895833333333334 0.42625 0.005208333333333333 0.0075
0 0.584375 0.43125 0.003125 0.0075