0 0.9677083333333333 0.44708333333333333 0.011458333333333333 0.020833333333333332
1 0.9015625 0.4404166666666667 0.009375 0.0175
1 0.80703125 0.445 0.0067708333333333336 0.016666666666666666
1 0.7111979166666667 0.45 0.0078125 0.016666666666666666
1 0.61875 0.4575 0.008333333333333333 0.02
1 0.5447916666666667 0.47041666666666665 0.009375 0.020833333333333332
1 0.4822916666666667 0.4891666666666667 0.013541666666666667 0.028333333333333332
1 0.37265625 0.5320833333333334 0.0203125 0.0425
1 0.11458333333333333 0.6770833333333334 0.06875 0.1025
0 0.8236979166666667 0.6858333333333333 0.06822916666666666 0.125
0 0.8635416666666667 0.45125 0.0125 0.020833333333333332
0 0.6731770833333334 0.5316666666666666 0.024479166666666666 0.04833333333333333
0 0.7486979166666666 0.45958333333333334 0.009895833333333333 0.020833333333333332
0 0.6653645833333334 0.4891666666666667 0.0140625 0.03166666666666667
0 0.68359375 0.46958333333333335 0.0109375 0.024166666666666666