1 0.5653645833333333 0.52625 0.04739583333333333 0.1075
1 0.8736979166666666 0.5008333333333334 0.0578125 0.09166666666666666
1 0.85703125 0.375 0.018229166666666668 0.03666666666666667
1 0.7005208333333334 0.3575 0.015625 0.03333333333333333
1 0.5416666666666666 0.35375 0.016666666666666666 0.034166666666666665
1 0.26796875 0.35 0.021354166666666667 0.03666666666666667
0 0.7916666666666666 0.3433333333333333 0.011458333333333333 0.025
1 0.1546875 0.28291666666666665 0.00625 0.010833333333333334
1 0.2786458333333333 0.28791666666666665 0.005208333333333333 0.0125
1 0.3692708333333333 0.29083333333333333 0.005208333333333333 0.01
1 0.4591145833333333 0.29333333333333333 0.0046875 0.01
1 0.52734375 0.29625 0.0046875 0.009166666666666667
1 0.5953125 0.29875 0.004166666666666667 0.009166666666666667
1 0.6622395833333333 0.3020833333333333 0.0046875 0.009166666666666667
1 0.7205729166666667 0.30416666666666664 0.0046875 0.008333333333333333
1 0.7708333333333334 0.30625 0.004166666666666667 0.0075
1 0.9166666666666666 0.31166666666666665 0.004166666666666667 0.008333333333333333
1 0.9752604166666666 0.31583333333333335 0.005729166666666666 0.008333333333333333
0 0.9611979166666667 0.31625 0.0067708333333333336 0.009166666666666667
0 0.8596354166666667 0.31125 0.0046875 0.009166666666666667
0 0.90703125 0.3125 0.0046875 0.01
0 0.7643229166666666 0.30791666666666667 0.0036458333333333334 0.009166666666666667
0 0.815625 0.31 0.004166666666666667 0.008333333333333333
0 0.6184895833333334 0.3020833333333333 0.0046875 0.010833333333333334
0 0.6932291666666667 0.30541666666666667 0.004166666666666667 0.010833333333333334
0 0.60234375 0.33458333333333334 0.009895833333333333 0.020833333333333332
0 0.4703125 0.3283333333333333 0.010416666666666666 0.025
0 0.47682291666666665 0.29791666666666666 0.0036458333333333334 0.010833333333333334
0 0.5388020833333333 0.2991666666666667 0.0046875 0.01
0 0.1296875 0.28458333333333335 0.008333333333333333 0.015833333333333335
0 0.25807291666666665 0.3225 0.0109375 0.02666666666666667
0 0.37473958333333335 0.2941666666666667 0.005729166666666666 0.01
0 0.27369791666666665 0.29125 0.005729166666666666 0.010833333333333334