0 0.2986979166666667 0.4891666666666667 0.09635416666666667 0.17833333333333334
0 0.7880208333333333 0.08958333333333333 0.009375 0.030833333333333334
0 0.5885416666666666 0.09541666666666666 0.010416666666666666 0.024166666666666666
0 0.42604166666666665 0.10375 0.008333333333333333 0.020833333333333332
0 0.3536458333333333 0.10625 0.007291666666666667 0.020833333333333332
0 0.28984375 0.10625 0.0067708333333333336 0.0175
1 0.6361979166666667 0.08125 0.0078125 0.020833333333333332
1 0.6526041666666667 0.07083333333333333 0.00625 0.015
1 0.5057291666666667 0.08833333333333333 0.008333333333333333 0.018333333333333333
1 0.47421875 0.08333333333333333 0.0078125 0.015
1 0.43854166666666666 0.09125 0.008333333333333333 0.0175
1 0.020833333333333332 0.11708333333333333 0.008333333333333333 0.014166666666666666
0 0.06614583333333333 0.1175 0.009375 0.016666666666666666
1 0.10260416666666666 0.11041666666666666 0.007291666666666667 0.0125
1 0.11614583333333334 0.10416666666666667 0.00625 0.01
1 0.12682291666666667 0.10416666666666667 0.0067708333333333336 0.011666666666666667
1 0.14921875 0.1025 0.0046875 0.008333333333333333
1 0.16640625 0.10375 0.005729166666666666 0.0125
0 0.16432291666666668 0.10666666666666667 0.0078125 0.015
0 0.18697916666666667 0.09958333333333333 0.00625 0.0125
1 0.2 0.09916666666666667 0.004166666666666667 0.008333333333333333
1 0.20807291666666666 0.09958333333333333 0.0036458333333333334 0.010833333333333334
1 0.21276041666666667 0.09916666666666667 0.0046875 0.011666666666666667
1 0.24765625 0.09416666666666666 0.0036458333333333334 0.008333333333333333
1 0.2609375 0.09208333333333334 0.003125 0.005833333333333334
0 0.27421875 0.09375 0.0036458333333333334 0.0125
0 0.28125 0.09166666666666666 0.003125 0.01
1 0.28567708333333336 0.09083333333333334 0.0026041666666666665 0.006666666666666667
0 0.30104166666666665 0.09208333333333334 0.003125 0.014166666666666666
0 0.3065104166666667 0.09125 0.0026041666666666665 0.0125
0 0.3171875 0.09041666666666667 0.003125 0.014166666666666666
0 0.32135416666666666 0.09583333333333334 0.005208333333333333 0.018333333333333333
1 0.32473958333333336 0.0875 0.0026041666666666665 0.006666666666666667
0 0.35208333333333336 0.08541666666666667 0.003125 0.009166666666666667
0 0.36302083333333335 0.08916666666666667 0.004166666666666667 0.016666666666666666
1 0.36692708333333335 0.08416666666666667 0.0026041666666666665 0.006666666666666667
0 0.38645833333333335 0.08291666666666667 0.0020833333333333333 0.009166666666666667
1 0.4049479166666667 0.08166666666666667 0.0026041666666666665 0.008333333333333333
0 0.4203125 0.08 0.0020833333333333333 0.008333333333333333
1 0.42916666666666664 0.08916666666666667 0.00625 0.018333333333333333
0 0.4466145833333333 0.08208333333333333 0.005729166666666666 0.015833333333333335
0 0.4375 0.07875 0.003125 0.009166666666666667
0 0.44427083333333334 0.07875 0.0020833333333333333 0.009166666666666667
0 0.46588541666666666 0.07708333333333334 0.0026041666666666665 0.009166666666666667
1 0.4859375 0.07541666666666667 0.003125 0.0075
1 0.4981770833333333 0.07458333333333333 0.0026041666666666665 0.0075
0 0.5166666666666667 0.0775 0.005208333333333333 0.015
1 0.5236979166666667 0.07291666666666667 0.0026041666666666665 0.0075
1 0.5338541666666666 0.07791666666666666 0.005208333333333333 0.015833333333333335
1 0.596875 0.07333333333333333 0.005208333333333333 0.015
0 0.5802083333333333 0.0675 0.004166666666666667 0.01
0 0.59453125 0.07166666666666667 0.0036458333333333334 0.016666666666666666
0 0.6596354166666667 0.06708333333333333 0.0036458333333333334 0.015833333333333335
0 0.6541666666666667 0.0625 0.0020833333333333333 0.008333333333333333
1 0.7166666666666667 0.059166666666666666 0.003125 0.008333333333333333
1 0.73203125 0.06458333333333334 0.005729166666666666 0.0175
1 0.7911458333333333 0.07458333333333333 0.00625 0.024166666666666666
1 0.7765625 0.05375 0.003125 0.009166666666666667
1 0.9330729166666667 0.06916666666666667 0.009895833333333333 0.021666666666666667
1 0.9565104166666667 0.04791666666666667 0.0036458333333333334 0.010833333333333334
1 0.8622395833333333 0.0575 0.0036458333333333334 0.01
0 0.22942708333333334 0.09708333333333333 0.0036458333333333334 0.010833333333333334
1 0.6486979166666667 0.06333333333333334 0.0015625 0.006666666666666667