1 0.30182291666666666 0.59875 0.0453125 0.0775
1 0.13255208333333332 0.5125 0.025520833333333333 0.04
1 0.06171875 0.49083333333333334 0.0203125 0.03
1 0.07864583333333333 0.47541666666666665 0.014583333333333334 0.024166666666666666
1 0.13671875 0.4625 0.0109375 0.02
1 0.23828125 0.45416666666666666 0.0078125 0.016666666666666666
1 0.328125 0.44875 0.00625 0.014166666666666666
1 0.41067708333333336 0.44666666666666666 0.0046875 0.013333333333333334
1 0.49713541666666666 0.44375 0.0046875 0.0125
1 0.57734375 0.4454166666666667 0.0046875 0.0125
1 0.63984375 0.4479166666666667 0.005729166666666666 0.014166666666666666
1 0.70703125 0.45 0.005729166666666666 0.013333333333333334
1 0.790625 0.45125 0.007291666666666667 0.014166666666666666
1 0.9098958333333333 0.44958333333333333 0.007291666666666667 0.014166666666666666
1 0.28880208333333335 0.54625 0.030729166666666665 0.05416666666666667
0 0.271875 0.4625 0.010416666666666666 0.02
0 0.26328125 0.47291666666666665 0.011979166666666667 0.025833333333333333
0 0.334375 0.4820833333333333 0.013541666666666667 0.0275
0 0.346875 0.4558333333333333 0.009375 0.016666666666666666
0 0.4231770833333333 0.45166666666666666 0.0078125 0.015
0 0.4609375 0.4975 0.015625 0.03166666666666667
0 0.5057291666666667 0.44958333333333333 0.007291666666666667 0.015833333333333335
0 0.5984375 0.4533333333333333 0.008333333333333333 0.016666666666666666
0 0.6302083333333334 0.5175 0.021875 0.041666666666666664
0 0.6658854166666667 0.45708333333333334 0.008854166666666666 0.0175
0 0.7791666666666667 0.46041666666666664 0.009375 0.019166666666666665
0 0.87578125 0.45875 0.0109375 0.019166666666666665
0 0.84765625 0.5829166666666666 0.03697916666666667 0.07083333333333333