1 0.6432291666666666 0.23541666666666666 0.03854166666666667 0.07583333333333334
1 0.58828125 0.15833333333333333 0.024479166666666666 0.04833333333333333
1 0.5575520833333333 0.11958333333333333 0.0171875 0.034166666666666665
0 0.85625 0.16041666666666668 0.026041666666666668 0.04416666666666667
1 0.5479166666666667 0.10125 0.0125 0.0275
1 0.41510416666666666 0.0775 0.011458333333333333 0.021666666666666667
1 0.32473958333333336 0.07 0.009895833333333333 0.021666666666666667
1 0.22161458333333334 0.06208333333333333 0.011979166666666667 0.020833333333333332
1 0.036458333333333336 0.04416666666666667 0.010416666666666666 0.018333333333333333
1 0.02421875 0.0375 0.008854166666666666 0.018333333333333333
0 0.16458333333333333 0.04791666666666667 0.009375 0.0175
0 0.14348958333333334 0.042916666666666665 0.008854166666666666 0.0175
0 0.12213541666666666 0.03833333333333333 0.008854166666666666 0.015
1 0.11796875 0.05375 0.009895833333333333 0.019166666666666665
1 0.51953125 0.08791666666666667 0.009895833333333333 0.020833333333333332
0 0.73984375 0.125 0.015104166666666667 0.03
1 0.30833333333333335 0.47791666666666666 0.07604166666666666 0.1525
0 0.6768229166666667 0.10625 0.0078125 0.019166666666666665
0 0.2984375 0.0625 0.009375 0.013333333333333334
0 0.2125 0.05458333333333333 0.007291666666666667 0.014166666666666666
0 0.36822916666666666 0.0675 0.005208333333333333 0.013333333333333334
0 0.46848958333333335 0.07583333333333334 0.0046875 0.013333333333333334
0 0.5408854166666667 0.0825 0.0067708333333333336 0.013333333333333334
0 0.1125 0.03666666666666667 0.005208333333333333 0.013333333333333334
0 0.0984375 0.03166666666666667 0.007291666666666667 0.011666666666666667
1 0.023958333333333335 0.03208333333333333 0.007291666666666667 0.014166666666666666
1 0.03697916666666667 0.02625 0.00625 0.010833333333333334