0 0.9260416666666667 0.445 0.008333333333333333 0.016666666666666666
0 0.84296875 0.4454166666666667 0.0078125 0.015833333333333335
0 0.77421875 0.44666666666666666 0.0067708333333333336 0.013333333333333334
0 0.69765625 0.4475 0.0067708333333333336 0.015
0 0.6510416666666666 0.4508333333333333 0.007291666666666667 0.015
0 0.6307291666666667 0.45708333333333334 0.008333333333333333 0.0175
0 0.61953125 0.46708333333333335 0.009895833333333333 0.0225
0 0.6296875 0.4820833333333333 0.013541666666666667 0.029166666666666667
0 0.6453125 0.5095833333333334 0.01875 0.03916666666666667
0 0.79765625 0.6554166666666666 0.0578125 0.10083333333333333
1 0.9125 0.44083333333333335 0.008333333333333333 0.013333333333333334
1 0.8203125 0.44125 0.00625 0.0125
1 0.7528645833333333 0.44166666666666665 0.005729166666666666 0.011666666666666667
1 0.684375 0.44333333333333336 0.00625 0.013333333333333334
1 0.6174479166666667 0.445 0.005729166666666666 0.011666666666666667
1 0.5658854166666667 0.44916666666666666 0.0067708333333333336 0.013333333333333334
1 0.528125 0.4554166666666667 0.007291666666666667 0.015833333333333335
1 0.4830729166666667 0.4658333333333333 0.008854166666666666 0.02
1 0.44166666666666665 0.4820833333333333 0.0125 0.025833333333333333
1 0.40078125 0.5095833333333334 0.019270833333333334 0.0375