0 0.5716145833333334 0.72375 0.1421875 0.2875
0 0.8606770833333334 0.12833333333333333 0.018229166666666668 0.035
1 0.82421875 0.11208333333333333 0.013020833333333334 0.025833333333333333
1 0.8302083333333333 0.09666666666666666 0.007291666666666667 0.016666666666666666
0 0.7276041666666667 0.09791666666666667 0.007291666666666667 0.0175
1 0.7065104166666667 0.10041666666666667 0.0078125 0.0175
0 0.665625 0.1275 0.014583333333333334 0.02666666666666667
0 0.659375 0.10041666666666667 0.00625 0.015833333333333335
1 0.6356770833333333 0.10291666666666667 0.0078125 0.015833333333333335
0 0.6020833333333333 0.1025 0.007291666666666667 0.016666666666666666
1 0.5828125 0.11416666666666667 0.009375 0.02
1 0.5869791666666667 0.10416666666666667 0.005208333333333333 0.015
1 0.53125 0.10583333333333333 0.00625 0.013333333333333334
0 0.50859375 0.12708333333333333 0.0109375 0.024166666666666666
1 0.478125 0.11583333333333333 0.008333333333333333 0.016666666666666666
1 0.47369791666666666 0.10875 0.005729166666666666 0.014166666666666666
1 0.42526041666666664 0.11583333333333333 0.0078125 0.016666666666666666
0 0.39296875 0.12791666666666668 0.008854166666666666 0.019166666666666665
0 0.3341145833333333 0.12791666666666668 0.0078125 0.019166666666666665
1 0.9200520833333333 0.09125 0.0109375 0.019166666666666665
1 0.9140625 0.08458333333333333 0.005208333333333333 0.009166666666666667
0 0.93359375 0.08291666666666667 0.005729166666666666 0.010833333333333334
0 0.9375 0.08875 0.010416666666666666 0.019166666666666665
0 0.83359375 0.09375 0.0046875 0.0175
1 0.8390625 0.08791666666666667 0.004166666666666667 0.0075
0 0.8169270833333333 0.09041666666666667 0.005729166666666666 0.010833333333333334
1 0.7791666666666667 0.09083333333333334 0.004166666666666667 0.008333333333333333
0 0.7716145833333333 0.09125 0.0046875 0.010833333333333334
0 0.7143229166666667 0.09291666666666666 0.0046875 0.010833333333333334
1 0.7122395833333334 0.09333333333333334 0.0026041666666666665 0.006666666666666667
1 0.7078125 0.11375 0.011458333333333333 0.020833333333333332
1 0.64765625 0.09583333333333334 0.0036458333333333334 0.008333333333333333
0 0.64296875 0.09541666666666666 0.0036458333333333334 0.009166666666666667
0 0.5703125 0.09916666666666667 0.003125 0.01
0 0.5354166666666667 0.10083333333333333 0.004166666666666667 0.01
0 0.51640625 0.10083333333333333 0.0036458333333333334 0.01
0 0.5122395833333333 0.10083333333333333 0.0036458333333333334 0.01
0 0.4981770833333333 0.10041666666666667 0.0036458333333333334 0.009166666666666667
0 0.46536458333333336 0.10666666666666667 0.005729166666666666 0.015
0 0.43307291666666664 0.10416666666666667 0.0036458333333333334 0.01
0 0.4002604166666667 0.105 0.0036458333333333334 0.008333333333333333
0 0.38177083333333334 0.11125 0.004166666666666667 0.015833333333333335
0 0.37838541666666664 0.1075 0.0036458333333333334 0.01
0 0.36744791666666665 0.10958333333333334 0.0046875 0.0125
0 0.36171875 0.11 0.0046875 0.011666666666666667
0 0.35546875 0.10916666666666666 0.0036458333333333334 0.01
0 0.34609375 0.11083333333333334 0.0046875 0.013333333333333334
1 0.34817708333333336 0.10791666666666666 0.0026041666666666665 0.0075
0 0.33567708333333335 0.11708333333333333 0.0046875 0.014166666666666666
0 0.3338541666666667 0.11 0.003125 0.011666666666666667
1 0.33125 0.10916666666666666 0.004166666666666667 0.008333333333333333
0 0.31588541666666664 0.11 0.0046875 0.011666666666666667
1 0.31875 0.11 0.003125 0.008333333333333333
0 0.24817708333333333 0.11375 0.0046875 0.009166666666666667
1 0.23567708333333334 0.11583333333333333 0.005729166666666666 0.011666666666666667
0 0.23880208333333333 0.11416666666666667 0.0036458333333333334 0.01
1 0.22239583333333332 0.1175 0.005208333333333333 0.013333333333333334
0 0.2109375 0.12083333333333333 0.00625 0.016666666666666666
1 0.20364583333333333 0.1175 0.005208333333333333 0.011666666666666667
1 0.18723958333333332 0.11875 0.0046875 0.009166666666666667
1 0.18151041666666667 0.11958333333333333 0.0046875 0.009166666666666667
1 0.16510416666666666 0.12291666666666666 0.00625 0.0125
0 0.12265625 0.12791666666666668 0.0078125 0.015833333333333335
1 0.09427083333333333 0.12791666666666668 0.007291666666666667 0.0125
1 0.03515625 0.13 0.008854166666666666 0.013333333333333334