0 0.7765625 0.5720833333333334 0.040625 0.0675
0 0.6541666666666667 0.49166666666666664 0.016666666666666666 0.03166666666666667
0 0.6096354166666667 0.465 0.0078125 0.018333333333333333
0 0.5947916666666667 0.4558333333333333 0.008333333333333333 0.016666666666666666
0 0.5833333333333334 0.4475 0.00625 0.013333333333333334
0 0.5752604166666667 0.4429166666666667 0.0046875 0.010833333333333334
0 0.6216145833333333 0.43041666666666667 0.0046875 0.009166666666666667
0 0.6653645833333334 0.42916666666666664 0.0046875 0.008333333333333333
0 0.7145833333333333 0.42833333333333334 0.004166666666666667 0.008333333333333333
0 0.7518229166666667 0.4275 0.005729166666666666 0.01
0 0.7973958333333333 0.4275 0.005208333333333333 0.01
0 0.8434895833333333 0.4270833333333333 0.0078125 0.0125
0 0.95078125 0.42375 0.0078125 0.0125
1 0.34010416666666665 0.5908333333333333 0.034375 0.065
1 0.42994791666666665 0.50125 0.015104166666666667 0.030833333333333334
1 0.46328125 0.4725 0.009895833333333333 0.02
1 0.47682291666666665 0.46041666666666664 0.0078125 0.015833333333333335
1 0.49609375 0.45208333333333334 0.0067708333333333336 0.0125
1 0.5052083333333334 0.44583333333333336 0.005208333333333333 0.011666666666666667
1 0.51484375 0.44 0.0036458333333333334 0.008333333333333333
1 0.5361979166666667 0.4354166666666667 0.0036458333333333334 0.0075
1 0.78515625 0.42625 0.0036458333333333334 0.0075
1 0.8604166666666667 0.4241666666666667 0.005208333333333333 0.01
1 0.91015625 0.4225 0.0046875 0.01
1 0.9776041666666667 0.42 0.005208333333333333 0.01
1 0.9888020833333333 0.4166666666666667 0.0046875 0.008333333333333333
1 0.509375 0.44166666666666665 0.004166666666666667 0.01
1 0.5205729166666667 0.43666666666666665 0.0046875 0.01
0 0.5697916666666667 0.4379166666666667 0.004166666666666667 0.010833333333333334
1 0.8205729166666667 0.425 0.005729166666666666 0.01
1 0.97265625 0.4166666666666667 0.0036458333333333334 0.006666666666666667
1 0.95859375 0.4170833333333333 0.0036458333333333334 0.0075
1 0.9606770833333333 0.4170833333333333 0.0026041666666666665 0.0075
1 0.6682291666666667 0.4275 0.003125 0.006666666666666667
1 0.6296875 0.43 0.004166666666666667 0.006666666666666667
1 0.59921875 0.43125 0.0026041666666666665 0.005833333333333334
0 0.58984375 0.43291666666666667 0.0036458333333333334 0.0075
1 0.5651041666666666 0.43333333333333335 0.003125 0.006666666666666667