1 0.2872395833333333 0.14583333333333334 0.013020833333333334 0.028333333333333332
1 0.30052083333333335 0.1375 0.011458333333333333 0.025
1 0.3234375 0.14958333333333335 0.013541666666666667 0.030833333333333334
1 0.32786458333333335 0.12958333333333333 0.0078125 0.0225
1 0.3346354166666667 0.11791666666666667 0.0078125 0.0175
1 0.34375 0.12291666666666666 0.009375 0.020833333333333332
1 0.44609375 0.1425 0.013020833333333334 0.03166666666666667
1 0.54296875 0.12916666666666668 0.013020833333333334 0.03
1 0.5653645833333333 0.11875 0.0109375 0.025833333333333333
1 0.57734375 0.10708333333333334 0.008854166666666666 0.020833333333333332
1 0.5893229166666667 0.09916666666666667 0.0078125 0.018333333333333333
1 0.5958333333333333 0.09458333333333334 0.007291666666666667 0.0175
1 0.6140625 0.08875 0.007291666666666667 0.015833333333333335
1 0.6434895833333333 0.08375 0.005729166666666666 0.014166666666666666
0 0.7609375 0.075 0.00625 0.015
0 0.72421875 0.08083333333333333 0.0067708333333333336 0.016666666666666666
0 0.70859375 0.08541666666666667 0.0046875 0.0175
0 0.7046875 0.0925 0.008333333333333333 0.018333333333333333
0 0.7236979166666667 0.09666666666666666 0.009895833333333333 0.021666666666666667
0 0.7411458333333333 0.10666666666666667 0.010416666666666666 0.02666666666666667
0 0.7486979166666666 0.1175 0.0140625 0.03
0 0.6927083333333334 0.14291666666666666 0.017708333333333333 0.03916666666666667
1 0.671875 0.07958333333333334 0.00625 0.014166666666666666
0 0.45625 0.17 0.020833333333333332 0.045
0 0.14401041666666667 0.15083333333333335 0.011979166666666667 0.025
0 0.18567708333333333 0.14083333333333334 0.009895833333333333 0.023333333333333334
0 0.20885416666666667 0.13208333333333333 0.008333333333333333 0.019166666666666665
0 0.19765625 0.12875 0.0078125 0.0175
0 0.08619791666666667 0.16333333333333333 0.0140625 0.028333333333333332
0 0.22057291666666667 0.18916666666666668 0.022395833333333334 0.04666666666666667
0 0.20364583333333333 0.47583333333333333 0.07395833333333333 0.165
0 0.18619791666666666 0.12708333333333333 0.0078125 0.0175
1 0.3216145833333333 0.11625 0.005729166666666666 0.015833333333333335
1 0.32317708333333334 0.10791666666666666 0.005729166666666666 0.0125
1 0.31614583333333335 0.11333333333333333 0.00625 0.016666666666666666
1 0.30963541666666666 0.11125 0.005729166666666666 0.014166666666666666
1 0.30078125 0.10875 0.005729166666666666 0.0125
1 0.7161458333333334 0.07458333333333333 0.00625 0.014166666666666666
1 0.7559895833333333 0.07083333333333333 0.0046875 0.013333333333333334
0 0.03697916666666667 0.19208333333333333 0.027083333333333334 0.0425
0 0.04296875 0.17708333333333334 0.019270833333333334 0.035833333333333335
0 0.003125 0.12958333333333333 0.00625 0.0125
0 0.06588541666666667 0.12416666666666666 0.008854166666666666 0.015
1 0.054427083333333334 0.12375 0.0078125 0.0125
0 0.11536458333333334 0.12208333333333334 0.0067708333333333336 0.0125
0 0.15104166666666666 0.11875 0.00625 0.0125
1 0.16614583333333333 0.11583333333333333 0.005208333333333333 0.011666666666666667
0 0.17265625 0.1175 0.0067708333333333336 0.013333333333333334
0 0.18932291666666667 0.11583333333333333 0.005729166666666666 0.013333333333333334
0 0.203125 0.11666666666666667 0.00625 0.015
0 0.21145833333333333 0.11833333333333333 0.00625 0.015
0 0.21875 0.12 0.007291666666666667 0.016666666666666666
1 0.21197916666666666 0.11166666666666666 0.00625 0.011666666666666667
1 0.24270833333333333 0.10958333333333334 0.00625 0.0125
1 0.2669270833333333 0.1075 0.005729166666666666 0.013333333333333334
1 0.2875 0.1075 0.00625 0.015
0 0.8010416666666667 0.07041666666666667 0.007291666666666667 0.015833333333333335
1 0.8236979166666667 0.06583333333333333 0.005729166666666666 0.013333333333333334
0 0.8614583333333333 0.06541666666666666 0.008333333333333333 0.015833333333333335
1 0.9067708333333333 0.05875 0.008333333333333333 0.014166666666666666
0 0.9432291666666667 0.057916666666666665 0.010416666666666666 0.0175
1 0.9669270833333333 0.05333333333333334 0.009895833333333333 0.016666666666666666