1 0.6760416666666667 0.57 0.06875 0.125
1 0.9322916666666666 0.4691666666666667 0.04479166666666667 0.07666666666666666
1 0.023697916666666666 0.31166666666666665 0.022395833333333334 0.03166666666666667
1 0.1578125 0.30666666666666664 0.0125 0.025
1 0.271875 0.305 0.010416666666666666 0.021666666666666667
0 0.009895833333333333 0.29375 0.0125 0.025833333333333333
0 0.03671875 0.27208333333333334 0.008854166666666666 0.014166666666666666
1 0.05963541666666667 0.2708333333333333 0.0067708333333333336 0.011666666666666667
0 0.14609375 0.295 0.009895833333333333 0.02
1 0.17421875 0.2758333333333333 0.005729166666666666 0.011666666666666667
1 0.26067708333333334 0.28041666666666665 0.0046875 0.009166666666666667
0 0.26875 0.2825 0.004166666666666667 0.01
0 0.28515625 0.2970833333333333 0.0067708333333333336 0.015833333333333335
1 0.4317708333333333 0.3020833333333333 0.007291666666666667 0.015833333333333335
1 0.4822916666666667 0.2995833333333333 0.00625 0.015833333333333335
1 0.4947916666666667 0.29625 0.005208333333333333 0.010833333333333334
1 0.48880208333333336 0.29291666666666666 0.0036458333333333334 0.009166666666666667