0 0.1734375 0.3958333333333333 0.06145833333333333 0.12166666666666667
0 0.28098958333333335 0.26125 0.04010416666666667 0.07083333333333333
0 0.43776041666666665 0.19875 0.0265625 0.049166666666666664
0 0.6963541666666667 0.16708333333333333 0.020833333333333332 0.0425
0 0.8580729166666666 0.15166666666666667 0.021354166666666667 0.041666666666666664
1 0.8325520833333333 0.10625 0.0109375 0.0225
1 0.7856770833333333 0.12166666666666667 0.011979166666666667 0.02666666666666667
1 0.6979166666666666 0.13541666666666666 0.013541666666666667 0.029166666666666667
1 0.5666666666666667 0.1475 0.013541666666666667 0.03166666666666667
1 0.4200520833333333 0.1625 0.016145833333333335 0.035
1 0.19270833333333334 0.19375 0.020833333333333332 0.0425
0 0.4075520833333333 0.8658333333333333 0.14427083333333332 0.2683333333333333
0 0.9911458333333333 0.13 0.017708333333333333 0.03333333333333333
0 0.9927083333333333 0.11291666666666667 0.014583333333333334 0.0325
0 0.9932291666666667 0.09208333333333334 0.013541666666666667 0.025833333333333333
0 0.9942708333333333 0.08 0.011458333333333333 0.02666666666666667
0 0.9955729166666667 0.0675 0.008854166666666666 0.018333333333333333
1 0.86015625 0.09416666666666666 0.0109375 0.02
1 0.8791666666666667 0.08708333333333333 0.009375 0.0175
1 0.8911458333333333 0.08208333333333333 0.008333333333333333 0.015833333333333335
1 0.9020833333333333 0.07708333333333334 0.008333333333333333 0.015833333333333335
1 0.909375 0.07458333333333333 0.007291666666666667 0.014166666666666666
1 0.9169270833333333 0.07125 0.0078125 0.014166666666666666
1 0.93125 0.06541666666666666 0.007291666666666667 0.014166666666666666
1 0.93671875 0.065 0.0078125 0.013333333333333334
1 0.9526041666666667 0.0625 0.008333333333333333 0.011666666666666667
1 0.9796875 0.059166666666666666 0.009375 0.011666666666666667