1 0.31328125 0.56375 0.033854166666666664 0.0575
1 0.5341145833333333 0.49916666666666665 0.019270833333333334 0.03333333333333333
1 0.6291666666666667 0.47541666666666665 0.011458333333333333 0.025833333333333333
1 0.7127604166666667 0.46166666666666667 0.009895833333333333 0.02
1 0.7721354166666666 0.4533333333333333 0.009895833333333333 0.018333333333333333
1 0.8091145833333333 0.44708333333333333 0.0078125 0.015833333333333335
1 0.7684895833333333 0.43666666666666665 0.0046875 0.01
1 0.8736979166666666 0.44333333333333336 0.008854166666666666 0.015
1 0.9088541666666666 0.4404166666666667 0.00625 0.014166666666666666
1 0.884375 0.43083333333333335 0.00625 0.01
1 0.81796875 0.43416666666666665 0.0046875 0.008333333333333333
0 0.8236979166666667 0.4320833333333333 0.0046875 0.009166666666666667
0 0.7622395833333333 0.4354166666666667 0.005729166666666666 0.010833333333333334
0 0.6953125 0.4375 0.004166666666666667 0.01
0 0.9666666666666667 0.4525 0.011458333333333333 0.02
1 0.93828125 0.4379166666666667 0.008854166666666666 0.014166666666666666
1 0.9606770833333333 0.435 0.0078125 0.013333333333333334
0 0.9419270833333333 0.4579166666666667 0.013020833333333334 0.024166666666666666
0 0.8942708333333333 0.4691666666666667 0.014583333333333334 0.02666666666666667
0 0.83359375 0.49166666666666664 0.019270833333333334 0.035
0 0.8026041666666667 0.5208333333333334 0.023958333333333335 0.04666666666666667
0 0.7846354166666667 0.59125 0.03697916666666667 0.07583333333333334
1 0.44817708333333334 0.44458333333333333 0.0046875 0.0075
1 0.4510416666666667 0.44375 0.003125 0.0075
1 0.4627604166666667 0.4425 0.0026041666666666665 0.006666666666666667
1 0.47578125 0.44416666666666665 0.0036458333333333334 0.008333333333333333
1 0.47890625 0.44208333333333333 0.0026041666666666665 0.005833333333333334
0 0.4986979166666667 0.4425 0.0036458333333333334 0.008333333333333333
0 0.5057291666666667 0.44166666666666665 0.003125 0.008333333333333333
1 0.5065104166666666 0.44 0.0026041666666666665 0.006666666666666667
1 0.5161458333333333 0.4429166666666667 0.003125 0.009166666666666667
0 0.5190104166666667 0.44125 0.0036458333333333334 0.010833333333333334
0 0.5333333333333333 0.44 0.003125 0.006666666666666667
1 0.5486979166666667 0.43875 0.0026041666666666665 0.005833333333333334
0 0.5611979166666666 0.43916666666666665 0.0026041666666666665 0.006666666666666667
0 0.5653645833333333 0.44125 0.0036458333333333334 0.009166666666666667
1 0.5716145833333334 0.4429166666666667 0.0036458333333333334 0.0075
1 0.6059895833333333 0.43625 0.0026041666666666665 0.005833333333333334
1 0.6239583333333333 0.44166666666666665 0.004166666666666667 0.008333333333333333
0 0.6213541666666667 0.43666666666666665 0.003125 0.006666666666666667
0 0.6440104166666667 0.43875 0.0036458333333333334 0.009166666666666667
1 0.65859375 0.4345833333333333 0.0026041666666666665 0.005833333333333334
0 0.67734375 0.43416666666666665 0.0026041666666666665 0.006666666666666667
1 0.6901041666666666 0.43875 0.003125 0.009166666666666667
1 0.7005208333333334 0.4325 0.0020833333333333333 0.005
0 0.7223958333333333 0.4325 0.003125 0.006666666666666667
1 0.7450520833333333 0.43125 0.0026041666666666665 0.005833333333333334
1 0.78046875 0.43 0.0026041666666666665 0.005
0 0.80234375 0.4295833333333333 0.0036458333333333334 0.0075
0 0.8453125 0.42791666666666667 0.003125 0.005833333333333334
1 0.8598958333333333 0.4266666666666667 0.003125 0.005
0 0.8880208333333334 0.42875 0.004166666666666667 0.009166666666666667
1 0.8963541666666667 0.425 0.003125 0.006666666666666667
1 0.9294270833333333 0.42375 0.0026041666666666665 0.005833333333333334
0 0.9341145833333333 0.42625 0.0046875 0.010833333333333334
1 0.9502604166666667 0.42875 0.0046875 0.009166666666666667
1 0.96171875 0.42291666666666666 0.0036458333333333334 0.005833333333333334
0 0.9661458333333334 0.4225 0.003125 0.006666666666666667
0 0.9955729166666667 0.4216666666666667 0.0026041666666666665 0.006666666666666667
1 0.9924479166666667 0.42125 0.0026041666666666665 0.005833333333333334
1 0.996875 0.4266666666666667 0.003125 0.008333333333333333
1 0.9984375 0.43125 0.003125 0.010833333333333334
0 0.7705729166666667 0.43041666666666667 0.0026041666666666665 0.005833333333333334