1 0.49270833333333336 0.5254166666666666 0.021875 0.0425
1 0.5643229166666667 0.47583333333333333 0.0109375 0.023333333333333334
1 0.5895833333333333 0.45875 0.008333333333333333 0.0175
1 0.6065104166666667 0.44875 0.0067708333333333336 0.014166666666666666
1 0.6161458333333333 0.44333333333333336 0.005208333333333333 0.011666666666666667
1 0.63125 0.44 0.005208333333333333 0.01
1 0.640625 0.43625 0.004166666666666667 0.009166666666666667
1 0.6442708333333333 0.43333333333333335 0.004166666666666667 0.008333333333333333
1 0.73046875 0.42541666666666667 0.0046875 0.0075
1 0.7596354166666667 0.4245833333333333 0.0036458333333333334 0.005833333333333334
1 0.88359375 0.42083333333333334 0.0036458333333333334 0.006666666666666667
1 0.91796875 0.42041666666666666 0.0046875 0.0075
1 0.9528645833333333 0.4195833333333333 0.0046875 0.009166666666666667
0 0.8075520833333333 0.5283333333333333 0.025520833333333333 0.05
0 0.7307291666666667 0.47333333333333333 0.0125 0.025
0 0.7161458333333334 0.45625 0.008333333333333333 0.019166666666666665
0 0.7075520833333333 0.44583333333333336 0.005729166666666666 0.013333333333333334
0 0.70234375 0.44125 0.0036458333333333334 0.010833333333333334
0 0.71953125 0.42625 0.0036458333333333334 0.0075
0 0.84140625 0.42333333333333334 0.0046875 0.008333333333333333
0 0.87734375 0.4220833333333333 0.0046875 0.009166666666666667
0 0.9208333333333333 0.4220833333333333 0.005208333333333333 0.009166666666666667
0 0.9653645833333333 0.42125 0.005729166666666666 0.010833333333333334
1 0.65546875 0.43 0.0036458333333333334 0.006666666666666667
1 0.6703125 0.42875 0.005208333333333333 0.0075
1 0.6497395833333334 0.43083333333333335 0.0046875 0.008333333333333333
0 0.6997395833333333 0.43625 0.0026041666666666665 0.010833333333333334
0 0.6963541666666667 0.43083333333333335 0.004166666666666667 0.01
0 0.7002604166666667 0.42791666666666667 0.0046875 0.009166666666666667
0 0.7502604166666667 0.425 0.0036458333333333334 0.008333333333333333
0 0.7924479166666667 0.42333333333333334 0.0046875 0.008333333333333333
1 0.7981770833333334 0.42291666666666666 0.0036458333333333334 0.0075
1 0.8455729166666667 0.4216666666666667 0.0036458333333333334 0.008333333333333333
1 0.99296875 0.41875 0.0046875 0.009166666666666667