0 0.63203125 0.11833333333333333 0.009895833333333333 0.023333333333333334
0 0.79609375 0.11958333333333333 0.015104166666666667 0.029166666666666667
0 0.9690104166666667 0.11083333333333334 0.018229166666666668 0.03166666666666667
1 0.26588541666666665 0.12375 0.005729166666666666 0.019166666666666665
1 0.32447916666666665 0.11708333333333333 0.005208333333333333 0.015833333333333335
1 0.3359375 0.11583333333333333 0.005208333333333333 0.011666666666666667
1 0.36484375 0.11416666666666667 0.005729166666666666 0.016666666666666666
1 0.7705729166666667 0.10416666666666667 0.009895833333333333 0.02
1 0.796875 0.09916666666666667 0.010416666666666666 0.02
1 0.8260416666666667 0.10583333333333333 0.0125 0.025
1 0.8669270833333333 0.09541666666666666 0.008854166666666666 0.019166666666666665
1 0.3768229166666667 0.11375 0.0067708333333333336 0.014166666666666666
1 0.00703125 0.14125 0.009895833333333333 0.0175
1 0.09375 0.1375 0.009375 0.02
0 0.08697916666666666 0.14375 0.0125 0.024166666666666666
1 0.178125 0.13291666666666666 0.008333333333333333 0.015833333333333335
1 0.17369791666666667 0.12333333333333334 0.0046875 0.008333333333333333
1 0.18125 0.12333333333333334 0.005208333333333333 0.01
1 0.21276041666666667 0.12 0.0036458333333333334 0.008333333333333333
1 0.225 0.12166666666666667 0.005208333333333333 0.011666666666666667
0 0.246875 0.1175 0.004166666666666667 0.013333333333333334
0 0.2604166666666667 0.1325 0.00625 0.018333333333333333
0 0.275 0.11625 0.004166666666666667 0.0125
0 0.284375 0.11583333333333333 0.003125 0.013333333333333334
1 0.28020833333333334 0.11875 0.004166666666666667 0.0125
1 0.2947916666666667 0.11333333333333333 0.003125 0.01
1 0.30104166666666665 0.11333333333333333 0.0020833333333333333 0.008333333333333333
1 0.30364583333333334 0.11375 0.003125 0.009166666666666667
1 0.3138020833333333 0.11333333333333333 0.0026041666666666665 0.008333333333333333
0 0.31666666666666665 0.11208333333333333 0.003125 0.009166666666666667
0 0.33958333333333335 0.11291666666666667 0.003125 0.0125
0 0.34791666666666665 0.11083333333333334 0.003125 0.01
0 0.35494791666666664 0.11083333333333334 0.0026041666666666665 0.01
0 0.35911458333333335 0.11041666666666666 0.0026041666666666665 0.009166666666666667
0 0.359375 0.1225 0.007291666666666667 0.015
0 0.36484375 0.10958333333333334 0.0036458333333333334 0.0075
0 0.375 0.10708333333333334 0.0020833333333333333 0.005833333333333334
0 0.4005208333333333 0.11083333333333334 0.003125 0.013333333333333334
1 0.40911458333333334 0.1075 0.0026041666666666665 0.006666666666666667
0 0.42994791666666665 0.11208333333333333 0.0036458333333333334 0.0175
0 0.43828125 0.10625 0.0026041666666666665 0.010833333333333334
0 0.44635416666666666 0.10875 0.004166666666666667 0.0125
1 0.45260416666666664 0.10625 0.003125 0.0075
0 0.475 0.10833333333333334 0.005208333333333333 0.015
0 0.47760416666666666 0.10333333333333333 0.003125 0.008333333333333333
0 0.5036458333333333 0.1025 0.003125 0.008333333333333333
0 0.5161458333333333 0.10208333333333333 0.003125 0.009166666666666667
1 0.49921875 0.10291666666666667 0.0026041666666666665 0.0075
1 0.5317708333333333 0.10166666666666667 0.003125 0.006666666666666667
1 0.5528645833333333 0.10083333333333333 0.0026041666666666665 0.008333333333333333
0 0.5471354166666667 0.10208333333333333 0.0026041666666666665 0.009166666666666667
1 0.5723958333333333 0.1 0.003125 0.008333333333333333
1 0.60625 0.09958333333333333 0.003125 0.0075
0 0.5932291666666667 0.10041666666666667 0.003125 0.010833333333333334
0 0.6119791666666666 0.11125 0.00625 0.020833333333333332
0 0.6268229166666667 0.10416666666666667 0.0067708333333333336 0.02
1 0.6736979166666667 0.09583333333333334 0.0036458333333333334 0.008333333333333333
0 0.6838541666666667 0.09541666666666666 0.003125 0.009166666666666667
0 0.7049479166666667 0.1 0.0067708333333333336 0.018333333333333333
1 0.7528645833333333 0.0925 0.0036458333333333334 0.008333333333333333
0 0.771875 0.09125 0.004166666666666667 0.010833333333333334
0 0.7880208333333333 0.09625 0.009375 0.0175
1 0.8309895833333333 0.08875 0.0036458333333333334 0.009166666666666667
0 0.8411458333333334 0.08958333333333333 0.005208333333333333 0.010833333333333334
0 0.8893229166666666 0.09083333333333334 0.009895833333333333 0.018333333333333333
0 0.8966145833333333 0.08541666666666667 0.0036458333333333334 0.010833333333333334
1 0.9028645833333333 0.08583333333333333 0.0046875 0.008333333333333333
0 0.984375 0.08416666666666667 0.010416666666666666 0.018333333333333333
1 0.9541666666666667 0.10041666666666667 0.014583333333333334 0.025833333333333333
1 0.95625 0.08958333333333333 0.0125 0.020833333333333332