1 0.16458333333333333 0.7533333333333333 0.08125 0.14
1 0.0390625 0.5983333333333334 0.042708333333333334 0.06
1 0.22135416666666666 0.6066666666666667 0.041666666666666664 0.07166666666666667
0 0.012239583333333333 0.5470833333333334 0.022395833333333334 0.034166666666666665
0 0.27057291666666666 0.5145833333333333 0.0171875 0.030833333333333334
0 0.43723958333333335 0.5004166666666666 0.0171875 0.0325
0 0.43776041666666665 0.4658333333333333 0.008854166666666666 0.016666666666666666
0 0.5505208333333333 0.45916666666666667 0.008333333333333333 0.018333333333333333
0 0.6333333333333333 0.5145833333333333 0.023958333333333335 0.0425
0 0.68359375 0.45375 0.009895833333333333 0.0175
0 0.77265625 0.44625 0.009895833333333333 0.0175
0 0.7901041666666667 0.4354166666666667 0.007291666666666667 0.014166666666666666
0 0.8083333333333333 0.4395833333333333 0.008333333333333333 0.015833333333333335
0 0.7604166666666666 0.43291666666666667 0.00625 0.0125
0 0.7372395833333333 0.43125 0.005729166666666666 0.010833333333333334
0 0.8028645833333333 0.5691666666666667 0.0453125 0.06833333333333333
1 0.41848958333333336 0.45875 0.0067708333333333336 0.0125
1 0.47265625 0.4558333333333333 0.0067708333333333336 0.013333333333333334
1 0.6244791666666667 0.44708333333333333 0.00625 0.014166666666666666
0 0.35130208333333335 0.47041666666666665 0.0078125 0.015833333333333335
1 0.9627604166666667 0.41125 0.0046875 0.009166666666666667
1 0.9442708333333333 0.4141666666666667 0.003125 0.008333333333333333
1 0.8421875 0.42125 0.004166666666666667 0.009166666666666667
1 0.7760416666666666 0.4241666666666667 0.003125 0.008333333333333333
1 0.7299479166666667 0.4266666666666667 0.0036458333333333334 0.008333333333333333
1 0.6953125 0.4295833333333333 0.004166666666666667 0.009166666666666667
1 0.6796875 0.44166666666666665 0.004166666666666667 0.015
1 0.6716145833333333 0.4370833333333333 0.0046875 0.010833333333333334
1 0.66875 0.43291666666666667 0.004166666666666667 0.009166666666666667
1 0.6609375 0.4354166666666667 0.005208333333333333 0.010833333333333334
1 0.3984375 0.4583333333333333 0.005208333333333333 0.011666666666666667
1 0.396875 0.45666666666666667 0.003125 0.01
1 0.39348958333333334 0.4525 0.0036458333333333334 0.008333333333333333
1 0.3841145833333333 0.45166666666666666 0.0046875 0.008333333333333333
0 0.3359375 0.4583333333333333 0.004166666666666667 0.01
0 0.32864583333333336 0.46166666666666667 0.004166666666666667 0.01
0 0.31276041666666665 0.4658333333333333 0.005729166666666666 0.011666666666666667
0 0.30833333333333335 0.4691666666666667 0.005208333333333333 0.013333333333333334
0 0.940625 0.4191666666666667 0.00625 0.011666666666666667
0 0.99765625 0.41583333333333333 0.0046875 0.01
1 0.5455729166666666 0.4508333333333333 0.0046875 0.013333333333333334
0 0.07578125 0.4845833333333333 0.005729166666666666 0.010833333333333334
0 0.14661458333333333 0.47541666666666665 0.0046875 0.010833333333333334
0 0.19661458333333334 0.4691666666666667 0.0036458333333333334 0.008333333333333333
0 0.240625 0.46416666666666667 0.003125 0.008333333333333333
0 0.284375 0.46 0.003125 0.008333333333333333
1 0.9981770833333333 0.41083333333333333 0.0026041666666666665 0.008333333333333333
1 0.35546875 0.4529166666666667 0.0026041666666666665 0.0075
1 0.3255208333333333 0.455 0.0020833333333333333 0.006666666666666667
1 0.2950520833333333 0.45708333333333334 0.0026041666666666665 0.0075
1 0.25052083333333336 0.46166666666666667 0.003125 0.006666666666666667
1 0.19895833333333332 0.4675 0.0020833333333333333 0.006666666666666667
1 0.15338541666666666 0.4725 0.0036458333333333334 0.008333333333333333
1 0.09088541666666666 0.48041666666666666 0.0046875 0.009166666666666667
1 0.00859375 0.49083333333333334 0.0046875 0.01
0 0.31223958333333335 0.4579166666666667 0.0026041666666666665 0.0075