1 0.7705729166666667 0.32458333333333333 0.0453125 0.0975
1 0.9111979166666667 0.22916666666666666 0.0390625 0.056666666666666664
1 0.8083333333333333 0.14291666666666666 0.015625 0.0275
1 0.7020833333333333 0.12958333333333333 0.011458333333333333 0.024166666666666666
1 0.6065104166666667 0.11958333333333333 0.009895833333333333 0.020833333333333332
1 0.9671875 0.16666666666666666 0.022916666666666665 0.03333333333333333
1 0.9783854166666667 0.19333333333333333 0.030729166666666665 0.045
1 0.19947916666666668 0.12875 0.015625 0.030833333333333334
1 0.32109375 0.12666666666666668 0.013020833333333334 0.025
1 0.415625 0.11833333333333333 0.010416666666666666 0.021666666666666667
1 0.4354166666666667 0.10916666666666666 0.009375 0.018333333333333333
1 0.4544270833333333 0.0975 0.0067708333333333336 0.015
1 0.46536458333333336 0.09208333333333334 0.005729166666666666 0.0125
1 0.49322916666666666 0.10375 0.007291666666666667 0.015833333333333335
1 0.5346354166666667 0.11125 0.0078125 0.0175
0 0.31692708333333336 0.10375 0.011979166666666667 0.019166666666666665
0 0.24661458333333333 0.10791666666666666 0.009895833333333333 0.024166666666666666
0 0.1296875 0.10791666666666666 0.013541666666666667 0.0275
0 0.775 0.12666666666666668 0.011458333333333333 0.021666666666666667
0 0.9200520833333333 0.13791666666666666 0.015104166666666667 0.0275
0 0.6244791666666667 0.11041666666666666 0.00625 0.0175
1 0.5104166666666666 0.09541666666666666 0.005208333333333333 0.0125
1 0.33359375 0.6229166666666667 0.1171875 0.2275
0 0.6997395833333333 0.11958333333333333 0.0078125 0.019166666666666665
0 0.5893229166666667 0.10666666666666667 0.0067708333333333336 0.016666666666666666
0 0.58359375 0.10291666666666667 0.005729166666666666 0.014166666666666666
0 0.5770833333333333 0.09791666666666667 0.00625 0.015833333333333335
0 0.5744791666666667 0.09416666666666666 0.005208333333333333 0.011666666666666667
1 0.5354166666666667 0.09125 0.004166666666666667 0.0125
1 0.52578125 0.0925 0.0046875 0.01
1 0.5203125 0.09416666666666666 0.005208333333333333 0.01
1 0.4979166666666667 0.09958333333333333 0.005208333333333333 0.014166666666666666
1 0.47239583333333335 0.08916666666666667 0.005208333333333333 0.011666666666666667
1 0.47630208333333335 0.08791666666666667 0.0036458333333333334 0.010833333333333334
0 0.421875 0.08541666666666667 0.004166666666666667 0.010833333333333334
0 0.40989583333333335 0.08666666666666667 0.00625 0.015
0 0.39140625 0.09041666666666667 0.005729166666666666 0.014166666666666666
0 0.36354166666666665 0.09541666666666666 0.007291666666666667 0.015833333333333335
0 0.32734375 0.049166666666666664 0.0046875 0.011666666666666667
0 0.3221354166666667 0.050416666666666665 0.005729166666666666 0.0125