1 0.15703125 0.4529166666666667 0.0067708333333333336 0.0125
1 0.271875 0.44875 0.004166666666666667 0.010833333333333334
1 0.3859375 0.445 0.003125 0.011666666666666667
1 0.47421875 0.4425 0.0046875 0.01
1 0.5625 0.44 0.004166666666666667 0.01
1 0.65234375 0.4375 0.0046875 0.01
1 0.7330729166666666 0.435 0.0046875 0.01
1 0.803125 0.43333333333333335 0.004166666666666667 0.01
1 0.8697916666666666 0.43083333333333335 0.005208333333333333 0.01
1 0.9299479166666667 0.4295833333333333 0.0036458333333333334 0.009166666666666667
0 0.99609375 0.43166666666666664 0.0067708333333333336 0.011666666666666667
0 0.9260416666666667 0.4325 0.00625 0.011666666666666667
0 0.8598958333333333 0.4345833333333333 0.005208333333333333 0.0125
0 0.78515625 0.4375 0.0067708333333333336 0.011666666666666667
0 0.6830729166666667 0.4404166666666667 0.005729166666666666 0.0125
0 0.57734375 0.4429166666666667 0.005729166666666666 0.0125
0 0.4671875 0.44625 0.00625 0.0125
0 0.3828125 0.44958333333333333 0.00625 0.014166666666666666
0 0.24791666666666667 0.45416666666666666 0.007291666666666667 0.013333333333333334
0 0.11744791666666667 0.45875 0.008854166666666666 0.015833333333333335
0 0.17057291666666666 0.5516666666666666 0.034895833333333334 0.05333333333333334
0 0.5815104166666667 0.56375 0.030729166666666665 0.060833333333333336
1 0.004427083333333333 0.4575 0.0078125 0.015