1 0.028385416666666666 0.21666666666666667 0.0171875 0.03
0 0.07213541666666666 0.19791666666666666 0.0140625 0.024166666666666666
0 0.19895833333333332 0.19666666666666666 0.010416666666666666 0.023333333333333334
1 0.18072916666666666 0.21458333333333332 0.015625 0.0275
0 0.3 0.19125 0.009375 0.019166666666666665
1 0.3377604166666667 0.20625 0.0109375 0.024166666666666666
0 0.39166666666666666 0.18208333333333335 0.007291666666666667 0.015833333333333335
1 0.40989583333333335 0.19541666666666666 0.008333333333333333 0.019166666666666665
0 0.45260416666666664 0.17583333333333334 0.005208333333333333 0.013333333333333334
1 0.4901041666666667 0.18166666666666667 0.007291666666666667 0.015
0 0.49375 0.17125 0.003125 0.0125
0 0.490625 0.17125 0.003125 0.010833333333333334
0 0.5182291666666666 0.16916666666666666 0.004166666666666667 0.011666666666666667
1 0.509375 0.1875 0.008333333333333333 0.016666666666666666
1 0.5255208333333333 0.19583333333333333 0.009375 0.02
1 0.5354166666666667 0.18416666666666667 0.00625 0.013333333333333334
1 0.5328125 0.17541666666666667 0.004166666666666667 0.0125
1 0.5375 0.175 0.004166666666666667 0.011666666666666667
1 0.5580729166666667 0.1725 0.0046875 0.011666666666666667
1 0.5739583333333333 0.20625 0.011458333333333333 0.024166666666666666
1 0.5729166666666666 0.17916666666666667 0.00625 0.011666666666666667
1 0.5723958333333333 0.17041666666666666 0.005208333333333333 0.010833333333333334
1 0.5958333333333333 0.17708333333333334 0.005208333333333333 0.0125
1 0.61171875 0.175 0.005729166666666666 0.011666666666666667
1 0.63203125 0.17333333333333334 0.0046875 0.013333333333333334
0 0.6247395833333333 0.18958333333333333 0.008854166666666666 0.019166666666666665
0 0.63984375 0.18541666666666667 0.005729166666666666 0.015833333333333335
0 0.64921875 0.18166666666666667 0.0067708333333333336 0.015
0 0.6622395833333333 0.17916666666666667 0.005729166666666666 0.013333333333333334
0 0.6731770833333334 0.175 0.005729166666666666 0.013333333333333334
0 0.6515625 0.195 0.008333333333333333 0.02
1 0.6552083333333333 0.22166666666666668 0.014583333333333334 0.03
0 0.7255208333333333 0.20583333333333334 0.010416666666666666 0.025
0 0.803125 0.2175 0.014583333333333334 0.03
1 0.7533854166666667 0.24666666666666667 0.0234375 0.04
1 0.7158854166666667 0.39375 0.04635416666666667 0.0975
1 0.9255208333333333 0.31166666666666665 0.03854166666666667 0.065
0 0.4114583333333333 0.13916666666666666 0.004166666666666667 0.011666666666666667
0 0.4166666666666667 0.1375 0.004166666666666667 0.011666666666666667