1 0.33880208333333334 0.6020833333333333 0.0390625 0.07083333333333333
1 0.5484375 0.5129166666666667 0.021875 0.03916666666666667
1 0.7182291666666667 0.4791666666666667 0.016666666666666666 0.028333333333333332
1 0.9200520833333333 0.4504166666666667 0.011979166666666667 0.020833333333333332
1 0.8140625 0.4625 0.013541666666666667 0.025
0 0.9330729166666667 0.5445833333333333 0.0359375 0.060833333333333336
0 0.98984375 0.50125 0.0203125 0.0425
1 0.9057291666666667 0.42916666666666664 0.004166666666666667 0.01
1 0.9263020833333333 0.4220833333333333 0.0026041666666666665 0.005833333333333334
1 0.9919270833333333 0.4195833333333333 0.0026041666666666665 0.004166666666666667
1 0.8690104166666667 0.425 0.0026041666666666665 0.005
1 0.8208333333333333 0.4325 0.004166666666666667 0.008333333333333333
1 0.8020833333333334 0.42791666666666667 0.0020833333333333333 0.005833333333333334
1 0.7606770833333333 0.43375 0.0036458333333333334 0.009166666666666667
1 0.6596354166666667 0.4354166666666667 0.0026041666666666665 0.0075
1 0.66171875 0.43375 0.0015625 0.005833333333333334
1 0.6317708333333333 0.4354166666666667 0.0020833333333333333 0.0075
1 0.6338541666666667 0.43416666666666665 0.0020833333333333333 0.006666666666666667
1 0.6453125 0.43375 0.0020833333333333333 0.005833333333333334
0 0.9578125 0.42125 0.003125 0.0075
0 0.9143229166666667 0.4270833333333333 0.0046875 0.010833333333333334
0 0.89453125 0.4241666666666667 0.0036458333333333334 0.006666666666666667
0 0.8473958333333333 0.42916666666666664 0.005208333333333333 0.01
0 0.7549479166666667 0.4320833333333333 0.0036458333333333334 0.009166666666666667
0 0.75 0.43 0.003125 0.008333333333333333
0 0.7197916666666667 0.43125 0.003125 0.0075
0 0.6825520833333333 0.43375 0.0026041666666666665 0.0075
0 0.70390625 0.43375 0.0026041666666666665 0.0075
1 0.7359375 0.43041666666666667 0.0020833333333333333 0.0075
1 0.7010416666666667 0.43375 0.0020833333333333333 0.009166666666666667
0 0.6901041666666666 0.43291666666666667 0.003125 0.0075
0 0.82109375 0.4275 0.0026041666666666665 0.008333333333333333