0 0.7309895833333333 0.6620833333333334 0.14010416666666667 0.2708333333333333
0 0.03046875 0.3725 0.0609375 0.11833333333333333
0 0.08203125 0.24291666666666667 0.0328125 0.06583333333333333
0 0.12786458333333334 0.18416666666666667 0.025520833333333333 0.045
0 0.11302083333333333 0.16458333333333333 0.014583333333333334 0.0375
1 0.19296875 0.10833333333333334 0.008854166666666666 0.018333333333333333
1 0.12604166666666666 0.11583333333333333 0.009375 0.018333333333333333
1 0.11119791666666666 0.11083333333333334 0.0078125 0.015
0 0.20989583333333334 0.1125 0.010416666666666666 0.02
0 0.004166666666666667 0.155 0.008333333333333333 0.03166666666666667
1 0.2328125 0.10208333333333333 0.008333333333333333 0.014166666666666666
1 0.27630208333333334 0.09583333333333334 0.0046875 0.01
0 0.30052083333333335 0.1 0.005208333333333333 0.015
1 0.31171875 0.09 0.005729166666666666 0.01
1 0.3346354166666667 0.08666666666666667 0.0036458333333333334 0.008333333333333333
0 0.340625 0.09458333333333334 0.005208333333333333 0.0125
0 0.36953125 0.0875 0.0046875 0.01
0 0.3924479166666667 0.0825 0.0046875 0.011666666666666667
0 0.42135416666666664 0.07791666666666666 0.004166666666666667 0.010833333333333334
1 0.40651041666666665 0.07708333333333334 0.0036458333333333334 0.0075
1 0.43828125 0.07291666666666667 0.0036458333333333334 0.0075
1 0.44869791666666664 0.07083333333333333 0.0026041666666666665 0.006666666666666667
1 0.95078125 0.04541666666666667 0.013020833333333334 0.0225
1 0.8856770833333333 0.04541666666666667 0.009895833333333333 0.019166666666666665
1 0.8408854166666667 0.04666666666666667 0.0078125 0.015
1 0.8 0.04625 0.00625 0.014166666666666666
1 0.7635416666666667 0.04625 0.005208333333333333 0.0125
0 0.9291666666666667 0.06541666666666666 0.014583333333333334 0.0325
0 0.8596354166666667 0.06166666666666667 0.009895833333333333 0.025
0 0.82109375 0.05875 0.008854166666666666 0.024166666666666666
0 0.78125 0.056666666666666664 0.007291666666666667 0.018333333333333333
0 0.7541666666666667 0.05583333333333333 0.00625 0.015
0 0.030989583333333334 0.11541666666666667 0.008854166666666666 0.0175
0 0.07864583333333333 0.12375 0.010416666666666666 0.0225
1 0.06640625 0.11958333333333333 0.0067708333333333336 0.015833333333333335
0 0.09661458333333334 0.105 0.005729166666666666 0.015
1 0.13697916666666668 0.10708333333333334 0.005208333333333333 0.0125
1 0.14036458333333332 0.09875 0.0046875 0.009166666666666667
1 0.48098958333333336 0.06625 0.0036458333333333334 0.010833333333333334
0 0.49765625 0.06708333333333333 0.0036458333333333334 0.009166666666666667