0 0.09765625 0.5266666666666666 0.10989583333333333 0.17833333333333334
0 0.8424479166666666 0.10041666666666667 0.0109375 0.020833333333333332
0 0.96328125 0.09666666666666666 0.015104166666666667 0.025
0 0.7419270833333333 0.10125 0.009895833333333333 0.020833333333333332
0 0.5919270833333333 0.10458333333333333 0.0078125 0.014166666666666666
1 0.98046875 0.08791666666666667 0.011979166666666667 0.019166666666666665
1 0.8513020833333333 0.09375 0.0078125 0.0175
1 0.7619791666666667 0.09541666666666666 0.007291666666666667 0.015833333333333335
1 0.6640625 0.09666666666666666 0.00625 0.015
0 0.5395833333333333 0.10416666666666667 0.007291666666666667 0.013333333333333334
0 0.48046875 0.1025 0.0067708333333333336 0.015
0 0.41302083333333334 0.10333333333333333 0.00625 0.011666666666666667
0 0.35130208333333335 0.10541666666666667 0.005729166666666666 0.0125
0 0.33958333333333335 0.10125 0.004166666666666667 0.010833333333333334
0 0.34661458333333334 0.09916666666666667 0.0046875 0.01
0 0.32369791666666664 0.10625 0.0046875 0.010833333333333334
0 0.3268229166666667 0.10416666666666667 0.0036458333333333334 0.01
0 0.3182291666666667 0.1 0.004166666666666667 0.01
0 0.28098958333333335 0.10208333333333333 0.0046875 0.009166666666666667
0 0.23697916666666666 0.10458333333333333 0.004166666666666667 0.009166666666666667
0 0.19453125 0.1075 0.0046875 0.01
0 0.14375 0.11333333333333333 0.005208333333333333 0.011666666666666667
1 0.13515625 0.11083333333333334 0.005729166666666666 0.01
1 0.22109375 0.10458333333333333 0.0036458333333333334 0.0075
1 0.27317708333333335 0.10125 0.0036458333333333334 0.0075
1 0.36171875 0.09625 0.0026041666666666665 0.0075
1 0.39791666666666664 0.095 0.003125 0.006666666666666667
1 0.39947916666666666 0.09958333333333333 0.003125 0.009166666666666667
1 0.40572916666666664 0.09833333333333333 0.003125 0.008333333333333333
1 0.41041666666666665 0.10041666666666667 0.0020833333333333333 0.009166666666666667
1 0.45703125 0.09916666666666667 0.0046875 0.011666666666666667
1 0.5208333333333334 0.09791666666666667 0.005208333333333333 0.0125
1 0.5934895833333333 0.0975 0.0046875 0.013333333333333334