1 0.36796875 0.5466666666666666 0.0265625 0.05333333333333334
1 0.43072916666666666 0.4870833333333333 0.013541666666666667 0.0275
1 0.4513020833333333 0.46708333333333335 0.009895833333333333 0.019166666666666665
1 0.46380208333333334 0.45416666666666666 0.0067708333333333336 0.015
1 0.46979166666666666 0.4483333333333333 0.005208333333333333 0.013333333333333334
1 0.47552083333333334 0.44333333333333336 0.005208333333333333 0.011666666666666667
1 0.9807291666666667 0.43041666666666667 0.004166666666666667 0.009166666666666667
0 0.6544270833333333 0.5104166666666666 0.0203125 0.04083333333333333
0 0.60234375 0.47875 0.011979166666666667 0.025833333333333333
0 0.5825520833333333 0.4658333333333333 0.009895833333333333 0.021666666666666667
0 0.55625 0.44916666666666666 0.00625 0.015
0 0.5484375 0.44458333333333333 0.005208333333333333 0.0125
0 0.54453125 0.44166666666666665 0.0046875 0.01
0 0.9526041666666667 0.43375 0.005208333333333333 0.010833333333333334
0 0.8955729166666667 0.4320833333333333 0.0046875 0.009166666666666667
1 0.48411458333333335 0.4375 0.0026041666666666665 0.01
1 0.48776041666666664 0.4354166666666667 0.0036458333333333334 0.0075
1 0.4979166666666667 0.43375 0.004166666666666667 0.0075
1 0.5153645833333333 0.4320833333333333 0.0036458333333333334 0.0075
1 0.5333333333333333 0.43083333333333335 0.003125 0.006666666666666667
0 0.5463541666666667 0.435 0.0020833333333333333 0.008333333333333333
0 0.54921875 0.43375 0.0026041666666666665 0.009166666666666667
0 0.5583333333333333 0.4320833333333333 0.003125 0.0075
0 0.5713541666666667 0.43125 0.003125 0.0075
0 0.59609375 0.4295833333333333 0.0036458333333333334 0.0075
0 0.63359375 0.42916666666666664 0.0036458333333333334 0.008333333333333333
0 0.6653645833333334 0.42916666666666664 0.0036458333333333334 0.008333333333333333
0 0.6981770833333333 0.42916666666666664 0.0036458333333333334 0.008333333333333333
1 0.7510416666666667 0.42791666666666667 0.003125 0.0075
0 0.7302083333333333 0.4295833333333333 0.004166666666666667 0.0075
0 0.7606770833333333 0.42916666666666664 0.0036458333333333334 0.008333333333333333
1 0.7903645833333334 0.42833333333333334 0.0036458333333333334 0.006666666666666667
0 0.8091145833333333 0.43041666666666667 0.0046875 0.009166666666666667
1 0.83984375 0.42875 0.0036458333333333334 0.009166666666666667
0 0.8546875 0.43125 0.004166666666666667 0.009166666666666667
1 0.88515625 0.42916666666666664 0.0036458333333333334 0.008333333333333333
1 0.9416666666666667 0.43 0.004166666666666667 0.01
0 0.365625 0.42041666666666666 0.003125 0.0075
0 0.3690104166666667 0.415 0.0026041666666666665 0.008333333333333333