0 0.30234375 0.8 0.15260416666666668 0.29333333333333333
0 0.048177083333333336 0.43875 0.0828125 0.13916666666666666
0 0.221875 0.29083333333333333 0.03854166666666667 0.07833333333333334
0 0.41953125 0.23083333333333333 0.0234375 0.05333333333333334
0 0.5354166666666667 0.19291666666666665 0.016666666666666666 0.03916666666666667
0 0.4942708333333333 0.17541666666666667 0.013541666666666667 0.030833333333333334
0 0.38619791666666664 0.16875 0.013020833333333334 0.0275
0 0.33697916666666666 0.14166666666666666 0.007291666666666667 0.021666666666666667
0 0.2375 0.15708333333333332 0.010416666666666666 0.024166666666666666
0 0.25234375 0.15 0.0078125 0.021666666666666667
0 0.43020833333333336 0.13541666666666666 0.005208333333333333 0.0175
0 0.2947916666666667 0.1625 0.009375 0.023333333333333334
0 0.53203125 0.12833333333333333 0.0046875 0.018333333333333333
0 0.6380208333333334 0.12833333333333333 0.00625 0.021666666666666667
0 0.7114583333333333 0.13041666666666665 0.008333333333333333 0.019166666666666665
0 0.8432291666666667 0.12708333333333333 0.009375 0.0225
1 0.9125 0.11458333333333333 0.008333333333333333 0.019166666666666665
1 0.7986979166666667 0.11916666666666667 0.0078125 0.018333333333333333
1 0.7169270833333333 0.11916666666666667 0.005729166666666666 0.018333333333333333
1 0.53828125 0.12333333333333334 0.0046875 0.015
1 0.42604166666666665 0.12875 0.005208333333333333 0.015833333333333335
1 0.22213541666666667 0.145 0.0078125 0.018333333333333333
1 0.22421875 0.19 0.016145833333333335 0.03666666666666667
1 0.21432291666666667 0.20416666666666666 0.019270833333333334 0.041666666666666664
1 0.0359375 0.24166666666666667 0.03333333333333333 0.051666666666666666
1 0.12291666666666666 0.15416666666666667 0.010416666666666666 0.02
1 0.12447916666666667 0.18166666666666667 0.016666666666666666 0.03
1 0.07005208333333333 0.17125 0.0140625 0.030833333333333334
1 0.07760416666666667 0.16416666666666666 0.009375 0.023333333333333334
1 0.32526041666666666 0.13625 0.0046875 0.015833333333333335
0 0.9854166666666667 0.11875 0.010416666666666666 0.0225