0 0.96953125 0.6279166666666667 0.059895833333333336 0.0925
0 0.92734375 0.5429166666666667 0.033854166666666664 0.0525
1 0.19114583333333332 0.66875 0.05520833333333333 0.1075
1 0.49583333333333335 0.53875 0.028125 0.0475
1 0.60859375 0.5020833333333333 0.016145833333333335 0.0325
1 0.7403645833333333 0.48291666666666666 0.013020833333333334 0.025833333333333333
1 0.90703125 0.475 0.013020833333333334 0.023333333333333334
1 0.89296875 0.44333333333333336 0.0036458333333333334 0.008333333333333333
1 0.8981770833333333 0.44208333333333333 0.0026041666666666665 0.005833333333333334
1 0.9153645833333334 0.44208333333333333 0.0026041666666666665 0.005833333333333334
1 0.92734375 0.44333333333333336 0.0036458333333333334 0.006666666666666667
1 0.9403645833333333 0.44166666666666665 0.0026041666666666665 0.005
0 0.9643229166666667 0.44333333333333336 0.0046875 0.01
0 0.9776041666666667 0.4425 0.004166666666666667 0.008333333333333333
0 0.9921875 0.44375 0.004166666666666667 0.009166666666666667
1 0.9838541666666667 0.44458333333333333 0.005208333333333333 0.009166666666666667