1 0.09557291666666666 0.7483333333333333 0.0890625 0.13833333333333334
1 0.5302083333333333 0.5366666666666666 0.023958333333333335 0.04833333333333333
1 0.6877604166666667 0.475 0.013020833333333334 0.02666666666666667
1 0.7536458333333333 0.45166666666666666 0.009375 0.018333333333333333
1 0.7856770833333333 0.44083333333333335 0.0067708333333333336 0.015
1 0.81015625 0.43416666666666665 0.0067708333333333336 0.013333333333333334
1 0.8244791666666667 0.42916666666666664 0.00625 0.011666666666666667
1 0.8463541666666666 0.42541666666666667 0.005208333333333333 0.010833333333333334
1 0.8611979166666667 0.4220833333333333 0.0046875 0.009166666666666667
1 0.86875 0.4191666666666667 0.004166666666666667 0.008333333333333333
1 0.8786458333333333 0.41791666666666666 0.004166666666666667 0.009166666666666667
1 0.8875 0.4166666666666667 0.004166666666666667 0.006666666666666667
1 0.99453125 0.41041666666666665 0.0046875 0.0075
0 0.9916666666666667 0.6104166666666667 0.015625 0.05416666666666667
0 0.9166666666666666 0.4825 0.017708333333333333 0.035
0 0.9096354166666667 0.4508333333333333 0.009895833333333333 0.023333333333333334
0 0.9192708333333334 0.4404166666666667 0.009375 0.019166666666666665
0 0.9247395833333333 0.43166666666666664 0.0067708333333333336 0.013333333333333334
0 0.92734375 0.4275 0.005729166666666666 0.013333333333333334
0 0.9317708333333333 0.42333333333333334 0.00625 0.013333333333333334
0 0.9348958333333334 0.4195833333333333 0.004166666666666667 0.010833333333333334
0 0.9377604166666667 0.4170833333333333 0.0046875 0.009166666666666667
0 0.9434895833333333 0.41541666666666666 0.0046875 0.009166666666666667
0 0.9765625 0.4116666666666667 0.00625 0.01
1 0.9075520833333334 0.415 0.0046875 0.008333333333333333
0 0.9486979166666667 0.415 0.0036458333333333334 0.008333333333333333