0 0.95546875 0.70375 0.08697916666666666 0.13083333333333333
0 0.5205729166666667 0.5645833333333333 0.033854166666666664 0.060833333333333336
0 0.39140625 0.5195833333333333 0.019270833333333334 0.03916666666666667
0 0.36770833333333336 0.49583333333333335 0.013541666666666667 0.028333333333333332
0 0.4309895833333333 0.4795833333333333 0.0109375 0.024166666666666666
0 0.5263020833333333 0.47 0.009895833333333333 0.021666666666666667
0 0.6255208333333333 0.46625 0.010416666666666666 0.020833333333333332
0 0.728125 0.4608333333333333 0.0125 0.021666666666666667
0 0.7526041666666666 0.44916666666666666 0.008333333333333333 0.015
0 0.73828125 0.44375 0.0067708333333333336 0.014166666666666666
0 0.7294270833333333 0.4404166666666667 0.0067708333333333336 0.0125
0 0.7700520833333333 0.45458333333333334 0.009895833333333333 0.0175
0 0.8171875 0.43666666666666665 0.00625 0.011666666666666667
1 0.0125 0.6470833333333333 0.025 0.06416666666666666
1 0.05 0.5554166666666667 0.03125 0.049166666666666664
1 0.15625 0.50875 0.01875 0.030833333333333334
1 0.25546875 0.48833333333333334 0.0140625 0.025
1 0.3463541666666667 0.47375 0.010416666666666666 0.019166666666666665
1 0.43671875 0.46458333333333335 0.0078125 0.0175
1 0.5479166666666667 0.45875 0.008333333333333333 0.015833333333333335
1 0.6286458333333333 0.45416666666666666 0.005208333333333333 0.016666666666666666
1 0.653125 0.45125 0.007291666666666667 0.014166666666666666
1 0.6666666666666666 0.43875 0.004166666666666667 0.010833333333333334
1 0.6450520833333333 0.44583333333333336 0.0067708333333333336 0.013333333333333334
1 0.7020833333333333 0.43583333333333335 0.004166666666666667 0.01
0 0.9729166666666667 0.43583333333333335 0.007291666666666667 0.013333333333333334
0 0.88671875 0.43583333333333335 0.005729166666666666 0.011666666666666667
1 0.90859375 0.4325 0.005729166666666666 0.01
1 0.8302083333333333 0.43333333333333335 0.004166666666666667 0.01
1 0.646875 0.44208333333333333 0.004166666666666667 0.010833333333333334
0 0.7572916666666667 0.4375 0.00625 0.011666666666666667
1 0.7614583333333333 0.4345833333333333 0.004166666666666667 0.009166666666666667