0 0.9260416666666667 0.6858333333333333 0.13645833333333332 0.27666666666666667
0 0.12838541666666667 0.23958333333333334 0.030729166666666665 0.059166666666666666
0 0.41770833333333335 0.19125 0.020833333333333332 0.04583333333333333
0 0.6596354166666667 0.16458333333333333 0.0171875 0.03916666666666667
0 0.9104166666666667 0.1475 0.01875 0.03666666666666667
1 0.22994791666666667 0.18458333333333332 0.0171875 0.035833333333333335
1 0.44895833333333335 0.15875 0.014583333333333334 0.0325
1 0.634375 0.145 0.0125 0.03
1 0.7958333333333333 0.13541666666666666 0.0125 0.029166666666666667
1 0.9447916666666667 0.12333333333333334 0.015625 0.03
1 0.58359375 0.1075 0.0036458333333333334 0.008333333333333333
1 0.5880208333333333 0.10666666666666667 0.004166666666666667 0.01
1 0.5953125 0.10708333333333334 0.003125 0.009166666666666667
1 0.6075520833333333 0.11125 0.0046875 0.014166666666666666
1 0.6109375 0.11083333333333334 0.003125 0.011666666666666667
1 0.6380208333333334 0.11125 0.005208333333333333 0.014166666666666666
1 0.62578125 0.10666666666666667 0.0036458333333333334 0.01
1 0.64375 0.10791666666666666 0.003125 0.010833333333333334
1 0.6671875 0.10541666666666667 0.004166666666666667 0.009166666666666667
1 0.671875 0.10583333333333333 0.003125 0.011666666666666667
1 0.6880208333333333 0.11 0.005208333333333333 0.015
0 0.6744791666666666 0.10375 0.003125 0.010833333333333334
0 0.6783854166666666 0.1025 0.0026041666666666665 0.01
0 0.69921875 0.10625 0.0046875 0.014166666666666666
0 0.7359375 0.10541666666666667 0.004166666666666667 0.014166666666666666
0 0.7322916666666667 0.10291666666666667 0.004166666666666667 0.0125
0 0.72109375 0.10041666666666667 0.0036458333333333334 0.009166666666666667
1 0.7916666666666666 0.10625 0.005208333333333333 0.015833333333333335
0 0.8088541666666667 0.1025 0.004166666666666667 0.013333333333333334