0 0.10546875 0.4658333333333333 0.07447916666666667 0.15
0 0.22135416666666666 0.28458333333333335 0.042708333333333334 0.07416666666666667
0 0.35989583333333336 0.225 0.027083333333333334 0.055
0 0.5236979166666667 0.16333333333333333 0.016145833333333335 0.035
0 0.6127604166666667 0.13583333333333333 0.011979166666666667 0.02666666666666667
0 0.6666666666666666 0.12208333333333334 0.009375 0.0225
0 0.7091145833333333 0.11125 0.0078125 0.0175
0 0.7294270833333333 0.10583333333333333 0.0078125 0.016666666666666666
0 0.7557291666666667 0.10083333333333333 0.00625 0.013333333333333334
0 0.77578125 0.09541666666666666 0.005729166666666666 0.014166666666666666
1 0.08411458333333334 0.22041666666666668 0.025520833333333333 0.04583333333333333
1 0.33645833333333336 0.16708333333333333 0.014583333333333334 0.030833333333333334
1 0.4661458333333333 0.13958333333333334 0.011458333333333333 0.024166666666666666
1 0.53671875 0.12583333333333332 0.008854166666666666 0.02
1 0.5927083333333333 0.11583333333333333 0.008333333333333333 0.016666666666666666
1 0.6278645833333333 0.10916666666666666 0.0067708333333333336 0.016666666666666666
1 0.6674479166666667 0.10416666666666667 0.0078125 0.013333333333333334
1 0.69765625 0.09916666666666667 0.005729166666666666 0.013333333333333334
1 0.7171875 0.095 0.005208333333333333 0.011666666666666667
1 0.7361979166666667 0.0925 0.0046875 0.011666666666666667
1 0.753125 0.08958333333333333 0.003125 0.010833333333333334
1 0.7802083333333333 0.0875 0.004166666666666667 0.01
0 0.7916666666666666 0.09125 0.005208333333333333 0.0125
0 0.8067708333333333 0.08916666666666667 0.004166666666666667 0.011666666666666667
0 0.81875 0.08708333333333333 0.004166666666666667 0.010833333333333334
0 0.8513020833333333 0.08416666666666667 0.0036458333333333334 0.01
1 0.82578125 0.08375 0.0036458333333333334 0.009166666666666667
1 0.8783854166666667 0.08083333333333333 0.0036458333333333334 0.008333333333333333
1 0.9244791666666666 0.07833333333333334 0.004166666666666667 0.01
0 0.9010416666666666 0.08041666666666666 0.004166666666666667 0.010833333333333334
0 0.9635416666666666 0.07625 0.004166666666666667 0.010833333333333334