0 0.2890625 0.2920833333333333 0.020833333333333332 0.04583333333333333
0 0.4744791666666667 0.2783333333333333 0.01875 0.04
0 0.6421875 0.2625 0.016666666666666666 0.03666666666666667
0 0.7682291666666666 0.2529166666666667 0.016666666666666666 0.0325
0 0.78203125 0.24083333333333334 0.0140625 0.028333333333333332
0 0.7778645833333333 0.22791666666666666 0.008854166666666666 0.0225
0 0.7916666666666666 0.22041666666666668 0.009375 0.0175
0 0.7890625 0.21166666666666667 0.00625 0.015
0 0.8122395833333333 0.20666666666666667 0.0078125 0.016666666666666666
0 0.8744791666666667 0.20333333333333334 0.009375 0.015
0 0.9671875 0.20125 0.008333333333333333 0.015833333333333335
1 0.6166666666666667 0.3358333333333333 0.035416666666666666 0.065
1 0.9390625 0.30291666666666667 0.036458333333333336 0.05416666666666667
1 0.9815104166666667 0.23208333333333334 0.0171875 0.025833333333333333
1 0.9317708333333333 0.22083333333333333 0.013541666666666667 0.021666666666666667
1 0.9356770833333333 0.2075 0.008854166666666666 0.016666666666666666
1 0.91953125 0.21375 0.0109375 0.019166666666666665
1 0.6364583333333333 0.5466666666666666 0.08229166666666667 0.155
1 0.5166666666666667 0.5970833333333333 0.08854166666666667 0.1775
1 0.328125 0.36083333333333334 0.03958333333333333 0.07333333333333333