0 0.25807291666666665 0.5608333333333333 0.1078125 0.20333333333333334
0 0.9455729166666667 0.09208333333333334 0.009895833333333333 0.020833333333333332
0 0.8716145833333333 0.09291666666666666 0.008854166666666666 0.019166666666666665
0 0.7690104166666667 0.09208333333333334 0.005729166666666666 0.015833333333333335
0 0.73515625 0.09166666666666666 0.005729166666666666 0.013333333333333334
0 0.69765625 0.09 0.0046875 0.011666666666666667
0 0.65625 0.08916666666666667 0.005208333333333333 0.011666666666666667
1 0.85625 0.08666666666666667 0.005208333333333333 0.013333333333333334
1 0.8033854166666666 0.08625 0.0046875 0.0125
1 0.9333333333333333 0.085 0.005208333333333333 0.013333333333333334
1 0.7520833333333333 0.08458333333333333 0.004166666666666667 0.0125
1 0.7080729166666667 0.085 0.0046875 0.011666666666666667
1 0.6953125 0.08 0.004166666666666667 0.008333333333333333
1 0.68828125 0.0825 0.0036458333333333334 0.008333333333333333
1 0.6786458333333333 0.085 0.003125 0.01
1 0.6755208333333333 0.08416666666666667 0.003125 0.008333333333333333
1 0.6658854166666667 0.07958333333333334 0.0026041666666666665 0.0075
0 0.6432291666666666 0.0825 0.004166666666666667 0.01
0 0.6294270833333333 0.08416666666666667 0.0046875 0.01
1 0.6315104166666666 0.08166666666666667 0.0026041666666666665 0.008333333333333333
0 0.6221354166666667 0.0825 0.0036458333333333334 0.01
0 0.6182291666666667 0.08958333333333333 0.004166666666666667 0.010833333333333334
0 0.6119791666666666 0.08666666666666667 0.004166666666666667 0.01
0 0.6018229166666667 0.08875 0.0046875 0.010833333333333334
0 0.5924479166666666 0.08375 0.0036458333333333334 0.009166666666666667
1 0.590625 0.08333333333333333 0.0020833333333333333 0.006666666666666667
1 0.5463541666666667 0.08541666666666667 0.003125 0.0075
0 0.55546875 0.08625 0.0036458333333333334 0.009166666666666667
0 0.5166666666666667 0.08875 0.003125 0.009166666666666667
1 0.5049479166666667 0.08875 0.0026041666666666665 0.0075
0 0.4947916666666667 0.09041666666666667 0.003125 0.009166666666666667
0 0.46770833333333334 0.09416666666666666 0.004166666666666667 0.01
1 0.471875 0.09083333333333334 0.003125 0.008333333333333333
1 0.4453125 0.09416666666666666 0.003125 0.008333333333333333
0 0.440625 0.09583333333333334 0.003125 0.01
1 0.4197916666666667 0.09625 0.004166666666666667 0.0075
1 0.39505208333333336 0.09791666666666667 0.0026041666666666665 0.0075
0 0.396875 0.09875 0.004166666666666667 0.010833333333333334
1 0.3578125 0.10125 0.003125 0.0075
0 0.3533854166666667 0.10125 0.0036458333333333334 0.010833333333333334
0 0.31744791666666666 0.10416666666666667 0.0036458333333333334 0.01
1 0.3059895833333333 0.10416666666666667 0.0036458333333333334 0.008333333333333333
1 0.2638020833333333 0.1075 0.0036458333333333334 0.008333333333333333
0 0.27578125 0.10583333333333333 0.0026041666666666665 0.008333333333333333
0 0.24453125 0.10958333333333334 0.0046875 0.010833333333333334
0 0.23385416666666667 0.1125 0.00625 0.013333333333333334
0 0.22578125 0.11458333333333333 0.0046875 0.014166666666666666
1 0.19348958333333333 0.11375 0.0046875 0.009166666666666667
0 0.18385416666666668 0.11958333333333333 0.00625 0.014166666666666666
1 0.17265625 0.11666666666666667 0.0036458333333333334 0.008333333333333333
1 0.16770833333333332 0.11708333333333333 0.005208333333333333 0.009166666666666667
1 0.15911458333333334 0.11875 0.005729166666666666 0.010833333333333334
1 0.14635416666666667 0.11916666666666667 0.005208333333333333 0.011666666666666667
0 0.11510416666666666 0.12375 0.00625 0.014166666666666666
1 0.10130208333333333 0.12291666666666666 0.005729166666666666 0.010833333333333334
1 0.03854166666666667 0.12625 0.005208333333333333 0.0125
0 0.023958333333333335 0.12625 0.008333333333333333 0.014166666666666666