1 0.72734375 0.4025 0.0484375 0.09666666666666666
1 0.7364583333333333 0.25458333333333333 0.020833333333333332 0.0375
1 0.6372395833333333 0.2325 0.0140625 0.028333333333333332
1 0.5544270833333333 0.2175 0.011979166666666667 0.021666666666666667
1 0.9122395833333333 0.315 0.03697916666666667 0.06166666666666667
1 0.31692708333333336 0.22166666666666668 0.011979166666666667 0.023333333333333334
1 0.3885416666666667 0.21 0.009375 0.018333333333333333
1 0.46796875 0.19458333333333333 0.0067708333333333336 0.014166666666666666
1 0.4875 0.20125 0.008333333333333333 0.015833333333333335
1 0.5049479166666667 0.20833333333333334 0.008854166666666666 0.018333333333333333
1 0.51328125 0.19625 0.005729166666666666 0.0125
1 0.5497395833333333 0.19083333333333333 0.005729166666666666 0.013333333333333334
1 0.571875 0.18875 0.005208333333333333 0.0125
1 0.58671875 0.18625 0.005729166666666666 0.010833333333333334
1 0.534375 0.18541666666666667 0.004166666666666667 0.010833333333333334
0 0.60234375 0.20083333333333334 0.0078125 0.018333333333333333
0 0.6153645833333333 0.19666666666666666 0.0078125 0.015
0 0.6302083333333334 0.20708333333333334 0.007291666666666667 0.015833333333333335
0 0.7033854166666667 0.21541666666666667 0.0109375 0.0225
0 0.7796875 0.22541666666666665 0.013541666666666667 0.0275
0 0.9778645833333334 0.24791666666666667 0.025520833333333333 0.0375
0 0.03802083333333333 0.21833333333333332 0.014583333333333334 0.023333333333333334
0 0.17213541666666668 0.21541666666666667 0.0109375 0.0225
0 0.2760416666666667 0.20791666666666667 0.009375 0.019166666666666665
0 0.3684895833333333 0.19708333333333333 0.0078125 0.014166666666666666
0 0.4296875 0.18958333333333333 0.003125 0.0125
0 0.4671875 0.18583333333333332 0.003125 0.01
0 0.46979166666666666 0.18541666666666667 0.0020833333333333333 0.009166666666666667
0 0.4942708333333333 0.18333333333333332 0.004166666666666667 0.008333333333333333
1 0.5098958333333333 0.18875 0.003125 0.010833333333333334
1 0.5135416666666667 0.18791666666666668 0.003125 0.010833333333333334
1 0.5479166666666667 0.18333333333333332 0.003125 0.01
1 0.6059895833333333 0.18541666666666667 0.0036458333333333334 0.009166666666666667
0 0.6247395833333333 0.1925 0.0046875 0.013333333333333334
0 0.63671875 0.19041666666666668 0.0046875 0.010833333333333334
0 0.6479166666666667 0.1875 0.003125 0.008333333333333333