0 0.09322916666666667 0.5879166666666666 0.11458333333333333 0.20583333333333334
0 0.058333333333333334 0.1575 0.016666666666666666 0.03
0 0.32760416666666664 0.13583333333333333 0.0125 0.02666666666666667
0 0.4903645833333333 0.12083333333333333 0.0109375 0.025
0 0.69765625 0.10333333333333333 0.0109375 0.025
0 0.89296875 0.08625 0.011979166666666667 0.024166666666666666
1 0.09765625 0.14416666666666667 0.011979166666666667 0.023333333333333334
1 0.3184895833333333 0.12625 0.009895833333333333 0.020833333333333332
1 0.48489583333333336 0.11166666666666666 0.00625 0.02
1 0.6510416666666666 0.09875 0.008333333333333333 0.019166666666666665
1 0.8158854166666667 0.085 0.008854166666666666 0.02
1 0.9653645833333333 0.06833333333333333 0.013020833333333334 0.021666666666666667