1 0.23671875 0.6570833333333334 0.049479166666666664 0.09916666666666667
1 0.28619791666666666 0.515 0.018229166666666668 0.03833333333333333
1 0.2903645833333333 0.47833333333333333 0.011979166666666667 0.025
1 0.29348958333333336 0.46541666666666665 0.0067708333333333336 0.015833333333333335
1 0.2942708333333333 0.4575 0.005208333333333333 0.013333333333333334
0 0.7059895833333333 0.5641666666666667 0.03697916666666667 0.06333333333333334
0 0.4822916666666667 0.485 0.014583333333333334 0.028333333333333332
0 0.4200520833333333 0.46416666666666667 0.008854166666666666 0.02
0 0.3963541666666667 0.45708333333333334 0.007291666666666667 0.015833333333333335
0 0.3841145833333333 0.4529166666666667 0.0067708333333333336 0.015833333333333335
0 0.3729166666666667 0.44916666666666666 0.005208333333333333 0.013333333333333334
0 0.36380208333333336 0.44583333333333336 0.005729166666666666 0.011666666666666667
1 0.30703125 0.43833333333333335 0.0036458333333333334 0.006666666666666667
0 0.6723958333333333 0.4295833333333333 0.004166666666666667 0.009166666666666667
0 0.7138020833333333 0.43 0.0046875 0.01
0 0.8278645833333333 0.43125 0.005729166666666666 0.010833333333333334
0 0.79140625 0.43125 0.0046875 0.010833333333333334
0 0.88828125 0.43083333333333335 0.0046875 0.011666666666666667
0 0.95390625 0.43125 0.005729166666666666 0.0125
0 0.9861979166666667 0.42875 0.005729166666666666 0.010833333333333334
1 0.9270833333333334 0.42875 0.005208333333333333 0.010833333333333334
1 0.9072916666666667 0.42833333333333334 0.004166666666666667 0.01
1 0.8458333333333333 0.42916666666666664 0.004166666666666667 0.01
0 0.7575520833333333 0.43041666666666667 0.0046875 0.010833333333333334
0 0.5859375 0.4295833333333333 0.003125 0.0075
0 0.39479166666666665 0.4325 0.003125 0.008333333333333333
1 0.3223958333333333 0.43666666666666665 0.003125 0.006666666666666667
1 0.33880208333333334 0.4354166666666667 0.0036458333333333334 0.005833333333333334
1 0.36328125 0.43375 0.0026041666666666665 0.005833333333333334
0 0.35651041666666666 0.44333333333333336 0.0036458333333333334 0.01
0 0.35234375 0.44208333333333333 0.0036458333333333334 0.009166666666666667
0 0.3497395833333333 0.4395833333333333 0.0026041666666666665 0.0075
0 0.9401041666666666 0.42791666666666667 0.004166666666666667 0.010833333333333334
0 0.834375 0.42833333333333334 0.003125 0.006666666666666667
0 0.8411458333333334 0.4275 0.003125 0.006666666666666667
0 0.7661458333333333 0.4270833333333333 0.0020833333333333333 0.005833333333333334
0 0.76875 0.4270833333333333 0.0020833333333333333 0.005833333333333334
0 0.7791666666666667 0.4270833333333333 0.003125 0.0075
0 0.609375 0.42916666666666664 0.003125 0.008333333333333333
0 0.52578125 0.42916666666666664 0.0026041666666666665 0.006666666666666667
0 0.9973958333333334 0.42791666666666667 0.004166666666666667 0.009166666666666667
1 0.9463541666666667 0.42833333333333334 0.004166666666666667 0.01
1 0.8825520833333333 0.42875 0.0046875 0.010833333333333334
1 0.8541666666666666 0.42791666666666667 0.003125 0.0075
1 0.8184895833333333 0.42833333333333334 0.0036458333333333334 0.008333333333333333
1 0.8130208333333333 0.4275 0.003125 0.008333333333333333
1 0.7864583333333334 0.42833333333333334 0.003125 0.008333333333333333
1 0.74296875 0.4270833333333333 0.0026041666666666665 0.005833333333333334
1 0.48723958333333334 0.42916666666666664 0.0026041666666666665 0.006666666666666667
0 0.47942708333333334 0.43041666666666667 0.0026041666666666665 0.005833333333333334
0 0.4265625 0.4320833333333333 0.003125 0.005833333333333334
0 0.3729166666666667 0.43375 0.003125 0.0075
0 0.8002604166666667 0.4275 0.0036458333333333334 0.008333333333333333
0 0.865625 0.42791666666666667 0.003125 0.0075
0 0.453125 0.43083333333333335 0.0020833333333333333 0.006666666666666667
1 0.4552083333333333 0.43041666666666667 0.0020833333333333333 0.005833333333333334
0 0.5033854166666667 0.4295833333333333 0.0026041666666666665 0.0075
1 0.5205729166666667 0.42833333333333334 0.0026041666666666665 0.006666666666666667
1 0.5481770833333334 0.42791666666666667 0.0026041666666666665 0.005833333333333334
1 0.5799479166666667 0.4275 0.0026041666666666665 0.006666666666666667
0 0.5580729166666667 0.43 0.0026041666666666665 0.006666666666666667
1 0.60703125 0.4275 0.0026041666666666665 0.006666666666666667
1 0.65703125 0.42833333333333334 0.0026041666666666665 0.006666666666666667
1 0.6822916666666666 0.42833333333333334 0.003125 0.006666666666666667
1 0.70859375 0.42875 0.0026041666666666665 0.0075
1 0.7385416666666667 0.42875 0.003125 0.0075
1 0.73515625 0.4270833333333333 0.0026041666666666665 0.005833333333333334
1 0.8223958333333333 0.4275 0.0020833333333333333 0.006666666666666667
0 0.8078125 0.4275 0.003125 0.006666666666666667
1 0.8908854166666667 0.4275 0.0026041666666666665 0.006666666666666667
1 0.9572916666666667 0.42875 0.003125 0.010833333333333334
1 0.75234375 0.4266666666666667 0.0015625 0.005