0 0.0625 0.5241666666666667 0.10625 0.17333333333333334
0 0.89765625 0.11375 0.016145833333333335 0.0325
0 0.5888020833333333 0.12666666666666668 0.016145833333333335 0.028333333333333332
0 0.3184895833333333 0.14 0.0109375 0.02666666666666667
0 0.20755208333333333 0.14583333333333334 0.011979166666666667 0.02666666666666667
1 0.8869791666666667 0.10083333333333333 0.0125 0.025
1 0.63046875 0.11375 0.0109375 0.0225
1 0.40078125 0.12416666666666666 0.009895833333333333 0.021666666666666667
1 0.25286458333333334 0.1325 0.008854166666666666 0.021666666666666667
1 0.12994791666666666 0.14041666666666666 0.0109375 0.0225
0 0.04010416666666667 0.15583333333333332 0.0125 0.028333333333333332
1 0.019791666666666666 0.14708333333333334 0.010416666666666666 0.0225