1 0.16692708333333334 0.6845833333333333 0.0671875 0.10916666666666666
1 0.44479166666666664 0.5225 0.020833333333333332 0.043333333333333335
1 0.5338541666666666 0.4825 0.013541666666666667 0.028333333333333332
1 0.6263020833333334 0.46291666666666664 0.013020833333333334 0.0225
1 0.73828125 0.45166666666666666 0.009895833333333333 0.02
1 0.8544270833333333 0.44458333333333333 0.011979166666666667 0.020833333333333332
1 0.9677083333333333 0.4395833333333333 0.011458333333333333 0.020833333333333332
0 0.75546875 0.5295833333333333 0.025520833333333333 0.0525
0 0.7401041666666667 0.48583333333333334 0.015625 0.03333333333333333
0 0.8127604166666667 0.46791666666666665 0.015104166666666667 0.029166666666666667
0 0.9580729166666667 0.45458333333333334 0.0171875 0.029166666666666667
0 0.9640625 0.73125 0.07083333333333333 0.14916666666666667