0 0.6890625 0.44 0.004166666666666667 0.011666666666666667
0 0.7486979166666666 0.4379166666666667 0.0046875 0.010833333333333334
0 0.8088541666666667 0.43666666666666665 0.005208333333333333 0.011666666666666667
0 0.86328125 0.4354166666666667 0.005729166666666666 0.010833333333333334
0 0.9388020833333334 0.43375 0.005729166666666666 0.0125
1 0.9440104166666666 0.47625 0.0203125 0.030833333333333334
1 0.8192708333333333 0.4891666666666667 0.021875 0.03333333333333333
1 0.8354166666666667 0.4379166666666667 0.007291666666666667 0.0125
1 0.8924479166666667 0.43666666666666665 0.0067708333333333336 0.013333333333333334
1 0.94609375 0.43625 0.0067708333333333336 0.0125
1 0.76484375 0.4404166666666667 0.005729166666666666 0.0125
1 0.7002604166666667 0.44333333333333336 0.005729166666666666 0.011666666666666667
1 0.6651041666666667 0.5133333333333333 0.01875 0.041666666666666664
1 0.4588541666666667 0.59125 0.029166666666666667 0.0675
1 0.8184895833333333 0.43083333333333335 0.0026041666666666665 0.006666666666666667
0 0.7934895833333333 0.43125 0.0026041666666666665 0.0075
0 0.7231770833333333 0.43416666666666665 0.0026041666666666665 0.006666666666666667
1 0.61796875 0.44625 0.0046875 0.010833333333333334
1 0.6752604166666667 0.4354166666666667 0.0026041666666666665 0.005833333333333334
1 0.7078125 0.435 0.0020833333333333333 0.005
0 0.9078125 0.42875 0.0020833333333333333 0.005833333333333334
0 0.8580729166666666 0.43 0.0026041666666666665 0.006666666666666667
1 0.5705729166666667 0.4475 0.0036458333333333334 0.006666666666666667
0 0.6856770833333333 0.43583333333333335 0.0015625 0.006666666666666667
1 0.8739583333333333 0.43 0.0020833333333333333 0.005
0 0.6174479166666667 0.43833333333333335 0.0026041666666666665 0.006666666666666667
1 0.625 0.43625 0.0020833333333333333 0.004166666666666667
1 0.9744791666666667 0.42625 0.0020833333333333333 0.005833333333333334
0 0.9869791666666666 0.42625 0.0020833333333333333 0.005833333333333334
1 0.9205729166666666 0.42833333333333334 0.0015625 0.005
1 0.6502604166666667 0.43583333333333335 0.0015625 0.005
0 0.6486979166666667 0.4375 0.0015625 0.0033333333333333335
1 0.6033854166666667 0.4370833333333333 0.0015625 0.004166666666666667
1 0.9580729166666667 0.42541666666666667 0.0015625 0.004166666666666667