1 0.37994791666666666 0.5545833333333333 0.028645833333333332 0.060833333333333336
1 0.609375 0.49333333333333335 0.019791666666666666 0.03666666666666667
1 0.71015625 0.47208333333333335 0.013020833333333334 0.0275
1 0.80546875 0.46 0.0109375 0.021666666666666667
1 0.8744791666666667 0.4529166666666667 0.010416666666666666 0.020833333333333332
1 0.9184895833333333 0.44666666666666666 0.009895833333333333 0.018333333333333333
1 0.9966145833333333 0.44458333333333333 0.0067708333333333336 0.015833333333333335
0 0.9625 0.4995833333333333 0.023958333333333335 0.03916666666666667
0 0.93125 0.5329166666666667 0.034375 0.05416666666666667
0 0.9223958333333333 0.6208333333333333 0.06041666666666667 0.09333333333333334
0 0.8578125 0.4320833333333333 0.005208333333333333 0.010833333333333334
0 0.7796875 0.43333333333333335 0.005208333333333333 0.01
0 0.7588541666666667 0.4295833333333333 0.003125 0.0075
0 0.7229166666666667 0.43333333333333335 0.004166666666666667 0.01
0 0.6393229166666666 0.43333333333333335 0.0046875 0.008333333333333333
0 0.6052083333333333 0.43125 0.003125 0.0075
0 0.56953125 0.43291666666666667 0.0036458333333333334 0.0075
0 0.6973958333333333 0.4295833333333333 0.003125 0.0075
0 0.809375 0.42791666666666667 0.003125 0.0075
0 0.9317708333333333 0.43 0.004166666666666667 0.01
0 0.9559895833333333 0.42583333333333334 0.0036458333333333334 0.008333333333333333
1 0.8666666666666667 0.43333333333333335 0.005208333333333333 0.01
1 0.6807291666666667 0.42916666666666664 0.003125 0.006666666666666667
1 0.7375 0.42791666666666667 0.003125 0.005833333333333334
1 0.70078125 0.43416666666666665 0.0036458333333333334 0.01
1 0.6205729166666667 0.43 0.0026041666666666665 0.006666666666666667
1 0.5330729166666667 0.43166666666666664 0.0026041666666666665 0.006666666666666667
1 0.5497395833333333 0.43125 0.0026041666666666665 0.005833333333333334
1 0.546875 0.43375 0.003125 0.0075
1 0.51875 0.43375 0.003125 0.0075
1 0.52109375 0.4320833333333333 0.0026041666666666665 0.0075
1 0.5880208333333333 0.43375 0.003125 0.009166666666666667
1 0.7744791666666667 0.43416666666666665 0.004166666666666667 0.01
1 0.7846354166666667 0.42791666666666667 0.0026041666666666665 0.005833333333333334
0 0.9036458333333334 0.42625 0.003125 0.0075
0 0.6341145833333334 0.43125 0.0036458333333333334 0.0075
1 0.6453125 0.4345833333333333 0.004166666666666667 0.009166666666666667
1 0.9260416666666667 0.4320833333333333 0.005208333333333333 0.010833333333333334
0 0.5768229166666666 0.43291666666666667 0.0026041666666666665 0.005833333333333334
0 0.5908854166666667 0.43375 0.0026041666666666665 0.0075
1 0.8354166666666667 0.42791666666666667 0.003125 0.005833333333333334
1 0.8778645833333333 0.4270833333333333 0.0026041666666666665 0.005833333333333334
1 0.97421875 0.42583333333333334 0.0026041666666666665 0.006666666666666667