0 0.9174479166666667 0.7379166666666667 0.0953125 0.14583333333333334
0 0.6611979166666667 0.52375 0.021354166666666667 0.0425
0 0.63984375 0.49166666666666664 0.013020833333333334 0.03
0 0.6265625 0.47458333333333336 0.009375 0.0225
0 0.6364583333333333 0.46375 0.008333333333333333 0.019166666666666665
0 0.65625 0.45708333333333334 0.007291666666666667 0.014166666666666666
0 0.7033854166666667 0.4508333333333333 0.0067708333333333336 0.013333333333333334
0 0.78203125 0.44708333333333333 0.0078125 0.014166666666666666
0 0.8518229166666667 0.4454166666666667 0.0067708333333333336 0.015833333333333335
1 0.8263020833333333 0.44083333333333335 0.005729166666666666 0.011666666666666667
1 0.7572916666666667 0.44375 0.00625 0.014166666666666666
1 0.6864583333333333 0.44666666666666666 0.005208333333333333 0.013333333333333334
1 0.61875 0.4508333333333333 0.00625 0.013333333333333334
1 0.5669270833333333 0.45666666666666667 0.0067708333333333336 0.015
1 0.5291666666666667 0.46541666666666665 0.007291666666666667 0.015833333333333335
1 0.4822916666666667 0.47791666666666666 0.009375 0.0225
1 0.39375 0.5320833333333334 0.022916666666666665 0.04083333333333333
1 0.44114583333333335 0.4970833333333333 0.013541666666666667 0.029166666666666667
1 0.9213541666666667 0.4379166666666667 0.007291666666666667 0.0125
0 0.9375 0.44208333333333333 0.009375 0.0175