1 0.39453125 0.5270833333333333 0.021354166666666667 0.04416666666666667
1 0.4630208333333333 0.4791666666666667 0.011458333333333333 0.02666666666666667
1 0.4942708333333333 0.46 0.009375 0.018333333333333333
1 0.5088541666666667 0.4508333333333333 0.00625 0.015
1 0.5278645833333333 0.44458333333333333 0.005729166666666666 0.0125
1 0.5388020833333333 0.44 0.0046875 0.011666666666666667
0 0.60859375 0.44458333333333333 0.005729166666666666 0.010833333333333334
0 0.6153645833333333 0.45166666666666666 0.0067708333333333336 0.013333333333333334
0 0.6236979166666666 0.45916666666666667 0.0078125 0.018333333333333333
0 0.646875 0.48 0.0125 0.02666666666666667
0 0.6981770833333333 0.5291666666666667 0.022395833333333334 0.04666666666666667
1 0.5427083333333333 0.43625 0.003125 0.009166666666666667
1 0.54921875 0.43416666666666665 0.0036458333333333334 0.008333333333333333
1 0.5546875 0.4320833333333333 0.003125 0.0075
0 0.6036458333333333 0.4395833333333333 0.004166666666666667 0.009166666666666667
1 0.5700520833333333 0.43125 0.0036458333333333334 0.0075
1 0.5986979166666667 0.43 0.0026041666666666665 0.006666666666666667
0 0.6 0.43666666666666665 0.003125 0.006666666666666667
0 0.6223958333333334 0.43083333333333335 0.003125 0.006666666666666667
0 0.653125 0.43041666666666667 0.003125 0.005833333333333334
1 0.6322916666666667 0.4295833333333333 0.003125 0.005833333333333334
1 0.66171875 0.4295833333333333 0.0036458333333333334 0.005833333333333334
1 0.7 0.4295833333333333 0.003125 0.005833333333333334
1 0.7466145833333333 0.43041666666666667 0.0026041666666666665 0.005833333333333334
1 0.78359375 0.43125 0.0036458333333333334 0.0075
1 0.8166666666666667 0.43125 0.004166666666666667 0.0075
1 0.85234375 0.4320833333333333 0.0046875 0.009166666666666667
1 0.89140625 0.43166666666666664 0.0046875 0.008333333333333333
1 0.9411458333333333 0.43291666666666667 0.005208333333333333 0.009166666666666667
0 0.97734375 0.435 0.0067708333333333336 0.011666666666666667
0 0.8692708333333333 0.43416666666666665 0.005208333333333333 0.01
0 0.8247395833333333 0.43291666666666667 0.0036458333333333334 0.009166666666666667
0 0.7796875 0.43166666666666664 0.003125 0.006666666666666667
0 0.7434895833333334 0.43166666666666664 0.0026041666666666665 0.006666666666666667
0 0.6958333333333333 0.43041666666666667 0.003125 0.0075
0 0.6020833333333333 0.43291666666666667 0.003125 0.0075