0 0.6953125 0.39875 0.07083333333333333 0.14083333333333334
0 0.15755208333333334 0.195 0.022395833333333334 0.04666666666666667
0 0.44817708333333334 0.16125 0.019270833333333334 0.03916666666666667
0 0.5856770833333333 0.13916666666666666 0.013020833333333334 0.03333333333333333
0 0.6171875 0.12375 0.013541666666666667 0.029166666666666667
0 0.5721354166666667 0.11833333333333333 0.011979166666666667 0.02666666666666667
0 0.5057291666666667 0.115 0.009375 0.021666666666666667
0 0.46119791666666665 0.11375 0.009895833333333333 0.020833333333333332
0 0.44817708333333334 0.11083333333333334 0.0078125 0.016666666666666666
0 0.48880208333333336 0.105 0.0078125 0.015
0 0.5596354166666667 0.09791666666666667 0.0067708333333333336 0.015833333333333335
1 0.1203125 0.17125 0.017708333333333333 0.034166666666666665
1 0.29661458333333335 0.15416666666666667 0.0171875 0.03
1 0.39947916666666666 0.14083333333333334 0.013541666666666667 0.02666666666666667
1 0.3875 0.13416666666666666 0.011458333333333333 0.025
1 0.3580729166666667 0.12833333333333333 0.009895833333333333 0.021666666666666667
1 0.328125 0.12625 0.009375 0.019166666666666665
1 0.33515625 0.12 0.0078125 0.016666666666666666
1 0.37526041666666665 0.11291666666666667 0.008854166666666666 0.0175
1 0.42942708333333335 0.10625 0.0067708333333333336 0.014166666666666666
1 0.59296875 0.09208333333333334 0.0067708333333333336 0.014166666666666666
1 0.6645833333333333 0.08666666666666667 0.00625 0.015
1 0.69609375 0.08375 0.005729166666666666 0.014166666666666666
1 0.7065104166666667 0.08041666666666666 0.005729166666666666 0.0125
0 0.7236979166666667 0.0875 0.0067708333333333336 0.016666666666666666
0 0.7815104166666667 0.08166666666666667 0.0067708333333333336 0.016666666666666666
0 0.79296875 0.07833333333333334 0.005729166666666666 0.015
0 0.6356770833333333 0.09333333333333334 0.0067708333333333336 0.015
1 0.4986979166666667 0.09958333333333333 0.0067708333333333336 0.014166666666666666
1 0.7567708333333333 0.07416666666666667 0.005208333333333333 0.01
0 0.8028645833333333 0.07458333333333333 0.0067708333333333336 0.014166666666666666
0 0.81171875 0.07208333333333333 0.005729166666666666 0.0125
0 0.8572916666666667 0.06708333333333333 0.005208333333333333 0.0125
0 0.92734375 0.0625 0.005729166666666666 0.011666666666666667
1 0.8825520833333333 0.06416666666666666 0.0046875 0.01