0 0.7796875 0.12041666666666667 0.007291666666666667 0.0275
0 0.6190104166666667 0.12 0.005729166666666666 0.02
0 0.5989583333333334 0.11458333333333333 0.007291666666666667 0.015833333333333335
0 0.6145833333333334 0.10708333333333334 0.005208333333333333 0.014166666666666666
1 0.80859375 0.10708333333333334 0.0078125 0.0225
1 0.75625 0.10625 0.005208333333333333 0.020833333333333332
0 0.2520833333333333 0.135 0.007291666666666667 0.018333333333333333
0 0.3494791666666667 0.12416666666666666 0.00625 0.015
0 0.4200520833333333 0.11375 0.0046875 0.015833333333333335
0 0.465625 0.11041666666666666 0.005208333333333333 0.014166666666666666
0 0.08098958333333334 0.14791666666666667 0.0109375 0.020833333333333332
0 0.23854166666666668 0.12208333333333334 0.00625 0.0125
0 0.26666666666666666 0.11958333333333333 0.004166666666666667 0.0125
0 0.27578125 0.11875 0.0036458333333333334 0.0125
1 0.08697916666666666 0.1425 0.007291666666666667 0.018333333333333333
1 0.17135416666666667 0.13583333333333333 0.008333333333333333 0.016666666666666666
1 0.2171875 0.12416666666666666 0.00625 0.011666666666666667
1 0.20416666666666666 0.12375 0.004166666666666667 0.009166666666666667
1 0.25807291666666665 0.12791666666666668 0.0078125 0.0175
1 0.2721354166666667 0.12166666666666667 0.0046875 0.011666666666666667
1 0.315625 0.12 0.00625 0.016666666666666666
1 0.32786458333333335 0.11833333333333333 0.005729166666666666 0.011666666666666667
1 0.35520833333333335 0.11791666666666667 0.005208333333333333 0.014166666666666666
1 0.36770833333333336 0.11666666666666667 0.005208333333333333 0.011666666666666667
0 0.39114583333333336 0.11291666666666667 0.005208333333333333 0.014166666666666666
0 0.30859375 0.11666666666666667 0.0036458333333333334 0.011666666666666667
0 0.33125 0.11625 0.003125 0.0125
0 0.33932291666666664 0.11291666666666667 0.0036458333333333334 0.009166666666666667
0 0.34609375 0.11291666666666667 0.0036458333333333334 0.009166666666666667
1 0.2947916666666667 0.11708333333333333 0.003125 0.009166666666666667
1 0.30442708333333335 0.11666666666666667 0.0036458333333333334 0.01
1 0.8510416666666667 0.09791666666666667 0.005208333333333333 0.015833333333333335
1 0.9361979166666666 0.10166666666666667 0.008854166666666666 0.023333333333333334
0 0.9481770833333333 0.11541666666666667 0.009895833333333333 0.025833333333333333
0 0.69296875 0.10166666666666667 0.005729166666666666 0.018333333333333333
0 0.7744791666666667 0.09708333333333333 0.004166666666666667 0.015833333333333335
1 0.7817708333333333 0.09958333333333333 0.004166666666666667 0.015833333333333335
1 0.5955729166666667 0.1025 0.0026041666666666665 0.008333333333333333
1 0.6630208333333333 0.0975 0.003125 0.008333333333333333
0 0.6731770833333334 0.09666666666666666 0.0036458333333333334 0.011666666666666667
0 0.4361979166666667 0.11166666666666666 0.0046875 0.015
0 0.42942708333333335 0.10916666666666666 0.0036458333333333334 0.008333333333333333
0 0.49375 0.10583333333333333 0.004166666666666667 0.01
0 0.5065104166666666 0.10583333333333333 0.0036458333333333334 0.01
0 0.5369791666666667 0.10458333333333333 0.003125 0.009166666666666667
1 0.5223958333333333 0.10416666666666667 0.003125 0.008333333333333333
1 0.48984375 0.10666666666666667 0.0026041666666666665 0.006666666666666667
1 0.5432291666666667 0.10333333333333333 0.004166666666666667 0.01