1 0.28046875 0.5904166666666667 0.04010416666666667 0.06416666666666666
1 0.3875 0.52 0.020833333333333332 0.03833333333333333
1 0.49166666666666664 0.49333333333333335 0.015625 0.028333333333333332
1 0.5252604166666667 0.47708333333333336 0.009895833333333333 0.0225
1 0.5479166666666667 0.46875 0.008333333333333333 0.019166666666666665
1 0.55859375 0.46125 0.0067708333333333336 0.0175
1 0.58046875 0.4529166666666667 0.0067708333333333336 0.014166666666666666
1 0.59453125 0.4425 0.0036458333333333334 0.01
1 0.6044270833333333 0.4483333333333333 0.005729166666666666 0.011666666666666667
1 0.5203125 0.44875 0.004166666666666667 0.010833333333333334
1 0.4640625 0.4558333333333333 0.005208333333333333 0.011666666666666667
1 0.3919270833333333 0.46291666666666664 0.005729166666666666 0.014166666666666666
1 0.6265625 0.44583333333333336 0.004166666666666667 0.011666666666666667
1 0.6375 0.4429166666666667 0.004166666666666667 0.010833333333333334
1 0.6296875 0.44125 0.004166666666666667 0.010833333333333334
1 0.32447916666666665 0.4708333333333333 0.007291666666666667 0.015
1 0.1875 0.485 0.009375 0.018333333333333333
1 0.028645833333333332 0.5 0.011458333333333333 0.02
0 0.10416666666666667 0.4870833333333333 0.010416666666666666 0.0175
0 0.21041666666666667 0.47791666666666666 0.008333333333333333 0.015833333333333335
0 0.31927083333333334 0.4675 0.00625 0.013333333333333334
0 0.396875 0.4575 0.005208333333333333 0.011666666666666667
0 0.7481770833333333 0.5808333333333333 0.0421875 0.07
0 0.6890625 0.5229166666666667 0.021875 0.04416666666666667
0 0.73828125 0.48583333333333334 0.0171875 0.03
0 0.70078125 0.4691666666666667 0.009895833333333333 0.023333333333333334
0 0.6794270833333333 0.45916666666666667 0.009895833333333333 0.018333333333333333
0 0.68984375 0.45166666666666666 0.0078125 0.015
0 0.7075520833333333 0.4475 0.0078125 0.013333333333333334
0 0.7231770833333333 0.44333333333333336 0.005729166666666666 0.013333333333333334
0 0.7697916666666667 0.43041666666666667 0.004166666666666667 0.009166666666666667
0 0.9223958333333333 0.42083333333333334 0.003125 0.008333333333333333
0 0.8828125 0.4220833333333333 0.003125 0.0075
0 0.85234375 0.4270833333333333 0.0036458333333333334 0.009166666666666667
0 0.8567708333333334 0.42583333333333334 0.003125 0.008333333333333333
0 0.8489583333333334 0.42375 0.003125 0.0075
0 0.8192708333333333 0.42875 0.004166666666666667 0.009166666666666667
0 0.7088541666666667 0.4379166666666667 0.004166666666666667 0.010833333333333334
0 0.72109375 0.4395833333333333 0.0036458333333333334 0.010833333333333334
0 0.6627604166666666 0.43666666666666665 0.0036458333333333334 0.008333333333333333
0 0.6161458333333333 0.43875 0.004166666666666667 0.009166666666666667
0 0.20833333333333334 0.46541666666666665 0.004166666666666667 0.009166666666666667
0 0.2755208333333333 0.45916666666666667 0.003125 0.008333333333333333
0 0.33697916666666666 0.45416666666666666 0.004166666666666667 0.008333333333333333
0 0.37135416666666665 0.4508333333333333 0.003125 0.008333333333333333
0 0.5015625 0.4475 0.004166666666666667 0.01
0 0.55859375 0.4425 0.0036458333333333334 0.01
0 0.1046875 0.47458333333333336 0.005208333333333333 0.010833333333333334
1 0.86796875 0.4216666666666667 0.0026041666666666665 0.006666666666666667
1 0.8369791666666667 0.42333333333333334 0.0020833333333333333 0.006666666666666667
1 0.81328125 0.4245833333333333 0.0026041666666666665 0.0075
1 0.7986979166666667 0.42625 0.0026041666666666665 0.0075
1 0.79453125 0.4270833333333333 0.0026041666666666665 0.0075
1 0.7872395833333333 0.42791666666666667 0.0026041666666666665 0.0075
1 0.7552083333333334 0.42833333333333334 0.003125 0.008333333333333333
1 0.08072916666666667 0.47458333333333336 0.004166666666666667 0.009166666666666667
1 0.18151041666666667 0.46625 0.0046875 0.009166666666666667
1 0.24765625 0.46041666666666664 0.0036458333333333334 0.0075
1 0.3072916666666667 0.4554166666666667 0.003125 0.0075
1 0.5552083333333333 0.445 0.003125 0.01
1 0.6528645833333333 0.43291666666666667 0.0026041666666666665 0.0075
1 0.90703125 0.42083333333333334 0.0026041666666666665 0.006666666666666667
0 0.4505208333333333 0.44333333333333336 0.0020833333333333333 0.006666666666666667
0 0.41380208333333335 0.44708333333333333 0.0026041666666666665 0.0075
0 0.9622395833333334 0.4195833333333333 0.0036458333333333334 0.009166666666666667
0 0.46067708333333335 0.45125 0.0036458333333333334 0.009166666666666667
0 0.7106770833333333 0.43083333333333335 0.0026041666666666665 0.006666666666666667
0 0.6234375 0.435 0.003125 0.008333333333333333
0 0.6033854166666667 0.43416666666666665 0.0026041666666666665 0.006666666666666667
0 0.5981770833333333 0.4345833333333333 0.0015625 0.005833333333333334
0 0.58828125 0.43375 0.0026041666666666665 0.005833333333333334
1 0.7153645833333333 0.43041666666666667 0.0026041666666666665 0.0075
1 0.6799479166666667 0.4325 0.0026041666666666665 0.006666666666666667
1 0.6416666666666667 0.43291666666666667 0.0020833333333333333 0.005833333333333334
1 0.6359375 0.4320833333333333 0.0020833333333333333 0.005833333333333334
1 0.63828125 0.4320833333333333 0.0015625 0.005833333333333334
1 0.63984375 0.4320833333333333 0.0015625 0.005833333333333334
1 0.5921875 0.43333333333333335 0.0020833333333333333 0.005
1 0.5739583333333333 0.43416666666666665 0.0020833333333333333 0.005
0 0.5705729166666667 0.4345833333333333 0.0015625 0.005833333333333334
0 0.546875 0.43583333333333335 0.0020833333333333333 0.006666666666666667
1 0.5489583333333333 0.435 0.0020833333333333333 0.006666666666666667
1 0.52265625 0.4370833333333333 0.0026041666666666665 0.005833333333333334
1 0.5028645833333333 0.43875 0.0026041666666666665 0.005833333333333334
0 0.5072916666666667 0.43875 0.0020833333333333333 0.005833333333333334
0 0.5263020833333333 0.4375 0.0026041666666666665 0.006666666666666667
1 0.48046875 0.4404166666666667 0.0015625 0.005833333333333334
0 0.484375 0.44083333333333335 0.0020833333333333333 0.006666666666666667
1 0.45546875 0.44208333333333333 0.0015625 0.005833333333333334
1 0.42552083333333335 0.4454166666666667 0.0020833333333333333 0.005833333333333334
1 0.3893229166666667 0.44875 0.0026041666666666665 0.005833333333333334
1 0.34869791666666666 0.45208333333333334 0.0026041666666666665 0.005833333333333334
0 0.6 0.435 0.0020833333333333333 0.006666666666666667
0 0.66171875 0.4320833333333333 0.0015625 0.005833333333333334
1 0.6294270833333333 0.43166666666666664 0.0015625 0.005
1 0.6111979166666667 0.4325 0.0015625 0.005