1 0.9450520833333333 0.43833333333333335 0.0078125 0.013333333333333334
1 0.8114583333333333 0.44125 0.00625 0.0125
1 0.7013020833333333 0.4425 0.005729166666666666 0.011666666666666667
1 0.6044270833333333 0.44375 0.0046875 0.010833333333333334
1 0.4953125 0.4454166666666667 0.004166666666666667 0.010833333333333334
1 0.40208333333333335 0.44708333333333333 0.004166666666666667 0.010833333333333334
1 0.2986979166666667 0.44958333333333333 0.0046875 0.010833333333333334
1 0.19479166666666667 0.45208333333333334 0.005208333333333333 0.009166666666666667
1 0.11875 0.45416666666666666 0.005208333333333333 0.01
1 0.04635416666666667 0.4558333333333333 0.00625 0.011666666666666667
0 0.07109375 0.45958333333333334 0.0078125 0.014166666666666666
0 0.8354166666666667 0.445 0.008333333333333333 0.015
0 0.6958333333333333 0.44708333333333333 0.007291666666666667 0.014166666666666666
0 0.4747395833333333 0.45 0.005729166666666666 0.013333333333333334
0 0.37083333333333335 0.45208333333333334 0.00625 0.0125
0 0.25104166666666666 0.45458333333333334 0.005208333333333333 0.0125
0 0.12786458333333334 0.4579166666666667 0.0067708333333333336 0.014166666666666666
0 0.153125 0.5425 0.03333333333333333 0.05
0 0.3763020833333333 0.5608333333333333 0.0328125 0.06
0 0.9471354166666667 0.6670833333333334 0.06927083333333334 0.1175