1 0.3658854166666667 0.57125 0.06510416666666667 0.12083333333333333
1 0.7838541666666666 0.44583333333333336 0.03229166666666667 0.06
1 0.9325520833333333 0.40458333333333335 0.0234375 0.04083333333333333
1 0.9924479166666667 0.39 0.0140625 0.03
1 0.13697916666666668 0.3775 0.026041666666666668 0.043333333333333335
1 0.30130208333333336 0.3675 0.022395833333333334 0.03666666666666667
1 0.43671875 0.3566666666666667 0.0140625 0.03
1 0.53203125 0.34375 0.011979166666666667 0.0225
1 0.565625 0.3375 0.010416666666666666 0.02
1 0.5955729166666667 0.3329166666666667 0.0078125 0.0175
1 0.6177083333333333 0.33 0.008333333333333333 0.015
0 0.1421875 0.3475 0.014583333333333334 0.03
0 0.28802083333333334 0.34291666666666665 0.014583333333333334 0.025833333333333333
0 0.40546875 0.335 0.011979166666666667 0.021666666666666667
0 0.459375 0.3283333333333333 0.009375 0.018333333333333333
0 0.49192708333333335 0.325 0.0067708333333333336 0.015
0 0.5572916666666666 0.3229166666666667 0.007291666666666667 0.014166666666666666
0 0.5705729166666667 0.32083333333333336 0.0046875 0.011666666666666667
1 0.584375 0.31166666666666665 0.003125 0.006666666666666667
0 0.5854166666666667 0.31875 0.005208333333333333 0.010833333333333334
0 0.58828125 0.31375 0.0036458333333333334 0.009166666666666667
0 0.5940104166666667 0.31583333333333335 0.005729166666666666 0.011666666666666667
1 0.6161458333333333 0.31333333333333335 0.004166666666666667 0.008333333333333333
1 0.64140625 0.31583333333333335 0.0046875 0.008333333333333333
1 0.653125 0.31708333333333333 0.004166666666666667 0.009166666666666667
1 0.6614583333333334 0.32166666666666666 0.005208333333333333 0.013333333333333334
1 0.6565104166666667 0.3254166666666667 0.0046875 0.0125
1 0.6546875 0.32916666666666666 0.007291666666666667 0.013333333333333334
0 0.5703125 0.3125 0.004166666666666667 0.008333333333333333
0 0.54375 0.31 0.004166666666666667 0.01
1 0.5510416666666667 0.31 0.003125 0.006666666666666667
0 0.5096354166666667 0.30833333333333335 0.0036458333333333334 0.008333333333333333
0 0.47630208333333335 0.30791666666666667 0.0036458333333333334 0.0075
1 0.47109375 0.30666666666666664 0.0036458333333333334 0.006666666666666667
1 0.42916666666666664 0.30625 0.003125 0.0075
0 0.4375 0.3070833333333333 0.004166666666666667 0.009166666666666667
0 0.3927083333333333 0.30625 0.004166666666666667 0.009166666666666667
1 0.3802083333333333 0.30583333333333335 0.003125 0.006666666666666667
0 0.34765625 0.30583333333333335 0.0036458333333333334 0.008333333333333333
0 0.30364583333333334 0.30583333333333335 0.004166666666666667 0.008333333333333333
0 0.23046875 0.3045833333333333 0.0046875 0.010833333333333334
0 0.17213541666666668 0.30416666666666664 0.0036458333333333334 0.008333333333333333
1 0.190625 0.3025 0.004166666666666667 0.01
1 0.11979166666666667 0.30125 0.005208333333333333 0.009166666666666667
0 0.10026041666666667 0.3016666666666667 0.0036458333333333334 0.008333333333333333
1 0.2869791666666667 0.30416666666666664 0.004166666666666667 0.008333333333333333
1 0.33203125 0.3045833333333333 0.0036458333333333334 0.0075