1 0.8401041666666667 0.4504166666666667 0.005208333333333333 0.010833333333333334
1 0.8158854166666667 0.45375 0.005729166666666666 0.0125
1 0.8026041666666667 0.45666666666666667 0.007291666666666667 0.013333333333333334
1 0.7817708333333333 0.45958333333333334 0.007291666666666667 0.014166666666666666
1 0.7580729166666667 0.46416666666666667 0.0078125 0.016666666666666666
1 0.6986979166666667 0.46875 0.008854166666666666 0.0175
1 0.66953125 0.47833333333333333 0.009895833333333333 0.021666666666666667
1 0.61484375 0.4925 0.013020833333333334 0.028333333333333332
1 0.5119791666666667 0.5258333333333334 0.017708333333333333 0.04
1 0.33489583333333334 0.6116666666666667 0.0375 0.07666666666666666
0 0.9825520833333333 0.45 0.0078125 0.013333333333333334
0 0.953125 0.4529166666666667 0.007291666666666667 0.014166666666666666
0 0.9434895833333333 0.46958333333333335 0.008854166666666666 0.020833333333333332
0 0.8729166666666667 0.47625 0.007291666666666667 0.024166666666666666
0 0.8671875 0.4866666666666667 0.0125 0.028333333333333332
0 0.8559895833333333 0.5066666666666667 0.0171875 0.03666666666666667
0 0.8705729166666667 0.5645833333333333 0.03177083333333333 0.060833333333333336
0 0.975 0.69875 0.05 0.1225
0 0.9328125 0.46166666666666667 0.007291666666666667 0.018333333333333333
0 0.9283854166666666 0.45625 0.0046875 0.015833333333333335
1 0.8684895833333334 0.44875 0.005729166666666666 0.010833333333333334
1 0.8942708333333333 0.4475 0.00625 0.01
1 0.9033854166666667 0.44458333333333333 0.0046875 0.009166666666666667
1 0.9098958333333333 0.44583333333333336 0.00625 0.01
1 0.8231770833333333 0.4454166666666667 0.0046875 0.009166666666666667
1 0.7877604166666666 0.44666666666666666 0.0046875 0.008333333333333333
1 0.73671875 0.44875 0.0046875 0.009166666666666667
0 0.7700520833333333 0.4454166666666667 0.0046875 0.010833333333333334
1 0.6794270833333333 0.4508333333333333 0.005729166666666666 0.01
1 0.6333333333333333 0.4525 0.005208333333333333 0.011666666666666667
0 0.6247395833333333 0.45208333333333334 0.0046875 0.009166666666666667
0 0.5580729166666667 0.45458333333333334 0.0046875 0.010833333333333334
1 0.5544270833333333 0.4554166666666667 0.0046875 0.010833333333333334
1 0.48203125 0.4575 0.0036458333333333334 0.01
1 0.421875 0.45875 0.005208333333333333 0.0125
0 0.503125 0.45458333333333334 0.005208333333333333 0.010833333333333334
0 0.47630208333333335 0.4508333333333333 0.0046875 0.008333333333333333
0 0.41510416666666666 0.4579166666666667 0.005208333333333333 0.010833333333333334
0 0.41041666666666665 0.4533333333333333 0.003125 0.008333333333333333
0 0.37838541666666664 0.4554166666666667 0.0046875 0.009166666666666667
0 0.35989583333333336 0.45875 0.005208333333333333 0.010833333333333334
0 0.3450520833333333 0.45666666666666667 0.0046875 0.01
0 0.3359375 0.45875 0.005208333333333333 0.010833333333333334
1 0.2713541666666667 0.46125 0.004166666666666667 0.009166666666666667
1 0.2765625 0.45958333333333334 0.004166666666666667 0.009166666666666667
1 0.2921875 0.4579166666666667 0.004166666666666667 0.009166666666666667
1 0.30520833333333336 0.4608333333333333 0.004166666666666667 0.011666666666666667
1 0.31328125 0.45708333333333334 0.0046875 0.009166666666666667
1 0.35520833333333335 0.46 0.005208333333333333 0.011666666666666667
1 0.34791666666666665 0.4554166666666667 0.003125 0.0075
1 0.3963541666666667 0.45375 0.003125 0.0075
1 0.459375 0.4508333333333333 0.003125 0.008333333333333333
1 0.5143229166666666 0.44875 0.0036458333333333334 0.0075
0 0.8296875 0.44375 0.004166666666666667 0.009166666666666667
0 0.73359375 0.44666666666666666 0.0036458333333333334 0.008333333333333333
0 0.534375 0.44875 0.003125 0.0075
0 0.5783854166666667 0.44708333333333333 0.0026041666666666665 0.0075
0 0.9505208333333334 0.44208333333333333 0.004166666666666667 0.009166666666666667
1 0.5984375 0.44625 0.0020833333333333333 0.005833333333333334
1 0.6645833333333333 0.44333333333333336 0.003125 0.006666666666666667
0 0.6515625 0.445 0.003125 0.006666666666666667
0 0.6234375 0.44458333333333333 0.0020833333333333333 0.005833333333333334
0 0.6875 0.44333333333333336 0.003125 0.006666666666666667
0 0.721875 0.4425 0.003125 0.006666666666666667
1 0.69765625 0.4429166666666667 0.0026041666666666665 0.005833333333333334
1 0.7260416666666667 0.44166666666666665 0.0020833333333333333 0.005
1 0.7747395833333334 0.4404166666666667 0.0026041666666666665 0.005833333333333334
0 0.7552083333333334 0.44125 0.0020833333333333333 0.005833333333333334
0 0.7799479166666666 0.44083333333333335 0.0026041666666666665 0.006666666666666667
0 0.8005208333333333 0.4404166666666667 0.003125 0.005833333333333334
1 0.796875 0.4395833333333333 0.0020833333333333333 0.004166666666666667
1 0.8661458333333333 0.4429166666666667 0.004166666666666667 0.0125
0 0.8528645833333334 0.43833333333333335 0.0026041666666666665 0.006666666666666667
0 0.8744791666666667 0.43833333333333335 0.003125 0.006666666666666667
0 0.884375 0.4395833333333333 0.003125 0.0075
0 0.9122395833333333 0.44 0.0036458333333333334 0.008333333333333333
0 0.9611979166666667 0.4395833333333333 0.0046875 0.009166666666666667
1 0.9885416666666667 0.43833333333333335 0.004166666666666667 0.008333333333333333
1 0.9390625 0.43833333333333335 0.003125 0.006666666666666667
1 0.6309895833333333 0.445 0.0015625 0.005