0 0.8848958333333333 0.4675 0.015625 0.028333333333333332
0 0.7140625 0.56125 0.036458333333333336 0.06583333333333333
0 0.6947916666666667 0.4691666666666667 0.011458333333333333 0.023333333333333334
1 0.8583333333333333 0.45166666666666666 0.011458333333333333 0.021666666666666667
1 0.7401041666666667 0.45458333333333334 0.009375 0.0175
1 0.6653645833333334 0.45416666666666666 0.008854166666666666 0.015
0 0.58125 0.4683333333333333 0.009375 0.018333333333333333
0 0.43828125 0.5525 0.0265625 0.051666666666666666
0 0.5369791666666667 0.46166666666666667 0.008333333333333333 0.015
0 0.15026041666666667 0.56625 0.028645833333333332 0.04583333333333333
0 0.5427083333333333 0.45666666666666667 0.00625 0.013333333333333334
0 0.5619791666666667 0.45125 0.005208333333333333 0.0125
0 0.5708333333333333 0.4475 0.005208333333333333 0.011666666666666667
1 0.63984375 0.45125 0.0067708333333333336 0.014166666666666666
1 0.6375 0.4479166666666667 0.004166666666666667 0.0125
1 0.6356770833333333 0.445 0.0036458333333333334 0.011666666666666667
1 0.6330729166666667 0.4429166666666667 0.0036458333333333334 0.010833333333333334
1 0.6236979166666666 0.44125 0.0046875 0.010833333333333334
1 0.5924479166666666 0.44166666666666665 0.0046875 0.01
0 0.13020833333333334 0.4920833333333333 0.00625 0.014166666666666666
0 0.2515625 0.47708333333333336 0.004166666666666667 0.010833333333333334
0 0.34427083333333336 0.46541666666666665 0.003125 0.009166666666666667
0 0.39947916666666666 0.45875 0.003125 0.009166666666666667
0 0.44192708333333336 0.45416666666666666 0.0026041666666666665 0.006666666666666667
0 0.48046875 0.44958333333333333 0.0036458333333333334 0.0075
0 0.5208333333333334 0.44708333333333333 0.003125 0.0075
0 0.54765625 0.44625 0.0026041666666666665 0.009166666666666667
1 0.5622395833333333 0.4429166666666667 0.0026041666666666665 0.0075
1 0.5325520833333334 0.44458333333333333 0.0026041666666666665 0.0075
1 0.490625 0.4479166666666667 0.003125 0.0075
1 0.44635416666666666 0.45208333333333334 0.0020833333333333333 0.005833333333333334
1 0.4080729166666667 0.45625 0.0026041666666666665 0.005833333333333334
1 0.35989583333333336 0.46208333333333335 0.003125 0.0075
1 0.30078125 0.4683333333333333 0.0036458333333333334 0.008333333333333333
1 0.21979166666666666 0.47791666666666666 0.004166666666666667 0.009166666666666667
1 0.10729166666666666 0.49166666666666664 0.00625 0.011666666666666667