1 0.5182291666666666 0.5275 0.05520833333333333 0.11333333333333333
1 0.44166666666666665 0.3458333333333333 0.015625 0.03333333333333333
1 0.6794270833333333 0.35291666666666666 0.013020833333333334 0.0325
1 0.82421875 0.35875 0.015104166666666667 0.030833333333333334
1 0.87421875 0.4870833333333333 0.049479166666666664 0.0825
1 0.98984375 0.375 0.019270833333333334 0.03666666666666667
1 0.17161458333333332 0.33708333333333335 0.018229166666666668 0.035833333333333335
1 0.10338541666666666 0.275 0.0067708333333333336 0.011666666666666667
1 0.2375 0.28291666666666665 0.005208333333333333 0.010833333333333334
0 0.8919270833333334 0.3441666666666667 0.011979166666666667 0.025
0 0.70390625 0.33458333333333334 0.008854166666666666 0.0225
0 0.5815104166666667 0.32916666666666666 0.0109375 0.021666666666666667
0 0.06145833333333333 0.2775 0.008333333333333333 0.013333333333333334
0 0.34921875 0.28833333333333333 0.0036458333333333334 0.013333333333333334