1 0.98515625 0.4379166666666667 0.0067708333333333336 0.0125
1 0.97734375 0.4529166666666667 0.0078125 0.0175
1 0.9848958333333333 0.45875 0.011458333333333333 0.020833333333333332
1 0.95625 0.4479166666666667 0.008333333333333333 0.015833333333333335
1 0.9432291666666667 0.4404166666666667 0.00625 0.0125
1 0.9328125 0.44375 0.007291666666666667 0.014166666666666666
1 0.8869791666666667 0.45958333333333334 0.010416666666666666 0.020833333333333332
1 0.7661458333333333 0.4583333333333333 0.009375 0.02
1 0.6684895833333333 0.45958333333333334 0.0078125 0.0175
1 0.603125 0.4579166666666667 0.007291666666666667 0.014166666666666666
1 0.5807291666666666 0.4554166666666667 0.00625 0.0125
1 0.04505208333333333 0.48125 0.0078125 0.0125
0 0.07109375 0.4825 0.009895833333333333 0.015
0 0.12760416666666666 0.5416666666666666 0.026041666666666668 0.041666666666666664
0 0.20052083333333334 0.4708333333333333 0.007291666666666667 0.013333333333333334
0 0.3875 0.53125 0.019791666666666666 0.0425
0 0.496875 0.44875 0.004166666666666667 0.009166666666666667
0 0.5190104166666667 0.45 0.0046875 0.01
0 0.51015625 0.45416666666666666 0.0046875 0.011666666666666667
0 0.5239583333333333 0.46791666666666665 0.008333333333333333 0.0175
0 0.4908854166666667 0.4575 0.005729166666666666 0.013333333333333334
0 0.48359375 0.46125 0.0046875 0.014166666666666666
1 0.56953125 0.44625 0.0046875 0.009166666666666667
0 0.6231770833333333 0.47041666666666665 0.0109375 0.0225
0 0.7765625 0.47208333333333335 0.0125 0.025833333333333333
0 0.6111979166666667 0.5370833333333334 0.025520833333333333 0.0475
1 0.04192708333333333 0.85 0.0796875 0.195
1 0.16536458333333334 0.4708333333333333 0.0067708333333333336 0.011666666666666667
1 0.25026041666666665 0.4633333333333333 0.0046875 0.01
1 0.3109375 0.45875 0.004166666666666667 0.009166666666666667
0 0.29583333333333334 0.46208333333333335 0.005208333333333333 0.010833333333333334
0 0.35182291666666665 0.4558333333333333 0.0046875 0.01
1 0.3606770833333333 0.45375 0.0036458333333333334 0.009166666666666667
1 0.39817708333333335 0.45125 0.0036458333333333334 0.009166666666666667
0 0.39401041666666664 0.4525 0.0036458333333333334 0.01
0 0.43255208333333334 0.45 0.0036458333333333334 0.008333333333333333
1 0.4421875 0.4479166666666667 0.004166666666666667 0.0075
1 0.4830729166666667 0.44583333333333336 0.0036458333333333334 0.008333333333333333
0 0.47109375 0.4479166666666667 0.0046875 0.009166666666666667
1 0.5114583333333333 0.44583333333333336 0.004166666666666667 0.008333333333333333
1 0.540625 0.445 0.004166666666666667 0.01
1 0.57890625 0.45 0.0026041666666666665 0.01
1 0.5776041666666667 0.4475 0.0020833333333333333 0.01