1 0.13098958333333333 0.13166666666666665 0.011979166666666667 0.023333333333333334
0 0.22135416666666666 0.13583333333333333 0.013541666666666667 0.028333333333333332
1 0.25364583333333335 0.12166666666666667 0.011458333333333333 0.023333333333333334
1 0.3645833333333333 0.11166666666666666 0.010416666666666666 0.023333333333333334
0 0.40703125 0.12083333333333333 0.011979166666666667 0.02666666666666667
0 0.5473958333333333 0.10833333333333334 0.011458333333333333 0.02666666666666667
1 0.56875 0.0925 0.009375 0.021666666666666667
1 0.47317708333333336 0.10208333333333333 0.009895833333333333 0.0225
1 0.4114583333333333 0.09083333333333334 0.005208333333333333 0.013333333333333334
1 0.3893229166666667 0.09083333333333334 0.0046875 0.013333333333333334
0 0.04765625 0.14583333333333334 0.016145833333333335 0.028333333333333332
1 0.4036458333333333 0.08875 0.004166666666666667 0.010833333333333334
1 0.38333333333333336 0.09041666666666667 0.004166666666666667 0.0125
1 0.4505208333333333 0.08375 0.003125 0.010833333333333334
1 0.4661458333333333 0.08125 0.003125 0.009166666666666667
1 0.48151041666666666 0.08541666666666667 0.0046875 0.014166666666666666
1 0.5041666666666667 0.0775 0.003125 0.008333333333333333
0 0.5203125 0.0775 0.003125 0.01
0 0.5283854166666667 0.07958333333333334 0.0036458333333333334 0.014166666666666666
0 0.54296875 0.07583333333333334 0.0026041666666666665 0.011666666666666667
0 0.5489583333333333 0.07458333333333333 0.0020833333333333333 0.009166666666666667
0 0.5578125 0.07541666666666667 0.003125 0.010833333333333334
0 0.5640625 0.07416666666666667 0.003125 0.01
1 0.5544270833333333 0.08041666666666666 0.005729166666666666 0.014166666666666666
0 0.5903645833333333 0.07208333333333333 0.0026041666666666665 0.010833333333333334
1 0.5966145833333333 0.07166666666666667 0.0026041666666666665 0.006666666666666667
0 0.60078125 0.075 0.0036458333333333334 0.015
1 0.6330729166666667 0.075 0.0046875 0.015
1 0.6479166666666667 0.08291666666666667 0.007291666666666667 0.020833333333333332
0 0.6778645833333333 0.06958333333333333 0.0026041666666666665 0.0125
1 0.6859375 0.07458333333333333 0.005208333333333333 0.019166666666666665
1 0.6911458333333333 0.07166666666666667 0.004166666666666667 0.015
1 0.69921875 0.07166666666666667 0.0046875 0.016666666666666666
1 0.7231770833333333 0.06375 0.0026041666666666665 0.005833333333333334
0 0.7333333333333333 0.08958333333333333 0.005208333333333333 0.020833333333333332
0 0.8346354166666666 0.06208333333333333 0.0046875 0.020833333333333332
0 0.840625 0.06 0.004166666666666667 0.016666666666666666
0 0.8005208333333333 0.07541666666666667 0.005208333333333333 0.019166666666666665