1 0.28020833333333334 0.5695833333333333 0.029166666666666667 0.0575
1 0.3580729166666667 0.5141666666666667 0.0171875 0.035
1 0.41692708333333334 0.48625 0.0109375 0.024166666666666666
1 0.4713541666666667 0.4691666666666667 0.010416666666666666 0.018333333333333333
1 0.5127604166666667 0.45958333333333334 0.0078125 0.014166666666666666
1 0.56796875 0.45208333333333334 0.0067708333333333336 0.0125
0 0.6549479166666666 0.45166666666666666 0.0067708333333333336 0.016666666666666666
0 0.6065104166666667 0.4579166666666667 0.0078125 0.0175
0 0.5861979166666667 0.4666666666666667 0.009895833333333333 0.02
0 0.59296875 0.50375 0.018229166666666668 0.035833333333333335
0 0.575 0.48083333333333333 0.0125 0.02666666666666667
0 0.6270833333333333 0.55 0.028125 0.056666666666666664
1 0.6380208333333334 0.44666666666666666 0.005208333333333333 0.013333333333333334
0 0.734375 0.4454166666666667 0.007291666666666667 0.015833333333333335
0 0.8028645833333333 0.44375 0.0067708333333333336 0.015833333333333335
1 0.7091145833333333 0.4425 0.005729166666666666 0.011666666666666667
1 0.7760416666666666 0.43916666666666665 0.00625 0.013333333333333334
1 0.86640625 0.43625 0.0067708333333333336 0.0125
0 0.8859375 0.44 0.008333333333333333 0.016666666666666666
1 0.9911458333333333 0.43166666666666664 0.009375 0.015
0 0.9833333333333333 0.4370833333333333 0.009375 0.0175