1 0.971875 0.44708333333333333 0.007291666666666667 0.014166666666666666
1 0.89375 0.4454166666666667 0.005208333333333333 0.0125
0 0.8973958333333333 0.4508333333333333 0.008333333333333333 0.015
1 0.8255208333333334 0.445 0.00625 0.011666666666666667
1 0.7375 0.44666666666666666 0.005208333333333333 0.011666666666666667
1 0.6690104166666667 0.44916666666666666 0.005729166666666666 0.011666666666666667
1 0.628125 0.4525 0.00625 0.013333333333333334
1 0.57734375 0.45916666666666667 0.0067708333333333336 0.015
1 0.540625 0.4666666666666667 0.008333333333333333 0.018333333333333333
1 0.48984375 0.48041666666666666 0.0109375 0.024166666666666666
1 0.42734375 0.5158333333333334 0.018229166666666668 0.03833333333333333
1 0.3528645833333333 0.5766666666666667 0.030729166666666665 0.06333333333333334
1 0.015885416666666666 0.46166666666666667 0.0046875 0.008333333333333333
1 0.059375 0.4608333333333333 0.005208333333333333 0.01
1 0.0734375 0.46166666666666667 0.005208333333333333 0.011666666666666667
1 0.0796875 0.46375 0.00625 0.0125
1 0.07083333333333333 0.4683333333333333 0.008333333333333333 0.015
1 0.04921875 0.47458333333333336 0.009895833333333333 0.0175
1 0.030729166666666665 0.48291666666666666 0.013541666666666667 0.020833333333333332
0 0.7955729166666666 0.4504166666666667 0.0067708333333333336 0.015833333333333335
0 0.7322916666666667 0.45375 0.007291666666666667 0.015833333333333335
0 0.69609375 0.45916666666666667 0.0078125 0.018333333333333333
0 0.6692708333333334 0.47375 0.009375 0.0225
0 0.6604166666666667 0.4920833333333333 0.013541666666666667 0.029166666666666667
0 0.7125 0.5458333333333333 0.028125 0.05333333333333334