0 0.33098958333333334 0.22958333333333333 0.0067708333333333336 0.020833333333333332
0 0.33828125 0.22458333333333333 0.0109375 0.0275
0 0.34739583333333335 0.22333333333333333 0.011458333333333333 0.02666666666666667
1 0.3651041666666667 0.24791666666666667 0.009375 0.024166666666666666
1 0.3515625 0.41791666666666666 0.035416666666666666 0.07083333333333333
1 0.41302083333333334 0.40375 0.035416666666666666 0.06583333333333333
0 0.4549479166666667 0.32625 0.019270833333333334 0.035833333333333335
0 0.4783854166666667 0.3229166666666667 0.019270833333333334 0.035833333333333335
0 0.6544270833333333 0.29625 0.013020833333333334 0.029166666666666667
1 0.6911458333333333 0.345 0.028125 0.04833333333333333
1 0.8276041666666667 0.3125 0.022916666666666665 0.04
1 0.7283854166666667 0.5429166666666667 0.06614583333333333 0.13416666666666666