1 0.4114583333333333 0.685 0.08854166666666667 0.17833333333333334
1 0.89609375 0.34958333333333336 0.008854166666666666 0.0175
1 0.7947916666666667 0.34125 0.007291666666666667 0.014166666666666666
0 0.9494791666666667 0.34875 0.010416666666666666 0.015833333333333335
0 0.9213541666666667 0.3358333333333333 0.005208333333333333 0.01
0 0.72421875 0.33 0.0067708333333333336 0.011666666666666667
0 0.70078125 0.3258333333333333 0.0067708333333333336 0.011666666666666667
1 0.7080729166666667 0.33166666666666667 0.0067708333333333336 0.013333333333333334
1 0.6552083333333333 0.3254166666666667 0.007291666666666667 0.0125
1 0.6276041666666666 0.32125 0.004166666666666667 0.010833333333333334
1 0.640625 0.31916666666666665 0.004166666666666667 0.01
1 0.66171875 0.32 0.0036458333333333334 0.01
1 0.6877604166666667 0.32083333333333336 0.0036458333333333334 0.008333333333333333
1 0.7294270833333333 0.32375 0.0036458333333333334 0.009166666666666667
1 0.7940104166666667 0.3275 0.0036458333333333334 0.008333333333333333
1 0.8940104166666667 0.3329166666666667 0.0036458333333333334 0.009166666666666667
1 0.9989583333333333 0.33791666666666664 0.0020833333333333333 0.009166666666666667
0 0.71796875 0.325 0.0046875 0.011666666666666667
0 0.7645833333333333 0.32708333333333334 0.004166666666666667 0.010833333333333334
0 0.8104166666666667 0.3304166666666667 0.004166666666666667 0.009166666666666667
0 0.7966145833333333 0.33666666666666667 0.0067708333333333336 0.013333333333333334