1 0.6861979166666666 0.37875 0.030729166666666665 0.0525
1 0.7197916666666667 0.37041666666666667 0.030208333333333334 0.050833333333333335
1 0.80859375 0.49166666666666664 0.06510416666666667 0.10833333333333334
1 0.9028645833333333 0.32708333333333334 0.025520833333333333 0.04083333333333333
0 0.4166666666666667 0.37083333333333335 0.01875 0.03833333333333333
0 0.6513020833333333 0.3283333333333333 0.015104166666666667 0.03166666666666667
0 0.6682291666666667 0.3254166666666667 0.013541666666666667 0.030833333333333334
0 0.80625 0.2991666666666667 0.0125 0.025
1 0.5294270833333333 0.26958333333333334 0.0078125 0.020833333333333332
0 0.5033854166666667 0.255 0.0078125 0.02
0 0.5111979166666667 0.25083333333333335 0.0078125 0.023333333333333334
0 0.5171875 0.24833333333333332 0.009375 0.02