1 0.7046875 0.57 0.053125 0.12166666666666667
1 0.58203125 0.42875 0.0328125 0.06416666666666666
1 0.4036458333333333 0.37416666666666665 0.01875 0.043333333333333335
1 0.24791666666666667 0.3329166666666667 0.016666666666666666 0.030833333333333334
1 0.16432291666666668 0.30916666666666665 0.016145833333333335 0.025
1 0.12213541666666666 0.2975 0.0109375 0.021666666666666667
1 0.09427083333333333 0.28541666666666665 0.008333333333333333 0.0175
1 0.10494791666666667 0.2791666666666667 0.0078125 0.015
1 0.12161458333333333 0.27625 0.0067708333333333336 0.0125
1 0.15625 0.27375 0.005208333333333333 0.0125
1 0.18567708333333333 0.2733333333333333 0.0046875 0.01
1 0.23958333333333334 0.27541666666666664 0.004166666666666667 0.009166666666666667
1 0.30104166666666665 0.27708333333333335 0.004166666666666667 0.009166666666666667
1 0.37942708333333336 0.28125 0.0036458333333333334 0.0075
1 0.4244791666666667 0.28458333333333335 0.003125 0.009166666666666667
1 0.4786458333333333 0.28875 0.004166666666666667 0.009166666666666667
1 0.5614583333333333 0.29583333333333334 0.004166666666666667 0.01
1 0.65546875 0.3045833333333333 0.0046875 0.010833333333333334
1 0.7489583333333333 0.31333333333333335 0.005208333333333333 0.011666666666666667
0 0.7106770833333333 0.37875 0.018229166666666668 0.0375
0 0.5458333333333333 0.34625 0.017708333333333333 0.030833333333333334
0 0.3924479166666667 0.32 0.013020833333333334 0.025
0 0.28958333333333336 0.30541666666666667 0.009375 0.020833333333333332
0 0.23541666666666666 0.2941666666666667 0.008333333333333333 0.016666666666666666
0 0.22291666666666668 0.2875 0.007291666666666667 0.015
0 0.28515625 0.2791666666666667 0.0046875 0.011666666666666667
0 0.34348958333333335 0.2816666666666667 0.0036458333333333334 0.01
0 0.39947916666666666 0.28583333333333333 0.005208333333333333 0.01
0 0.43645833333333334 0.28833333333333333 0.004166666666666667 0.011666666666666667
0 0.5270833333333333 0.29625 0.005208333333333333 0.010833333333333334
0 0.6296875 0.30583333333333335 0.005208333333333333 0.011666666666666667
0 0.7302083333333333 0.31583333333333335 0.005208333333333333 0.011666666666666667
0 0.996875 0.34 0.00625 0.015
0 0.8739583333333333 0.32958333333333334 0.008333333333333333 0.014166666666666666
1 0.24453125 0.9220833333333334 0.09635416666666667 0.15583333333333332
0 0.24401041666666667 0.27958333333333335 0.0046875 0.009166666666666667