0 0.13411458333333334 0.4775 0.011979166666666667 0.02
1 0.121875 0.4870833333333333 0.014583333333333334 0.024166666666666666
1 0.24427083333333333 0.47333333333333333 0.010416666666666666 0.02
0 0.26276041666666666 0.4625 0.008854166666666666 0.016666666666666666
0 0.35494791666666664 0.4529166666666667 0.0067708333333333336 0.010833333333333334
1 0.35494791666666664 0.46125 0.0078125 0.014166666666666666
0 0.40651041666666665 0.44875 0.005729166666666666 0.0125
0 0.47734375 0.4429166666666667 0.0046875 0.010833333333333334
1 0.47421875 0.44708333333333333 0.005729166666666666 0.0125
1 0.4309895833333333 0.45208333333333334 0.0067708333333333336 0.014166666666666666
1 0.5221354166666666 0.44458333333333333 0.005729166666666666 0.010833333333333334
0 0.54453125 0.44 0.005729166666666666 0.011666666666666667
1 0.5640625 0.44333333333333336 0.005208333333333333 0.011666666666666667
1 0.5768229166666666 0.44625 0.0067708333333333336 0.014166666666666666
1 0.5666666666666667 0.4508333333333333 0.00625 0.015
0 0.5989583333333334 0.43833333333333335 0.00625 0.011666666666666667
1 0.5419270833333333 0.455 0.0078125 0.016666666666666666
1 0.5130208333333334 0.46125 0.009375 0.019166666666666665
1 0.4875 0.4766666666666667 0.0125 0.025
1 0.47317708333333336 0.49375 0.015104166666666667 0.0325
1 0.43671875 0.5216666666666666 0.0234375 0.045
1 0.35989583333333336 0.5870833333333333 0.03854166666666667 0.07083333333333333
0 0.6466145833333333 0.43291666666666667 0.0046875 0.009166666666666667
0 0.6552083333333333 0.4404166666666667 0.005208333333333333 0.0125
0 0.6755208333333333 0.4429166666666667 0.00625 0.014166666666666666
0 0.684375 0.44875 0.008333333333333333 0.015833333333333335
0 0.67265625 0.45416666666666666 0.008854166666666666 0.018333333333333333
0 0.6591145833333333 0.4608333333333333 0.0067708333333333336 0.02
0 0.6640625 0.4766666666666667 0.013541666666666667 0.02666666666666667
0 0.7291666666666666 0.50125 0.01875 0.0375
0 0.86953125 0.5558333333333333 0.0359375 0.06
0 0.7098958333333333 0.43291666666666667 0.005208333333333333 0.010833333333333334
0 0.7609375 0.43291666666666667 0.005208333333333333 0.010833333333333334
1 0.6908854166666667 0.43083333333333335 0.0036458333333333334 0.008333333333333333
1 0.7234375 0.43083333333333335 0.004166666666666667 0.008333333333333333
1 0.7294270833333333 0.42875 0.0046875 0.009166666666666667
0 0.10859375 0.46041666666666664 0.0078125 0.0125
1 0.0703125 0.46041666666666664 0.008333333333333333 0.010833333333333334
0 0.20078125 0.4533333333333333 0.005729166666666666 0.01
1 0.16119791666666666 0.45458333333333334 0.005729166666666666 0.009166666666666667
1 0.22109375 0.4504166666666667 0.0036458333333333334 0.009166666666666667
0 0.24947916666666667 0.44916666666666666 0.004166666666666667 0.011666666666666667
1 0.27421875 0.44708333333333333 0.0036458333333333334 0.0075
1 0.32083333333333336 0.4429166666666667 0.003125 0.0075
0 0.30442708333333335 0.44583333333333336 0.0036458333333333334 0.008333333333333333
0 0.35 0.44208333333333333 0.003125 0.009166666666666667
1 0.3567708333333333 0.4404166666666667 0.0020833333333333333 0.005833333333333334
1 0.38619791666666664 0.43833333333333335 0.0026041666666666665 0.006666666666666667
1 0.41119791666666666 0.43625 0.0026041666666666665 0.005833333333333334
0 0.39010416666666664 0.4395833333333333 0.003125 0.0075
0 0.41640625 0.43666666666666665 0.0026041666666666665 0.006666666666666667
0 0.43802083333333336 0.4354166666666667 0.0020833333333333333 0.005833333333333334
1 0.43333333333333335 0.43583333333333335 0.003125 0.005
1 0.4625 0.43333333333333335 0.0020833333333333333 0.005
0 0.46067708333333335 0.43375 0.0026041666666666665 0.005833333333333334
0 0.48671875 0.4325 0.0026041666666666665 0.006666666666666667
1 0.4901041666666667 0.4320833333333333 0.0020833333333333333 0.005833333333333334
1 0.5098958333333333 0.43125 0.0020833333333333333 0.005833333333333334
0 0.5057291666666667 0.4320833333333333 0.0020833333333333333 0.005833333333333334
0 0.52109375 0.435 0.0026041666666666665 0.008333333333333333
0 0.51875 0.43333333333333335 0.003125 0.008333333333333333
0 0.5229166666666667 0.4325 0.003125 0.006666666666666667
1 0.5307291666666667 0.43166666666666664 0.0020833333333333333 0.005
0 0.5489583333333333 0.4354166666666667 0.004166666666666667 0.009166666666666667
1 0.5505208333333333 0.43083333333333335 0.003125 0.006666666666666667
1 0.5580729166666667 0.43083333333333335 0.0026041666666666665 0.006666666666666667
1 0.5611979166666666 0.43166666666666664 0.0026041666666666665 0.006666666666666667
1 0.5638020833333334 0.43166666666666664 0.0026041666666666665 0.006666666666666667
1 0.56640625 0.4325 0.0026041666666666665 0.006666666666666667
1 0.5791666666666667 0.4325 0.003125 0.008333333333333333
0 0.5932291666666667 0.43375 0.003125 0.009166666666666667
1 0.6096354166666667 0.4320833333333333 0.0036458333333333334 0.0075
1 0.7401041666666667 0.4270833333333333 0.003125 0.005833333333333334
0 0.7786458333333334 0.4270833333333333 0.003125 0.009166666666666667
0 0.7833333333333333 0.4275 0.003125 0.01
0 0.7916666666666666 0.43083333333333335 0.004166666666666667 0.01
0 0.80703125 0.42625 0.0026041666666666665 0.0075
1 0.7895833333333333 0.425 0.0020833333333333333 0.005
1 0.8263020833333333 0.425 0.0026041666666666665 0.006666666666666667
0 0.8447916666666667 0.425 0.003125 0.008333333333333333
0 0.8822916666666667 0.42541666666666667 0.003125 0.0075
1 0.8768229166666667 0.425 0.0026041666666666665 0.006666666666666667
1 0.91796875 0.4241666666666667 0.0026041666666666665 0.006666666666666667
1 0.9432291666666667 0.4241666666666667 0.003125 0.006666666666666667
1 0.9658854166666667 0.42291666666666666 0.0026041666666666665 0.005833333333333334
1 0.9916666666666667 0.4220833333333333 0.0020833333333333333 0.005833333333333334
0 0.93125 0.42541666666666667 0.004166666666666667 0.009166666666666667
0 0.9786458333333333 0.425 0.004166666666666667 0.008333333333333333