1 0.42916666666666664 0.49041666666666667 0.053125 0.0975
1 0.7903645833333334 0.42125 0.0515625 0.08083333333333333
1 0.9552083333333333 0.29375 0.021875 0.0375
1 0.83515625 0.28208333333333335 0.016145833333333335 0.0275
1 0.7213541666666666 0.27791666666666665 0.011458333333333333 0.0225
1 0.5927083333333333 0.28458333333333335 0.010416666666666666 0.020833333333333332
1 0.48671875 0.29625 0.009895833333333333 0.0225
1 0.3494791666666667 0.3120833333333333 0.011458333333333333 0.0225
0 0.89375 0.26166666666666666 0.013541666666666667 0.023333333333333334
0 0.7549479166666667 0.26416666666666666 0.009895833333333333 0.02
0 0.6315104166666666 0.2725 0.008854166666666666 0.018333333333333333
0 0.5322916666666667 0.28 0.00625 0.015
0 0.4356770833333333 0.29041666666666666 0.009895833333333333 0.014166666666666666
0 0.32473958333333336 0.30416666666666664 0.008854166666666666 0.015