0 0.8580729166666666 0.6066666666666667 0.05364583333333333 0.08
0 0.7880208333333333 0.5129166666666667 0.021875 0.03916666666666667
0 0.7450520833333333 0.4866666666666667 0.0140625 0.028333333333333332
0 0.7552083333333334 0.4475 0.005208333333333333 0.013333333333333334
0 0.81875 0.445 0.005208333333333333 0.011666666666666667
0 0.8432291666666667 0.4425 0.00625 0.011666666666666667
0 0.8669270833333333 0.4395833333333333 0.0046875 0.010833333333333334
0 0.8817708333333333 0.43833333333333335 0.004166666666666667 0.01
0 0.9041666666666667 0.43666666666666665 0.004166666666666667 0.01
0 0.9294270833333333 0.4354166666666667 0.0036458333333333334 0.009166666666666667
0 0.9755208333333333 0.43416666666666665 0.003125 0.008333333333333333
0 0.6440104166666667 0.4658333333333333 0.009895833333333333 0.02
0 0.6690104166666667 0.44708333333333333 0.005729166666666666 0.0125
0 0.6294270833333333 0.4395833333333333 0.0036458333333333334 0.0075
0 0.60625 0.44583333333333336 0.005208333333333333 0.011666666666666667
0 0.5903645833333333 0.44166666666666665 0.0046875 0.01
0 0.5557291666666667 0.4583333333333333 0.008333333333333333 0.016666666666666666
0 0.5690104166666666 0.44458333333333333 0.0046875 0.010833333333333334
0 0.57421875 0.44333333333333336 0.0046875 0.01
0 0.4822916666666667 0.45416666666666666 0.007291666666666667 0.016666666666666666
0 0.4109375 0.45375 0.005208333333333333 0.014166666666666666
0 0.3390625 0.45625 0.005208333333333333 0.0125
0 0.26588541666666665 0.45958333333333334 0.0078125 0.014166666666666666
1 0.38619791666666664 0.5829166666666666 0.030729166666666665 0.0675
1 0.48671875 0.52 0.022395833333333334 0.041666666666666664
1 0.5325520833333334 0.4925 0.0171875 0.03
1 0.5197916666666667 0.4775 0.011458333333333333 0.023333333333333334
1 0.4700520833333333 0.4675 0.009895833333333333 0.02
1 0.4080729166666667 0.4625 0.009895833333333333 0.018333333333333333
1 0.3484375 0.46166666666666667 0.007291666666666667 0.015
1 0.2953125 0.4625 0.007291666666666667 0.015
1 0.7359375 0.4429166666666667 0.005208333333333333 0.010833333333333334
1 0.6932291666666667 0.44375 0.005208333333333333 0.010833333333333334
1 0.6768229166666667 0.43916666666666665 0.0036458333333333334 0.008333333333333333
1 0.11822916666666666 0.475 0.010416666666666666 0.018333333333333333
1 0.7888020833333333 0.4395833333333333 0.0046875 0.009166666666666667
1 0.006510416666666667 0.4608333333333333 0.0036458333333333334 0.008333333333333333
0 0.021614583333333333 0.46166666666666667 0.0036458333333333334 0.01
1 0.06822916666666666 0.45916666666666667 0.004166666666666667 0.008333333333333333
0 0.090625 0.4575 0.004166666666666667 0.01
0 0.1015625 0.47 0.008333333333333333 0.016666666666666666
1 0.15208333333333332 0.45458333333333334 0.003125 0.0075
1 0.22552083333333334 0.46625 0.005208333333333333 0.0175
0 0.26484375 0.44958333333333333 0.0026041666666666665 0.0075
1 0.28072916666666664 0.4483333333333333 0.0020833333333333333 0.006666666666666667
0 0.31015625 0.4475 0.0026041666666666665 0.006666666666666667
1 0.32083333333333336 0.44625 0.0020833333333333333 0.005833333333333334
1 0.36015625 0.44375 0.0026041666666666665 0.005833333333333334
0 0.3690104166666667 0.44416666666666665 0.0026041666666666665 0.006666666666666667
1 0.38645833333333335 0.4429166666666667 0.0020833333333333333 0.005833333333333334
0 0.3963541666666667 0.44208333333333333 0.003125 0.0075
0 0.42083333333333334 0.44125 0.0020833333333333333 0.005833333333333334
0 0.4440104166666667 0.4404166666666667 0.0015625 0.005833333333333334
1 0.4549479166666667 0.43916666666666665 0.0026041666666666665 0.005
1 0.4752604166666667 0.43833333333333335 0.0036458333333333334 0.006666666666666667
0 0.4953125 0.4379166666666667 0.0020833333333333333 0.005833333333333334
0 0.5166666666666667 0.43666666666666665 0.0020833333333333333 0.006666666666666667
0 0.5401041666666667 0.43625 0.0020833333333333333 0.005833333333333334
1 0.5515625 0.4354166666666667 0.0020833333333333333 0.005833333333333334
0 0.5614583333333333 0.435 0.0020833333333333333 0.006666666666666667
1 0.578125 0.43416666666666665 0.0020833333333333333 0.005
0 0.5830729166666667 0.43416666666666665 0.0026041666666666665 0.005
0 0.6114583333333333 0.4404166666666667 0.004166666666666667 0.009166666666666667
0 0.6072916666666667 0.43375 0.0020833333333333333 0.005833333333333334
1 0.6041666666666666 0.43416666666666665 0.0020833333333333333 0.005
0 0.6401041666666667 0.43375 0.0020833333333333333 0.005833333333333334
0 0.6427083333333333 0.4370833333333333 0.003125 0.009166666666666667
0 0.6481770833333333 0.43333333333333335 0.0026041666666666665 0.006666666666666667
0 0.6536458333333334 0.43333333333333335 0.0020833333333333333 0.006666666666666667
0 0.6583333333333333 0.4345833333333333 0.003125 0.0075
1 0.6611979166666667 0.4404166666666667 0.0036458333333333334 0.009166666666666667
1 0.6557291666666667 0.4425 0.004166666666666667 0.01
1 0.6502604166666667 0.44125 0.0036458333333333334 0.009166666666666667
1 0.68125 0.4320833333333333 0.0020833333333333333 0.005833333333333334
1 0.6893229166666667 0.4375 0.0036458333333333334 0.008333333333333333
1 0.6950520833333333 0.435 0.0046875 0.01
1 0.6997395833333333 0.43333333333333335 0.0026041666666666665 0.006666666666666667
1 0.7065104166666667 0.4345833333333333 0.0026041666666666665 0.005833333333333334
1 0.76171875 0.44166666666666665 0.0046875 0.01
1 0.9932291666666667 0.43125 0.004166666666666667 0.009166666666666667
1 0.8119791666666667 0.4379166666666667 0.005208333333333333 0.009166666666666667
1 0.8276041666666667 0.43666666666666665 0.004166666666666667 0.008333333333333333
1 0.85390625 0.435 0.0036458333333333334 0.008333333333333333
1 0.884375 0.4345833333333333 0.003125 0.0075
1 0.9114583333333334 0.43375 0.004166666666666667 0.0075
1 0.95390625 0.4320833333333333 0.0036458333333333334 0.0075
1 0.5002604166666667 0.4375 0.0026041666666666665 0.005
0 0.62578125 0.43333333333333335 0.0026041666666666665 0.006666666666666667
0 0.33880208333333334 0.4504166666666667 0.005729166666666666 0.010833333333333334
0 0.6895833333333333 0.43375 0.003125 0.0075
1 0.6682291666666667 0.4320833333333333 0.0020833333333333333 0.005833333333333334