1 0.9080729166666667 0.43666666666666665 0.009895833333333333 0.016666666666666666
1 0.7841145833333333 0.44416666666666665 0.009895833333333333 0.016666666666666666
1 0.69296875 0.4525 0.009895833333333333 0.018333333333333333
1 0.6369791666666667 0.4625 0.011458333333333333 0.021666666666666667
1 0.5591145833333333 0.48041666666666666 0.013020833333333334 0.025833333333333333
1 0.48776041666666664 0.5041666666666667 0.0171875 0.03333333333333333
1 0.3372395833333333 0.5708333333333333 0.028645833333333332 0.06
0 0.8002604166666667 0.6441666666666667 0.0515625 0.1
0 0.884375 0.4483333333333333 0.011458333333333333 0.021666666666666667
0 0.7950520833333333 0.4583333333333333 0.0109375 0.023333333333333334
0 0.7533854166666667 0.47375 0.0140625 0.0275
0 0.7421875 0.5258333333333334 0.027083333333333334 0.04833333333333333