1 0.10260416666666666 0.67125 0.06770833333333333 0.09916666666666667
1 0.37994791666666666 0.5433333333333333 0.0234375 0.045
1 0.5067708333333333 0.5 0.014583333333333334 0.028333333333333332
1 0.5729166666666666 0.48083333333333333 0.010416666666666666 0.023333333333333334
1 0.6046875 0.47 0.008333333333333333 0.018333333333333333
1 0.6619791666666667 0.4625 0.008333333333333333 0.016666666666666666
1 0.6859375 0.45708333333333334 0.007291666666666667 0.015833333333333335
1 0.7059895833333333 0.45375 0.0067708333333333336 0.0125
1 0.6971354166666667 0.44375 0.0046875 0.009166666666666667
1 0.7184895833333333 0.45 0.0067708333333333336 0.013333333333333334
1 0.7416666666666667 0.4454166666666667 0.00625 0.0125
1 0.7661458333333333 0.4429166666666667 0.005208333333333333 0.010833333333333334
1 0.7885416666666667 0.44083333333333335 0.005208333333333333 0.011666666666666667
1 0.7973958333333333 0.4375 0.005208333333333333 0.01
1 0.8026041666666667 0.4395833333333333 0.004166666666666667 0.010833333333333334
1 0.72890625 0.44083333333333335 0.005729166666666666 0.008333333333333333
0 0.8908854166666667 0.43625 0.005729166666666666 0.010833333333333334
0 0.8609375 0.44083333333333335 0.00625 0.011666666666666667
0 0.8364583333333333 0.44375 0.00625 0.0125
0 0.8138020833333334 0.44916666666666666 0.005729166666666666 0.013333333333333334
0 0.8171875 0.45416666666666666 0.007291666666666667 0.015
0 0.82421875 0.46041666666666664 0.009895833333333333 0.019166666666666665
0 0.7591145833333334 0.47125 0.008854166666666666 0.0225
0 0.7528645833333333 0.48125 0.013020833333333334 0.0275
0 0.7346354166666667 0.5029166666666667 0.0171875 0.034166666666666665
0 0.72421875 0.5654166666666667 0.0328125 0.0625
0 0.8002604166666667 0.7225 0.0671875 0.135
1 0.16432291666666668 0.4791666666666667 0.0046875 0.01
1 0.17291666666666666 0.47708333333333336 0.005208333333333333 0.009166666666666667
1 0.1921875 0.4741666666666667 0.005208333333333333 0.01
1 0.20234375 0.4775 0.0046875 0.011666666666666667
1 0.21744791666666666 0.4725 0.0036458333333333334 0.008333333333333333
1 0.25859375 0.47458333333333336 0.0046875 0.010833333333333334
1 0.25677083333333334 0.4691666666666667 0.003125 0.006666666666666667
1 0.3104166666666667 0.46541666666666665 0.003125 0.0075
1 0.33125 0.47125 0.005208333333333333 0.010833333333333334
1 0.37864583333333335 0.46 0.003125 0.006666666666666667
1 0.39479166666666665 0.4666666666666667 0.004166666666666667 0.01
1 0.4356770833333333 0.4554166666666667 0.0036458333333333334 0.0075
1 0.4700520833333333 0.46125 0.0046875 0.010833333333333334
1 0.4783854166666667 0.45208333333333334 0.0026041666666666665 0.005833333333333334
1 0.5208333333333334 0.44875 0.0020833333333333333 0.005833333333333334
1 0.5494791666666666 0.455 0.004166666666666667 0.01
1 0.5856770833333333 0.4454166666666667 0.0026041666666666665 0.005833333333333334
1 0.5950520833333334 0.45166666666666666 0.0036458333333333334 0.01
1 0.6171875 0.4429166666666667 0.0020833333333333333 0.005833333333333334
1 0.6440104166666667 0.44083333333333335 0.0026041666666666665 0.005
1 0.64921875 0.4475 0.0036458333333333334 0.008333333333333333
1 0.6674479166666667 0.4395833333333333 0.0026041666666666665 0.004166666666666667
1 0.6890625 0.4379166666666667 0.0020833333333333333 0.004166666666666667
1 0.7091145833333333 0.43666666666666665 0.0026041666666666665 0.005
1 0.7614583333333333 0.43333333333333335 0.0020833333333333333 0.005
1 0.8010416666666667 0.43166666666666664 0.0020833333333333333 0.005
1 0.8208333333333333 0.43083333333333335 0.0020833333333333333 0.005
1 0.828125 0.43125 0.004166666666666667 0.005833333333333334
1 0.83984375 0.43083333333333335 0.0026041666666666665 0.006666666666666667
1 0.8692708333333333 0.43041666666666667 0.003125 0.005833333333333334
1 0.9098958333333333 0.42833333333333334 0.004166666666666667 0.006666666666666667
1 0.9572916666666667 0.42625 0.004166666666666667 0.0075
1 0.9984375 0.42583333333333334 0.003125 0.008333333333333333
0 0.9684895833333333 0.4275 0.0046875 0.008333333333333333
0 0.8986979166666667 0.42916666666666664 0.0046875 0.008333333333333333
0 0.8841145833333334 0.43833333333333335 0.005729166666666666 0.011666666666666667
0 0.8825520833333333 0.43416666666666665 0.0046875 0.01
0 0.8458333333333333 0.43125 0.003125 0.0075
0 0.7901041666666667 0.4354166666666667 0.005208333333333333 0.009166666666666667
0 0.7828125 0.43416666666666665 0.003125 0.006666666666666667
0 0.77578125 0.43333333333333335 0.0026041666666666665 0.006666666666666667
0 0.7575520833333333 0.43291666666666667 0.0036458333333333334 0.0075
0 0.7354166666666667 0.4395833333333333 0.004166666666666667 0.0075
0 0.7122395833333334 0.43625 0.0026041666666666665 0.005833333333333334
0 0.6932291666666667 0.4375 0.003125 0.005
0 0.68203125 0.4429166666666667 0.0036458333333333334 0.0075
0 0.6393229166666666 0.44208333333333333 0.0026041666666666665 0.005833333333333334
0 0.60703125 0.44375 0.0026041666666666665 0.005833333333333334
0 0.5971354166666667 0.44875 0.0036458333333333334 0.009166666666666667
0 0.571875 0.44625 0.003125 0.0075
0 0.5424479166666667 0.45416666666666666 0.0036458333333333334 0.01
0 0.5447916666666667 0.4483333333333333 0.003125 0.006666666666666667
0 0.5002604166666667 0.45125 0.0026041666666666665 0.0075
0 0.475 0.45958333333333334 0.004166666666666667 0.010833333333333334
0 0.4552083333333333 0.45458333333333334 0.003125 0.0075
0 0.4192708333333333 0.46291666666666664 0.005208333333333333 0.010833333333333334
0 0.3958333333333333 0.45916666666666667 0.003125 0.008333333333333333
0 0.3255208333333333 0.46958333333333335 0.005208333333333333 0.010833333333333334
0 0.29010416666666666 0.4683333333333333 0.003125 0.008333333333333333
0 0.26614583333333336 0.47291666666666665 0.005208333333333333 0.010833333333333334
0 0.2515625 0.4716666666666667 0.005208333333333333 0.01
0 0.23984375 0.47333333333333333 0.005729166666666666 0.01
0 0.83671875 0.43375 0.0046875 0.009166666666666667
0 0.80546875 0.43333333333333335 0.0036458333333333334 0.008333333333333333