1 0.88984375 0.21 0.009895833333333333 0.016666666666666666
1 0.9080729166666667 0.21708333333333332 0.011979166666666667 0.020833333333333332
1 0.9643229166666667 0.22625 0.0140625 0.024166666666666666
1 0.9744791666666667 0.20666666666666667 0.008333333333333333 0.016666666666666666
0 0.7645833333333333 0.4579166666666667 0.06666666666666667 0.1175
0 0.9270833333333334 0.34 0.04583333333333333 0.06833333333333333
0 0.928125 0.26458333333333334 0.025 0.03916666666666667
0 0.8330729166666667 0.24208333333333334 0.015104166666666667 0.029166666666666667
0 0.803125 0.22791666666666666 0.011458333333333333 0.024166666666666666
0 0.7609375 0.21708333333333332 0.007291666666666667 0.0175
0 0.7653645833333333 0.21125 0.0046875 0.0175
0 0.8098958333333334 0.20625 0.008333333333333333 0.014166666666666666
0 0.8875 0.2025 0.007291666666666667 0.015
0 0.96640625 0.2 0.008854166666666666 0.015
0 0.26197916666666665 0.7475 0.10625 0.22833333333333333