1 0.25442708333333336 0.59 0.04114583333333333 0.07333333333333333
1 0.40963541666666664 0.5004166666666666 0.019270833333333334 0.0325
1 0.4544270833333333 0.46875 0.009895833333333333 0.020833333333333332
1 0.46848958333333335 0.455 0.0078125 0.015
1 0.4828125 0.44875 0.00625 0.0125
1 0.49296875 0.44333333333333336 0.0046875 0.011666666666666667
1 0.5174479166666667 0.44083333333333335 0.0046875 0.01
1 0.56015625 0.4375 0.0046875 0.01
1 0.9890625 0.44208333333333333 0.008333333333333333 0.014166666666666666
1 0.9127604166666666 0.4404166666666667 0.0067708333333333336 0.0125
1 0.8466145833333333 0.43875 0.0067708333333333336 0.010833333333333334
1 0.7796875 0.4370833333333333 0.005208333333333333 0.010833333333333334
0 0.8026041666666667 0.62 0.04583333333333333 0.09
0 0.64140625 0.49875 0.0171875 0.035833333333333335
0 0.596875 0.4683333333333333 0.010416666666666666 0.021666666666666667
0 0.5755208333333334 0.45375 0.007291666666666667 0.015833333333333335
0 0.5979166666666667 0.44 0.005208333333333333 0.011666666666666667
0 0.6440104166666667 0.4379166666666667 0.0046875 0.010833333333333334
0 0.7109375 0.44 0.005208333333333333 0.01
0 0.79140625 0.44125 0.005729166666666666 0.0125
0 0.8669270833333333 0.44375 0.0078125 0.014166666666666666
0 0.97578125 0.4475 0.009895833333333333 0.016666666666666666
1 0.6080729166666666 0.43666666666666665 0.0046875 0.01
1 0.65078125 0.4370833333333333 0.0046875 0.009166666666666667
0 0.5723958333333333 0.4483333333333333 0.004166666666666667 0.01
0 0.5700520833333333 0.4429166666666667 0.0036458333333333334 0.010833333333333334
1 0.7075520833333333 0.43666666666666665 0.0026041666666666665 0.008333333333333333