0 0.04114583333333333 0.22 0.028125 0.05
0 0.011979166666666667 0.28541666666666665 0.023958333333333335 0.07416666666666667
0 0.020833333333333332 0.1975 0.019791666666666666 0.041666666666666664
0 0.9609375 0.12416666666666666 0.01875 0.035
0 0.8403645833333333 0.11458333333333333 0.011979166666666667 0.0275
0 0.771875 0.10916666666666666 0.008333333333333333 0.023333333333333334
0 0.7341145833333333 0.10541666666666667 0.0067708333333333336 0.0225
0 0.6932291666666667 0.10166666666666667 0.007291666666666667 0.016666666666666666
1 0.7466145833333333 0.09333333333333334 0.0067708333333333336 0.016666666666666666
1 0.7895833333333333 0.09375 0.008333333333333333 0.0175
1 0.8513020833333333 0.09625 0.0078125 0.019166666666666665
1 0.9216145833333333 0.1 0.0109375 0.023333333333333334
1 0.09375 0.13916666666666666 0.009375 0.02
0 0.94453125 0.8045833333333333 0.10989583333333333 0.3275
1 0.13723958333333333 0.13416666666666666 0.0078125 0.016666666666666666
1 0.18125 0.1275 0.00625 0.016666666666666666
1 0.21901041666666668 0.12208333333333334 0.005729166666666666 0.0125
0 0.11328125 0.14458333333333334 0.011979166666666667 0.024166666666666666
0 0.20859375 0.13208333333333333 0.008854166666666666 0.0175
0 0.24427083333333333 0.12791666666666668 0.00625 0.0175