0 0.06354166666666666 0.7070833333333333 0.125 0.20583333333333334
0 0.11875 0.13208333333333333 0.014583333333333334 0.025833333333333333
1 0.0703125 0.1275 0.0125 0.02
1 0.23984375 0.11125 0.008854166666666666 0.0175
0 0.24609375 0.12 0.0109375 0.021666666666666667
1 0.7 0.05333333333333334 0.004166666666666667 0.008333333333333333
1 0.7049479166666667 0.05291666666666667 0.0036458333333333334 0.009166666666666667
0 0.6854166666666667 0.05375 0.004166666666666667 0.009166666666666667
0 0.68984375 0.05375 0.0036458333333333334 0.009166666666666667
0 0.7166666666666667 0.051666666666666666 0.004166666666666667 0.01
0 0.7328125 0.050833333333333335 0.004166666666666667 0.01
0 0.7713541666666667 0.0475 0.004166666666666667 0.01
1 0.7541666666666667 0.050833333333333335 0.005208333333333333 0.011666666666666667
1 0.3614583333333333 0.09583333333333334 0.009375 0.016666666666666666
0 0.35651041666666666 0.105 0.0078125 0.02
0 0.5171875 0.08958333333333333 0.007291666666666667 0.019166666666666665
1 0.7177083333333333 0.06583333333333333 0.007291666666666667 0.015