1 0.3377604166666667 0.625 0.0484375 0.09
1 0.5924479166666666 0.5245833333333333 0.0234375 0.04416666666666667
1 0.74921875 0.49916666666666665 0.019270833333333334 0.035
1 0.8671875 0.4891666666666667 0.016666666666666666 0.028333333333333332
1 0.9546875 0.48083333333333333 0.014583333333333334 0.02666666666666667
1 0.9875 0.45875 0.011458333333333333 0.0175
1 0.9234375 0.45208333333333334 0.008333333333333333 0.014166666666666666
1 0.8635416666666667 0.44916666666666666 0.007291666666666667 0.013333333333333334
1 0.8153645833333333 0.4475 0.0067708333333333336 0.013333333333333334
1 0.7640625 0.4475 0.005208333333333333 0.011666666666666667
1 0.6984375 0.44708333333333333 0.00625 0.0125
1 0.6354166666666666 0.44708333333333333 0.005208333333333333 0.010833333333333334
1 0.5544270833333333 0.44708333333333333 0.0046875 0.010833333333333334
1 0.5080729166666667 0.44583333333333336 0.0046875 0.01
1 0.47421875 0.44416666666666665 0.0036458333333333334 0.01
0 0.9356770833333333 0.4475 0.0067708333333333336 0.013333333333333334
0 0.8559895833333333 0.44666666666666666 0.0067708333333333336 0.011666666666666667
0 0.78984375 0.44583333333333336 0.005729166666666666 0.011666666666666667
0 0.7403645833333333 0.44416666666666665 0.005729166666666666 0.011666666666666667
0 0.6841145833333333 0.44416666666666665 0.005729166666666666 0.011666666666666667
0 0.6265625 0.44416666666666665 0.005208333333333333 0.011666666666666667
0 0.5736979166666667 0.44416666666666665 0.0046875 0.01
0 0.5385416666666667 0.4429166666666667 0.005208333333333333 0.010833333333333334
0 0.5309895833333333 0.44166666666666665 0.0046875 0.01
0 0.5140625 0.43875 0.004166666666666667 0.0075
1 0.48880208333333336 0.44 0.0036458333333333334 0.008333333333333333
1 0.49609375 0.4395833333333333 0.0036458333333333334 0.009166666666666667
1 0.4666666666666667 0.4425 0.004166666666666667 0.01
1 0.4552083333333333 0.44 0.003125 0.006666666666666667
1 0.4825520833333333 0.44125 0.0026041666666666665 0.0075
0 0.5458333333333333 0.4404166666666667 0.004166666666666667 0.009166666666666667
0 0.5575520833333333 0.4404166666666667 0.0036458333333333334 0.0075
0 0.6604166666666667 0.43916666666666665 0.003125 0.006666666666666667
1 0.41692708333333334 0.43833333333333335 0.0026041666666666665 0.005
1 0.42916666666666664 0.43875 0.003125 0.005833333333333334
1 0.43697916666666664 0.43666666666666665 0.0020833333333333333 0.005
0 0.46119791666666665 0.4375 0.0026041666666666665 0.006666666666666667
0 0.47578125 0.4370833333333333 0.0026041666666666665 0.005833333333333334
0 0.50234375 0.4370833333333333 0.0026041666666666665 0.005833333333333334
0 0.5671875 0.4379166666666667 0.003125 0.005833333333333334
0 0.58828125 0.43916666666666665 0.0026041666666666665 0.006666666666666667
1 0.6143229166666667 0.43833333333333335 0.0026041666666666665 0.005
1 0.64609375 0.43916666666666665 0.0026041666666666665 0.005
1 0.69609375 0.43916666666666665 0.0026041666666666665 0.005
0 0.7260416666666667 0.43916666666666665 0.003125 0.006666666666666667
0 0.784375 0.44 0.003125 0.006666666666666667
1 0.7489583333333333 0.44 0.0020833333333333333 0.005
1 0.7979166666666667 0.4404166666666667 0.003125 0.005833333333333334
0 0.8276041666666667 0.4404166666666667 0.003125 0.005833333333333334
1 0.8848958333333333 0.4395833333333333 0.003125 0.0075
1 0.91953125 0.4395833333333333 0.0026041666666666665 0.005833333333333334
0 0.9322916666666666 0.44 0.003125 0.006666666666666667
1 0.9588541666666667 0.43916666666666665 0.003125 0.006666666666666667
0 0.9697916666666667 0.44 0.004166666666666667 0.006666666666666667