1 0.328125 0.64875 0.06145833333333333 0.10083333333333333
1 0.6119791666666666 0.5454166666666667 0.025 0.05416666666666667
1 0.79609375 0.5 0.019270833333333334 0.041666666666666664
1 0.9763020833333333 0.485 0.028645833333333332 0.03833333333333333
1 0.8622395833333333 0.4395833333333333 0.0078125 0.015833333333333335
1 0.9455729166666667 0.4370833333333333 0.008854166666666666 0.0175
0 0.8505208333333333 0.4375 0.007291666666666667 0.013333333333333334
0 0.9265625 0.4354166666666667 0.007291666666666667 0.014166666666666666
0 0.99609375 0.42791666666666667 0.005729166666666666 0.009166666666666667
1 0.76640625 0.4429166666666667 0.005729166666666666 0.0125
1 0.8390625 0.4325 0.003125 0.006666666666666667
1 0.88046875 0.43083333333333335 0.0036458333333333334 0.006666666666666667
1 0.9520833333333333 0.42916666666666664 0.003125 0.006666666666666667
0 0.9 0.43083333333333335 0.004166666666666667 0.008333333333333333
0 0.80625 0.43291666666666667 0.003125 0.0075
1 0.8083333333333333 0.43125 0.003125 0.0075