0 0.91484375 0.6416666666666667 0.07135416666666666 0.10166666666666667
0 0.6666666666666666 0.5295833333333333 0.022916666666666665 0.0475
0 0.6341145833333334 0.49 0.013020833333333334 0.03
0 0.6419270833333334 0.47375 0.009895833333333333 0.0225
0 0.65 0.46291666666666664 0.009375 0.020833333333333332
0 0.6315104166666666 0.4554166666666667 0.008854166666666666 0.015833333333333335
0 0.6036458333333333 0.45208333333333334 0.009375 0.015833333333333335
0 0.53515625 0.45166666666666666 0.0078125 0.015
0 0.3841145833333333 0.46625 0.0067708333333333336 0.014166666666666666
0 0.2869791666666667 0.4791666666666667 0.008333333333333333 0.016666666666666666
1 0.31276041666666665 0.4845833333333333 0.008854166666666666 0.0175
1 0.37552083333333336 0.47291666666666665 0.008333333333333333 0.015833333333333335
1 0.17942708333333332 0.5083333333333333 0.013020833333333334 0.021666666666666667
0 0.035416666666666666 0.5179166666666667 0.014583333333333334 0.0225
1 0.25885416666666666 0.6379166666666667 0.05 0.08083333333333333
1 0.3458333333333333 0.5516666666666666 0.025 0.04833333333333333
1 0.41171875 0.5025 0.015104166666666667 0.028333333333333332
1 0.45989583333333334 0.48375 0.011458333333333333 0.0225
1 0.4942708333333333 0.475 0.009375 0.018333333333333333
1 0.509375 0.4666666666666667 0.009375 0.018333333333333333
1 0.4388020833333333 0.46541666666666665 0.0078125 0.015833333333333335
1 0.49270833333333336 0.46291666666666664 0.008333333333333333 0.0175
0 0.46822916666666664 0.45708333333333334 0.00625 0.014166666666666666
0 0.20416666666666666 0.49083333333333334 0.010416666666666666 0.018333333333333333
0 0.017447916666666667 0.49583333333333335 0.008854166666666666 0.011666666666666667
0 0.0953125 0.48625 0.007291666666666667 0.010833333333333334
0 0.17760416666666667 0.47708333333333336 0.00625 0.010833333333333334
0 0.24114583333333334 0.46791666666666665 0.005208333333333333 0.009166666666666667
0 0.4752604166666667 0.44916666666666666 0.0036458333333333334 0.01
0 0.5260416666666666 0.4454166666666667 0.005208333333333333 0.009166666666666667
0 0.5875 0.44166666666666665 0.004166666666666667 0.01
0 0.6596354166666667 0.4375 0.005729166666666666 0.011666666666666667
0 0.7143229166666667 0.4345833333333333 0.0046875 0.010833333333333334
0 0.7440104166666667 0.4325 0.0036458333333333334 0.008333333333333333
1 0.6705729166666666 0.435 0.0046875 0.008333333333333333
1 0.6346354166666667 0.43666666666666665 0.0046875 0.01
1 0.5440104166666667 0.44208333333333333 0.0046875 0.009166666666666667
1 0.5098958333333333 0.44416666666666665 0.004166666666666667 0.008333333333333333
1 0.20494791666666667 0.47041666666666665 0.0046875 0.009166666666666667
1 0.13984375 0.4791666666666667 0.0046875 0.01
1 0.059375 0.48875 0.00625 0.009166666666666667
0 0.9643229166666667 0.41333333333333333 0.0046875 0.006666666666666667
0 0.9411458333333333 0.415 0.004166666666666667 0.008333333333333333
0 0.9192708333333334 0.4170833333333333 0.004166666666666667 0.009166666666666667
0 0.8739583333333333 0.4195833333333333 0.004166666666666667 0.009166666666666667
0 0.7424479166666667 0.43 0.0036458333333333334 0.008333333333333333
0 0.7322916666666667 0.42791666666666667 0.004166666666666667 0.010833333333333334
0 0.7236979166666667 0.42833333333333334 0.0046875 0.01
0 0.29270833333333335 0.4625 0.003125 0.006666666666666667
0 0.32578125 0.4575 0.0026041666666666665 0.006666666666666667
0 0.35182291666666665 0.455 0.0026041666666666665 0.006666666666666667
0 0.37838541666666664 0.45125 0.0026041666666666665 0.0075
0 0.4075520833333333 0.4483333333333333 0.0026041666666666665 0.006666666666666667
0 0.42916666666666664 0.4475 0.003125 0.006666666666666667
0 0.4440104166666667 0.45 0.0036458333333333334 0.008333333333333333
0 0.44166666666666665 0.44958333333333333 0.0020833333333333333 0.0075
0 0.44765625 0.4475 0.0036458333333333334 0.008333333333333333
1 0.9005208333333333 0.41583333333333333 0.003125 0.006666666666666667
1 0.8161458333333333 0.42125 0.003125 0.0075
1 0.7674479166666667 0.42333333333333334 0.0026041666666666665 0.006666666666666667
1 0.7036458333333333 0.4275 0.003125 0.006666666666666667
1 0.6815104166666667 0.4295833333333333 0.0036458333333333334 0.0075
1 0.6752604166666667 0.4325 0.0036458333333333334 0.01
1 0.6721354166666667 0.43166666666666664 0.0026041666666666665 0.01
1 0.49609375 0.445 0.0026041666666666665 0.006666666666666667
1 0.49270833333333336 0.44416666666666665 0.0020833333333333333 0.006666666666666667
1 0.4901041666666667 0.44375 0.0020833333333333333 0.0075
1 0.4864583333333333 0.44333333333333336 0.0020833333333333333 0.006666666666666667
1 0.4786458333333333 0.4429166666666667 0.0020833333333333333 0.005833333333333334
1 0.45651041666666664 0.44416666666666665 0.0026041666666666665 0.006666666666666667
1 0.43385416666666665 0.44625 0.0020833333333333333 0.005833333333333334
1 0.4119791666666667 0.4479166666666667 0.0020833333333333333 0.005833333333333334
1 0.3809895833333333 0.4508333333333333 0.0026041666666666665 0.006666666666666667
1 0.34791666666666665 0.45416666666666666 0.003125 0.006666666666666667
1 0.3216145833333333 0.4575 0.0026041666666666665 0.006666666666666667
1 0.2903645833333333 0.46125 0.0026041666666666665 0.005833333333333334
1 0.25338541666666664 0.4658333333333333 0.0036458333333333334 0.006666666666666667
1 0.9544270833333334 0.4116666666666667 0.0026041666666666665 0.006666666666666667