1 0.825 0.43875 0.004166666666666667 0.009166666666666667
1 0.3377604166666667 0.5820833333333333 0.03802083333333333 0.06416666666666666
1 0.7838541666666666 0.4370833333333333 0.004166666666666667 0.009166666666666667
0 0.7877604166666666 0.44125 0.005729166666666666 0.009166666666666667
1 0.46432291666666664 0.47291666666666665 0.009895833333333333 0.0225
1 0.73984375 0.4370833333333333 0.0036458333333333334 0.0075
0 0.7424479166666667 0.43875 0.0046875 0.009166666666666667
1 0.6875 0.43625 0.003125 0.0075
0 0.6848958333333334 0.43875 0.003125 0.0075
1 0.6434895833333333 0.4370833333333333 0.0036458333333333334 0.0075
1 0.52265625 0.44125 0.0036458333333333334 0.009166666666666667
0 0.6354166666666666 0.4375 0.004166666666666667 0.008333333333333333
1 0.5401041666666667 0.43916666666666665 0.003125 0.008333333333333333
1 0.61015625 0.4370833333333333 0.0036458333333333334 0.0075
0 0.6002604166666666 0.43916666666666665 0.0036458333333333334 0.006666666666666667
1 0.9203125 0.4404166666666667 0.005208333333333333 0.0125
1 0.5723958333333333 0.4370833333333333 0.003125 0.0075
1 0.86953125 0.44 0.005729166666666666 0.01
1 0.5158854166666667 0.44333333333333336 0.0036458333333333334 0.008333333333333333
1 0.9841145833333333 0.44125 0.0067708333333333336 0.0125
1 0.5088541666666667 0.44666666666666666 0.004166666666666667 0.01
1 0.50546875 0.4525 0.005729166666666666 0.01
1 0.49140625 0.46 0.0078125 0.015
1 0.43723958333333335 0.49583333333333335 0.0140625 0.028333333333333332
0 0.5802083333333333 0.4454166666666667 0.005208333333333333 0.009166666666666667
0 0.5880208333333333 0.45125 0.005208333333333333 0.014166666666666666
0 0.6216145833333333 0.47375 0.009895833333333333 0.020833333333333332
0 0.6018229166666667 0.45958333333333334 0.0067708333333333336 0.0175
0 0.6528645833333333 0.4925 0.013020833333333334 0.03
0 0.7908854166666667 0.5808333333333333 0.033854166666666664 0.06833333333333333
0 0.8463541666666666 0.4429166666666667 0.00625 0.009166666666666667
0 0.9052083333333333 0.44333333333333336 0.007291666666666667 0.011666666666666667