1 0.8096354166666667 0.63125 0.0828125 0.1375
1 0.89375 0.34833333333333333 0.0125 0.021666666666666667
1 0.9200520833333333 0.3308333333333333 0.005729166666666666 0.008333333333333333
1 0.8411458333333334 0.32666666666666666 0.004166666666666667 0.006666666666666667
1 0.7825520833333334 0.3425 0.0078125 0.02
0 0.7783854166666667 0.3358333333333333 0.0036458333333333334 0.013333333333333334
1 0.6609375 0.3329166666666667 0.00625 0.015833333333333335
0 0.9809895833333333 0.34791666666666665 0.011979166666666667 0.019166666666666665
0 0.9700520833333334 0.33375 0.0067708333333333336 0.010833333333333334
0 0.87578125 0.3416666666666667 0.0078125 0.016666666666666666
0 0.8614583333333333 0.32916666666666666 0.004166666666666667 0.01
0 0.8075520833333333 0.3254166666666667 0.0036458333333333334 0.009166666666666667
1 0.79609375 0.32375 0.0036458333333333334 0.0075
1 0.76328125 0.32083333333333336 0.0026041666666666665 0.006666666666666667
0 0.7583333333333333 0.3204166666666667 0.003125 0.0075