1 0.4348958333333333 0.7245833333333334 0.096875 0.23083333333333333
1 0.934375 0.43166666666666664 0.057291666666666664 0.105
1 0.8541666666666666 0.2758333333333333 0.025 0.04
1 0.6158854166666666 0.27166666666666667 0.016145833333333335 0.035
1 0.45651041666666664 0.25583333333333336 0.011979166666666667 0.03
1 0.4044270833333333 0.245 0.009895833333333333 0.025
1 0.3260416666666667 0.235 0.010416666666666666 0.021666666666666667
1 0.21484375 0.23625 0.009895833333333333 0.020833333333333332
1 0.09140625 0.23958333333333334 0.0140625 0.0225
0 0.016145833333333335 0.23333333333333334 0.0125 0.02
0 0.2721354166666667 0.225 0.0067708333333333336 0.018333333333333333
0 0.3841145833333333 0.22291666666666668 0.005729166666666666 0.019166666666666665
0 0.4705729166666667 0.22708333333333333 0.0067708333333333336 0.019166666666666665
0 0.5403645833333334 0.23375 0.0078125 0.019166666666666665
0 0.6208333333333333 0.24166666666666667 0.010416666666666666 0.023333333333333334
0 0.7651041666666667 0.24416666666666667 0.013541666666666667 0.028333333333333332