0 0.5286458333333334 0.3466666666666667 0.06666666666666667 0.12666666666666668
0 0.17239583333333333 0.15791666666666668 0.017708333333333333 0.035833333333333335
0 0.38125 0.1325 0.015625 0.03166666666666667
0 0.4986979166666667 0.11 0.011979166666666667 0.025
0 0.6455729166666667 0.07916666666666666 0.009895833333333333 0.023333333333333334
0 0.7341145833333333 0.06416666666666666 0.009895833333333333 0.021666666666666667
0 0.7848958333333333 0.05541666666666667 0.00625 0.015833333333333335
0 0.8161458333333333 0.051666666666666666 0.007291666666666667 0.013333333333333334
0 0.8466145833333333 0.044583333333333336 0.0067708333333333336 0.0125
1 0.07057291666666667 0.14583333333333334 0.013020833333333334 0.02666666666666667
1 0.21692708333333333 0.13208333333333333 0.013020833333333334 0.0275
1 0.35625 0.11416666666666667 0.011458333333333333 0.023333333333333334
1 0.49921875 0.09083333333333334 0.009895833333333333 0.02
1 0.60390625 0.07416666666666667 0.008854166666666666 0.018333333333333333
1 0.6794270833333333 0.06291666666666666 0.0067708333333333336 0.015833333333333335
1 0.7278645833333334 0.05458333333333333 0.0046875 0.0125
1 0.7734375 0.04708333333333333 0.005208333333333333 0.014166666666666666
1 0.8020833333333334 0.042083333333333334 0.005208333333333333 0.014166666666666666
1 0.83125 0.03666666666666667 0.005208333333333333 0.013333333333333334