0 0.66640625 0.43666666666666665 0.07447916666666667 0.16
0 0.7565104166666666 0.08291666666666667 0.009895833333333333 0.020833333333333332
0 0.8856770833333333 0.0725 0.008854166666666666 0.02
0 0.5739583333333333 0.09666666666666666 0.009375 0.021666666666666667
0 0.35 0.1175 0.010416666666666666 0.021666666666666667
0 0.2203125 0.12875 0.011458333333333333 0.0225
0 0.05416666666666667 0.13166666666666665 0.0125 0.021666666666666667
0 0.10989583333333333 0.13416666666666666 0.010416666666666666 0.02
1 0.1734375 0.12083333333333333 0.008333333333333333 0.016666666666666666
1 0.23854166666666668 0.1175 0.008333333333333333 0.018333333333333333
1 0.3346354166666667 0.11125 0.0078125 0.0175
1 0.4953125 0.09791666666666667 0.007291666666666667 0.0175
1 0.6572916666666667 0.08541666666666667 0.007291666666666667 0.015833333333333335
1 0.79765625 0.075 0.0078125 0.016666666666666666
1 0.9114583333333334 0.06416666666666666 0.009375 0.016666666666666666
1 0.004427083333333333 0.12541666666666668 0.008854166666666666 0.015833333333333335
1 0.10338541666666666 0.12208333333333334 0.0067708333333333336 0.0175
0 0.97890625 0.06208333333333333 0.008854166666666666 0.019166666666666665