0 0.036458333333333336 0.495 0.071875 0.16166666666666665
0 0.9151041666666667 0.09833333333333333 0.0125 0.021666666666666667
0 0.8122395833333333 0.09958333333333333 0.009895833333333333 0.019166666666666665
0 0.7268229166666667 0.09958333333333333 0.008854166666666666 0.0175
0 0.59921875 0.10041666666666667 0.0078125 0.015833333333333335
0 0.5559895833333334 0.10083333333333333 0.005729166666666666 0.013333333333333334
0 0.5057291666666667 0.1 0.00625 0.013333333333333334
0 0.45 0.10041666666666667 0.00625 0.010833333333333334
1 0.9526041666666667 0.0875 0.009375 0.018333333333333333
1 0.8388020833333333 0.09208333333333334 0.0067708333333333336 0.015833333333333335
1 0.7604166666666666 0.09375 0.005208333333333333 0.014166666666666666
1 0.6747395833333333 0.09416666666666666 0.005729166666666666 0.015
1 0.6127604166666667 0.09541666666666666 0.005729166666666666 0.0125
1 0.49635416666666665 0.095 0.005208333333333333 0.01
1 0.55078125 0.095 0.0046875 0.011666666666666667
1 0.45755208333333336 0.09666666666666666 0.0036458333333333334 0.008333333333333333
1 0.4505208333333333 0.09625 0.003125 0.009166666666666667
1 0.4622395833333333 0.0925 0.0026041666666666665 0.006666666666666667
1 0.45807291666666666 0.09375 0.0026041666666666665 0.005833333333333334
1 0.42421875 0.09208333333333334 0.0026041666666666665 0.005833333333333334
1 0.38645833333333335 0.09416666666666666 0.0020833333333333333 0.006666666666666667
1 0.34270833333333334 0.09666666666666666 0.0020833333333333333 0.006666666666666667
1 0.2942708333333333 0.09958333333333333 0.0020833333333333333 0.005833333333333334
0 0.30755208333333334 0.09958333333333333 0.0026041666666666665 0.009166666666666667
0 0.34765625 0.09708333333333333 0.0036458333333333334 0.009166666666666667
0 0.3765625 0.10083333333333333 0.003125 0.01
0 0.38203125 0.09916666666666667 0.0026041666666666665 0.01
0 0.39921875 0.10166666666666667 0.0036458333333333334 0.01
0 0.3966145833333333 0.09666666666666666 0.0026041666666666665 0.008333333333333333
0 0.40651041666666665 0.09458333333333334 0.0036458333333333334 0.009166666666666667
1 0.45651041666666664 0.09041666666666667 0.0026041666666666665 0.005833333333333334