1 0.6197916666666666 0.6075 0.0625 0.13666666666666666
1 0.7700520833333333 0.45458333333333334 0.033854166666666664 0.06916666666666667
1 0.77265625 0.40375 0.019270833333333334 0.0375
1 0.73671875 0.38208333333333333 0.013020833333333334 0.030833333333333334
1 0.6221354166666667 0.36625 0.011979166666666667 0.0275
1 0.49270833333333336 0.35 0.013541666666666667 0.02666666666666667
1 0.38671875 0.34125 0.011979166666666667 0.0225
1 0.31328125 0.33 0.009895833333333333 0.018333333333333333
1 0.33203125 0.31916666666666665 0.0078125 0.013333333333333334
1 0.37395833333333334 0.3179166666666667 0.00625 0.0125
1 0.43802083333333336 0.31833333333333336 0.00625 0.011666666666666667
0 0.9598958333333333 0.3904166666666667 0.016666666666666666 0.029166666666666667
0 0.81171875 0.36916666666666664 0.0140625 0.025
0 0.69921875 0.3566666666666667 0.009895833333333333 0.021666666666666667
0 0.5809895833333333 0.34541666666666665 0.0078125 0.019166666666666665
0 0.48203125 0.33541666666666664 0.0109375 0.020833333333333332
0 0.5549479166666667 0.3254166666666667 0.0046875 0.010833333333333334
0 0.5486979166666667 0.31958333333333333 0.0036458333333333334 0.010833333333333334
0 0.5307291666666667 0.3175 0.004166666666666667 0.01
1 0.31276041666666665 0.32416666666666666 0.008854166666666666 0.016666666666666666
1 0.46484375 0.3125 0.0036458333333333334 0.008333333333333333
1 0.47161458333333334 0.31125 0.0026041666666666665 0.0075
1 0.4744791666666667 0.315 0.004166666666666667 0.008333333333333333
1 0.48984375 0.31083333333333335 0.0026041666666666665 0.006666666666666667
1 0.5276041666666667 0.3125 0.0020833333333333333 0.005
0 0.5661458333333333 0.3225 0.004166666666666667 0.011666666666666667
0 0.565625 0.31625 0.003125 0.0075
1 0.5692708333333333 0.315 0.003125 0.006666666666666667
0 0.6036458333333333 0.31625 0.0020833333333333333 0.005833333333333334
1 0.6109375 0.31833333333333336 0.0020833333333333333 0.005
0 0.6458333333333334 0.32125 0.0020833333333333333 0.0075
0 0.6807291666666667 0.325 0.0020833333333333333 0.006666666666666667
0 0.703125 0.33 0.0020833333333333333 0.005
1 0.69921875 0.32666666666666666 0.0026041666666666665 0.005
1 0.72890625 0.32958333333333334 0.0026041666666666665 0.005833333333333334
1 0.759375 0.3333333333333333 0.003125 0.005
0 0.7494791666666667 0.33375 0.0020833333333333333 0.0075
0 0.8119791666666667 0.33791666666666664 0.003125 0.010833333333333334
1 0.8067708333333333 0.33625 0.003125 0.0075
1 0.903125 0.3408333333333333 0.004166666666666667 0.01
0 0.9489583333333333 0.34625 0.005208333333333333 0.010833333333333334