1 0.37473958333333335 0.61125 0.044270833333333336 0.07916666666666666
1 0.6364583333333333 0.53875 0.021875 0.0475
1 0.8244791666666667 0.5095833333333334 0.01875 0.0375
1 0.91015625 0.4533333333333333 0.005729166666666666 0.013333333333333334
0 0.9846354166666667 0.45166666666666666 0.005729166666666666 0.013333333333333334
0 0.9 0.4508333333333333 0.005208333333333333 0.011666666666666667
1 0.8083333333333333 0.45208333333333334 0.004166666666666667 0.010833333333333334
1 0.75625 0.4504166666666667 0.004166666666666667 0.010833333333333334
1 0.7208333333333333 0.44875 0.003125 0.009166666666666667
0 0.8325520833333333 0.4504166666666667 0.0036458333333333334 0.010833333333333334
0 0.7919270833333333 0.4483333333333333 0.0036458333333333334 0.01
1 0.66171875 0.44125 0.0036458333333333334 0.0075
1 0.6747395833333333 0.44125 0.0026041666666666665 0.0075
1 0.68203125 0.44166666666666665 0.0015625 0.006666666666666667
1 0.7013020833333333 0.4429166666666667 0.0026041666666666665 0.0075
1 0.7135416666666666 0.44666666666666666 0.003125 0.01
1 0.7296875 0.4454166666666667 0.003125 0.009166666666666667
1 0.73671875 0.445 0.0026041666666666665 0.006666666666666667
1 0.7447916666666666 0.445 0.003125 0.008333333333333333
0 0.76484375 0.44458333333333333 0.0026041666666666665 0.0075
0 0.7833333333333333 0.4475 0.003125 0.01
0 0.7986979166666667 0.445 0.0015625 0.008333333333333333
0 0.80078125 0.44625 0.0026041666666666665 0.009166666666666667
0 0.8151041666666666 0.44583333333333336 0.0020833333333333333 0.008333333333333333
0 0.8567708333333334 0.445 0.0020833333333333333 0.006666666666666667
1 0.8596354166666667 0.44458333333333333 0.0026041666666666665 0.0075
1 0.8927083333333333 0.445 0.003125 0.006666666666666667
0 0.90546875 0.44625 0.0026041666666666665 0.009166666666666667
0 0.9588541666666667 0.44625 0.003125 0.009166666666666667
1 0.93828125 0.44666666666666666 0.0026041666666666665 0.006666666666666667