0 0.98828125 0.19833333333333333 0.0078125 0.013333333333333334
0 0.9684895833333333 0.215 0.009895833333333333 0.02
0 0.9578125 0.20958333333333334 0.008333333333333333 0.0175
0 0.9544270833333334 0.23333333333333334 0.015104166666666667 0.025
0 0.9330729166666667 0.20541666666666666 0.0078125 0.015833333333333335
0 0.9403645833333333 0.2025 0.0067708333333333336 0.015
0 0.8708333333333333 0.24416666666666667 0.016666666666666666 0.03
1 0.9596354166666666 0.26625 0.0234375 0.03916666666666667
1 0.8330729166666667 0.2825 0.024479166666666666 0.041666666666666664
1 0.88671875 0.41458333333333336 0.06510416666666667 0.0975
1 0.671875 0.29583333333333334 0.023958333333333335 0.043333333333333335
0 0.7768229166666667 0.25458333333333333 0.016145833333333335 0.030833333333333334
0 0.625 0.26958333333333334 0.015625 0.034166666666666665