0 0.40130208333333334 0.5604166666666667 0.0921875 0.20416666666666666
0 0.7796875 0.08666666666666667 0.008333333333333333 0.02
0 0.6216145833333333 0.0925 0.0067708333333333336 0.016666666666666666
0 0.47734375 0.09916666666666667 0.0067708333333333336 0.015
0 0.41067708333333336 0.1025 0.005729166666666666 0.015
0 0.38203125 0.10166666666666667 0.0046875 0.013333333333333334
0 0.37786458333333334 0.09916666666666667 0.0036458333333333334 0.013333333333333334
0 0.359375 0.09708333333333333 0.004166666666666667 0.010833333333333334
1 0.7638020833333333 0.08208333333333333 0.0067708333333333336 0.015833333333333335
1 0.6286458333333333 0.08791666666666667 0.005208333333333333 0.014166666666666666
1 0.5234375 0.09291666666666666 0.005208333333333333 0.0125
1 0.4817708333333333 0.095 0.005208333333333333 0.01
1 0.46536458333333336 0.09333333333333334 0.0046875 0.01
1 0.4453125 0.09208333333333334 0.005208333333333333 0.010833333333333334
0 0.25104166666666666 0.10583333333333333 0.00625 0.011666666666666667
0 0.30833333333333335 0.10208333333333333 0.005208333333333333 0.0125
1 0.34921875 0.09666666666666666 0.0046875 0.01
0 0.08984375 0.12708333333333333 0.0067708333333333336 0.014166666666666666
0 0.11041666666666666 0.12416666666666666 0.005208333333333333 0.01
0 0.12760416666666666 0.11875 0.005208333333333333 0.0125
0 0.14322916666666666 0.11583333333333333 0.00625 0.011666666666666667
0 0.19010416666666666 0.11041666666666666 0.005208333333333333 0.010833333333333334
1 0.21953125 0.10666666666666667 0.0046875 0.01
1 0.2864583333333333 0.10125 0.004166666666666667 0.009166666666666667