0 0.23151041666666666 0.68375 0.12447916666666667 0.24416666666666667
0 0.6848958333333334 0.10125 0.007291666666666667 0.0175
0 0.7791666666666667 0.0975 0.007291666666666667 0.018333333333333333
0 0.5713541666666667 0.10541666666666667 0.00625 0.014166666666666666
0 0.44140625 0.11041666666666666 0.0078125 0.014166666666666666
0 0.31875 0.11666666666666667 0.00625 0.013333333333333334
0 0.26171875 0.12 0.005729166666666666 0.013333333333333334
1 0.6981770833333333 0.09458333333333334 0.005729166666666666 0.014166666666666666
1 0.46041666666666664 0.10541666666666667 0.005208333333333333 0.0125
1 0.37213541666666666 0.11 0.005729166666666666 0.011666666666666667
1 0.3380208333333333 0.11083333333333334 0.005208333333333333 0.011666666666666667
1 0.32838541666666665 0.11 0.0046875 0.01
0 0.18489583333333334 0.11875 0.005208333333333333 0.009166666666666667
0 0.12838541666666667 0.12208333333333334 0.0067708333333333336 0.010833333333333334
0 0.24192708333333332 0.11958333333333333 0.005729166666666666 0.0125
0 0.23255208333333333 0.11541666666666667 0.0046875 0.009166666666666667
1 0.228125 0.11291666666666667 0.004166666666666667 0.009166666666666667
1 0.16848958333333333 0.11875 0.0046875 0.009166666666666667
1 0.28619791666666666 0.11 0.0046875 0.01
1 0.3138020833333333 0.10958333333333334 0.0046875 0.009166666666666667
1 0.5755208333333334 0.10041666666666667 0.004166666666666667 0.014166666666666666
1 0.8161458333333333 0.09 0.005208333333333333 0.015
0 0.9002604166666667 0.08958333333333333 0.0078125 0.019166666666666665