1 0.6572916666666667 0.6979166666666666 0.065625 0.1225
1 0.6002604166666666 0.5745833333333333 0.0359375 0.0625
1 0.4359375 0.5491666666666667 0.021875 0.04666666666666667
1 0.228125 0.57125 0.030208333333333334 0.050833333333333335
0 0.1015625 0.55 0.020833333333333332 0.035
0 0.3828125 0.5079166666666667 0.014583333333333334 0.029166666666666667
0 0.5692708333333333 0.49666666666666665 0.013541666666666667 0.03
0 0.61015625 0.46 0.008854166666666666 0.015
0 0.7020833333333333 0.45916666666666667 0.009375 0.018333333333333333
0 0.7385416666666667 0.49375 0.01875 0.0325
0 0.8390625 0.45666666666666667 0.0125 0.021666666666666667
1 0.8247395833333333 0.4475 0.008854166666666666 0.016666666666666666
1 0.7354166666666667 0.45125 0.008333333333333333 0.014166666666666666
1 0.6734375 0.45166666666666666 0.007291666666666667 0.013333333333333334
1 0.071875 0.49416666666666664 0.007291666666666667 0.011666666666666667
0 0.08463541666666667 0.49625 0.008854166666666666 0.014166666666666666
1 0.1828125 0.48291666666666666 0.005208333333333333 0.009166666666666667
0 0.21119791666666668 0.4820833333333333 0.0067708333333333336 0.0125
1 0.2716145833333333 0.47291666666666665 0.0067708333333333336 0.010833333333333334
0 0.30494791666666665 0.47208333333333335 0.0067708333333333336 0.0125
1 0.3377604166666667 0.46541666666666665 0.0046875 0.009166666666666667
0 0.38046875 0.46291666666666664 0.005729166666666666 0.010833333333333334
1 0.38723958333333336 0.46125 0.0046875 0.0075
0 0.42604166666666665 0.4579166666666667 0.005208333333333333 0.009166666666666667
1 0.42942708333333335 0.4558333333333333 0.0046875 0.006666666666666667
0 0.46197916666666666 0.45416666666666666 0.005208333333333333 0.008333333333333333
0 0.49635416666666665 0.4508333333333333 0.004166666666666667 0.008333333333333333
1 0.503125 0.44958333333333333 0.003125 0.0075
0 0.5330729166666667 0.4483333333333333 0.0046875 0.008333333333333333
1 0.5419270833333333 0.44625 0.0046875 0.0075
0 0.5591145833333333 0.4483333333333333 0.0046875 0.01
1 0.5690104166666666 0.4454166666666667 0.0036458333333333334 0.005833333333333334
0 0.565625 0.45708333333333334 0.00625 0.0125
0 0.5669270833333333 0.4533333333333333 0.0036458333333333334 0.011666666666666667
0 0.578125 0.45125 0.005208333333333333 0.010833333333333334
0 0.5830729166666667 0.4479166666666667 0.0046875 0.009166666666666667
1 0.59765625 0.44416666666666665 0.0036458333333333334 0.008333333333333333
1 0.6270833333333333 0.44416666666666665 0.004166666666666667 0.008333333333333333
1 0.6380208333333334 0.4454166666666667 0.004166666666666667 0.009166666666666667
1 0.6419270833333334 0.44666666666666666 0.0036458333333333334 0.01
1 0.6450520833333333 0.4483333333333333 0.0046875 0.01
1 0.6489583333333333 0.4504166666666667 0.005208333333333333 0.0125
1 0.9341145833333333 0.44583333333333336 0.0109375 0.016666666666666666
1 0.9786458333333333 0.4325 0.008333333333333333 0.013333333333333334
1 0.990625 0.4295833333333333 0.008333333333333333 0.0125
1 0.9971354166666667 0.4354166666666667 0.005729166666666666 0.014166666666666666