1 0.3216145833333333 0.6020833333333333 0.044270833333333336 0.07583333333333334
1 0.434375 0.5045833333333334 0.017708333333333333 0.0375
1 0.47265625 0.47375 0.011979166666666667 0.025833333333333333
1 0.5236979166666667 0.46166666666666667 0.008854166666666666 0.02
1 0.6018229166666667 0.4533333333333333 0.008854166666666666 0.018333333333333333
1 0.6833333333333333 0.4504166666666667 0.00625 0.0175
1 0.7609375 0.44916666666666666 0.007291666666666667 0.016666666666666666
1 0.87578125 0.4504166666666667 0.008854166666666666 0.0175
0 0.928125 0.46 0.013541666666666667 0.021666666666666667
0 0.7729166666666667 0.45708333333333334 0.011458333333333333 0.019166666666666665
0 0.6893229166666667 0.46166666666666667 0.013020833333333334 0.023333333333333334
0 0.6450520833333333 0.47208333333333335 0.013020833333333334 0.025833333333333333
0 0.6828125 0.4979166666666667 0.020833333333333332 0.035833333333333335
0 0.7940104166666667 0.57625 0.03802083333333333 0.0675