0 0.13828125 0.5725 0.11510416666666666 0.19833333333333333
0 0.14114583333333333 0.31333333333333335 0.051041666666666666 0.08833333333333333
0 0.35494791666666664 0.22375 0.028645833333333332 0.05416666666666667
0 0.5145833333333333 0.18791666666666668 0.025 0.04583333333333333
0 0.7424479166666667 0.14208333333333334 0.016145833333333335 0.034166666666666665
0 0.8869791666666667 0.11625 0.0125 0.0275
1 0.07447916666666667 0.21625 0.028125 0.0475
1 0.3421875 0.17458333333333334 0.015625 0.034166666666666665
1 0.584375 0.13833333333333334 0.0125 0.02666666666666667
1 0.7372395833333333 0.11666666666666667 0.0067708333333333336 0.023333333333333334
1 0.834375 0.10416666666666667 0.009375 0.02
1 0.915625 0.09333333333333334 0.008333333333333333 0.018333333333333333
1 0.9723958333333333 0.085 0.00625 0.016666666666666666
0 0.9794270833333333 0.10083333333333333 0.0109375 0.02