0 0.56171875 0.7008333333333333 0.14010416666666667 0.27666666666666667
0 0.22526041666666666 0.19791666666666666 0.024479166666666666 0.04583333333333333
0 0.4075520833333333 0.16708333333333333 0.019270833333333334 0.0375
0 0.39817708333333335 0.14 0.013020833333333334 0.025
0 0.4473958333333333 0.14833333333333334 0.017708333333333333 0.03166666666666667
0 0.3536458333333333 0.13291666666666666 0.011458333333333333 0.024166666666666666
0 0.328125 0.12833333333333333 0.009375 0.021666666666666667
0 0.36380208333333336 0.12083333333333333 0.009895833333333333 0.018333333333333333
1 0.35885416666666664 0.115 0.00625 0.015
0 0.4484375 0.11291666666666667 0.008333333333333333 0.0175
0 0.5388020833333333 0.10666666666666667 0.0078125 0.018333333333333333
0 0.6372395833333333 0.10166666666666667 0.0078125 0.018333333333333333
0 0.7268229166666667 0.1025 0.008854166666666666 0.02
0 0.7877604166666666 0.10333333333333333 0.0109375 0.021666666666666667
0 0.91875 0.10125 0.011458333333333333 0.024166666666666666
1 0.91171875 0.09125 0.008854166666666666 0.019166666666666665
1 0.8307291666666666 0.09208333333333334 0.009375 0.019166666666666665
1 0.75703125 0.09291666666666666 0.0078125 0.0175
1 0.6635416666666667 0.09541666666666666 0.007291666666666667 0.015833333333333335
1 0.5536458333333333 0.10083333333333333 0.00625 0.015
1 0.45703125 0.10625 0.0067708333333333336 0.015833333333333335
1 0.265625 0.12375 0.011458333333333333 0.0175
1 0.209375 0.13208333333333333 0.009375 0.019166666666666665
1 0.22786458333333334 0.15916666666666668 0.0140625 0.028333333333333332
1 0.17890625 0.14125 0.013020833333333334 0.024166666666666666
1 0.19010416666666666 0.14916666666666667 0.013541666666666667 0.025
1 0.18385416666666668 0.17 0.017708333333333333 0.03333333333333333
1 0.008072916666666667 0.19291666666666665 0.015104166666666667 0.03916666666666667