1 0.19895833333333332 0.7070833333333333 0.11458333333333333 0.1975
1 0.9614583333333333 0.3458333333333333 0.008333333333333333 0.016666666666666666
1 0.9033854166666667 0.33875 0.005729166666666666 0.0125
1 0.9234375 0.335 0.004166666666666667 0.01
1 0.89453125 0.33708333333333335 0.0046875 0.009166666666666667
1 0.82890625 0.3229166666666667 0.0036458333333333334 0.0075
1 0.8450520833333334 0.32458333333333333 0.0036458333333333334 0.0075
1 0.8609375 0.3229166666666667 0.003125 0.005833333333333334
1 0.88359375 0.3283333333333333 0.0036458333333333334 0.008333333333333333
0 0.9875 0.33416666666666667 0.004166666666666667 0.011666666666666667
0 0.9328125 0.32916666666666666 0.003125 0.008333333333333333
1 0.9572916666666667 0.32875 0.003125 0.005833333333333334