0 0.18854166666666666 0.5429166666666667 0.10520833333333333 0.20083333333333334
0 0.16640625 0.18666666666666668 0.024479166666666666 0.04833333333333333
0 0.2903645833333333 0.15833333333333333 0.0171875 0.03833333333333333
0 0.4203125 0.13208333333333333 0.016666666666666666 0.035833333333333335
1 0.10963541666666667 0.15625 0.018229166666666668 0.034166666666666665
1 0.28958333333333336 0.13125 0.017708333333333333 0.029166666666666667
1 0.47109375 0.10833333333333334 0.011979166666666667 0.025
0 0.5559895833333334 0.11708333333333333 0.013020833333333334 0.029166666666666667
1 0.6018229166666667 0.09541666666666666 0.0109375 0.020833333333333332
0 0.6744791666666666 0.1025 0.011458333333333333 0.02666666666666667
1 0.7481770833333333 0.08375 0.0109375 0.019166666666666665
0 0.8466145833333333 0.08458333333333333 0.013020833333333334 0.029166666666666667
1 0.86796875 0.07083333333333333 0.011979166666666667 0.023333333333333334
1 0.8807291666666667 0.05708333333333333 0.008333333333333333 0.015833333333333335
0 0.9416666666666667 0.050416666666666665 0.009375 0.0175
0 0.99296875 0.06916666666666667 0.013020833333333334 0.028333333333333332
0 0.8244791666666667 0.060833333333333336 0.007291666666666667 0.015
1 0.809375 0.0625 0.007291666666666667 0.015
1 0.79140625 0.06208333333333333 0.005729166666666666 0.0125
0 0.7716145833333333 0.06333333333333334 0.0046875 0.011666666666666667
0 0.7651041666666667 0.06375 0.004166666666666667 0.0125
1 0.71484375 0.06666666666666667 0.0046875 0.01
1 0.6981770833333333 0.06833333333333333 0.0046875 0.011666666666666667
1 0.690625 0.06833333333333333 0.004166666666666667 0.011666666666666667
1 0.6747395833333333 0.07 0.0046875 0.01
0 0.8716145833333333 0.0575 0.005729166666666666 0.015