1 0.603125 0.4033333333333333 0.04583333333333333 0.1
1 0.8786458333333333 0.31708333333333333 0.046875 0.06916666666666667
1 0.7674479166666667 0.22833333333333333 0.019270833333333334 0.03166666666666667
1 0.6611979166666667 0.21208333333333335 0.0140625 0.025833333333333333
1 0.5708333333333333 0.20166666666666666 0.010416666666666666 0.021666666666666667
1 0.5106770833333333 0.19458333333333333 0.008854166666666666 0.0175
1 0.9481770833333333 0.2629166666666667 0.0328125 0.0475
1 0.20703125 0.22125 0.015104166666666667 0.0275
1 0.34713541666666664 0.20875 0.009895833333333333 0.0225
0 0.6966145833333334 0.19833333333333333 0.009895833333333333 0.02
0 0.6221354166666667 0.19125 0.0078125 0.015833333333333335
0 0.5911458333333334 0.18708333333333332 0.00625 0.015833333333333335
0 0.775 0.205 0.008333333333333333 0.023333333333333334
1 0.45598958333333334 0.18291666666666667 0.0067708333333333336 0.014166666666666666
1 0.48359375 0.1875 0.0078125 0.016666666666666666
1 0.50078125 0.18333333333333332 0.0067708333333333336 0.013333333333333334
1 0.5283854166666667 0.17791666666666667 0.005729166666666666 0.014166666666666666
1 0.5450520833333333 0.17541666666666667 0.005729166666666666 0.0125
0 0.9486979166666667 0.21833333333333332 0.018229166666666668 0.03166666666666667
1 0.053385416666666664 0.22916666666666666 0.018229166666666668 0.03
0 0.05572916666666667 0.20875 0.010416666666666666 0.024166666666666666
0 0.18828125 0.20416666666666666 0.0109375 0.021666666666666667
0 0.2825520833333333 0.19666666666666666 0.008854166666666666 0.02
0 0.35911458333333335 0.18583333333333332 0.0067708333333333336 0.015
1 0.4002604166666667 0.19708333333333333 0.008854166666666666 0.019166666666666665
1 0.5567708333333333 0.17375 0.005208333333333333 0.010833333333333334
1 0.5135416666666667 0.17125 0.004166666666666667 0.010833333333333334
1 0.5041666666666667 0.17291666666666666 0.004166666666666667 0.010833333333333334
1 0.5721354166666667 0.17208333333333334 0.0036458333333333334 0.010833333333333334
0 0.4609375 0.17041666666666666 0.004166666666666667 0.009166666666666667
0 0.44166666666666665 0.17375 0.003125 0.010833333333333334
0 0.43854166666666666 0.17416666666666666 0.003125 0.01
0 0.4083333333333333 0.17791666666666667 0.005208333333333333 0.0125
0 0.5971354166666667 0.18333333333333332 0.0046875 0.013333333333333334
0 0.60078125 0.17916666666666667 0.0036458333333333334 0.011666666666666667
0 0.6072916666666667 0.17583333333333334 0.003125 0.011666666666666667
0 0.6130208333333333 0.17166666666666666 0.004166666666666667 0.011666666666666667