1 0.7828125 0.3491666666666667 0.05625 0.12166666666666667
1 0.903125 0.225 0.0375 0.07166666666666667
1 0.9067708333333333 0.16416666666666666 0.027083333333333334 0.04666666666666667
1 0.9296875 0.13625 0.019791666666666666 0.035833333333333335
1 0.9763020833333333 0.12083333333333333 0.018229166666666668 0.03
1 0.7515625 0.11125 0.013541666666666667 0.0275
0 0.8231770833333333 0.09333333333333334 0.0109375 0.021666666666666667
1 0.6067708333333334 0.10875 0.013541666666666667 0.029166666666666667
0 0.6583333333333333 0.09166666666666666 0.010416666666666666 0.021666666666666667
0 0.5458333333333333 0.08625 0.009375 0.020833333333333332
0 0.4609375 0.07708333333333334 0.009375 0.020833333333333332
1 0.45 0.09625 0.011458333333333333 0.0275
1 0.36796875 0.08541666666666667 0.009895833333333333 0.025833333333333333
0 0.3807291666666667 0.07 0.008333333333333333 0.021666666666666667
0 0.27265625 0.06208333333333333 0.0067708333333333336 0.0225
1 0.246875 0.0725 0.009375 0.023333333333333334
1 0.10130208333333333 0.06625 0.011979166666666667 0.0275
0 0.12942708333333333 0.05625 0.008854166666666666 0.0225
0 0.9809895833333333 0.09458333333333334 0.0140625 0.020833333333333332
1 0.9924479166666667 0.10833333333333334 0.015104166666666667 0.02666666666666667
0 0.9671875 0.03375 0.00625 0.0175
0 0.97578125 0.03166666666666667 0.0067708333333333336 0.016666666666666666
0 0.9809895833333333 0.029166666666666667 0.0036458333333333334 0.018333333333333333