1 0.471875 0.7625 0.08645833333333333 0.2
1 0.9770833333333333 0.6045833333333334 0.04479166666666667 0.11083333333333334
1 0.95625 0.4141666666666667 0.030208333333333334 0.045
1 0.8484375 0.37625 0.017708333333333333 0.029166666666666667
1 0.7658854166666667 0.3575 0.015104166666666667 0.025
1 0.7046875 0.34833333333333333 0.011458333333333333 0.021666666666666667
1 0.621875 0.34291666666666665 0.011458333333333333 0.020833333333333332
1 0.51171875 0.3375 0.0109375 0.023333333333333334
1 0.40286458333333336 0.33375 0.008854166666666666 0.020833333333333332
1 0.2864583333333333 0.32625 0.010416666666666666 0.020833333333333332
1 0.24479166666666666 0.31958333333333333 0.010416666666666666 0.019166666666666665
1 0.22994791666666667 0.31416666666666665 0.009895833333333333 0.016666666666666666
1 0.25338541666666664 0.31166666666666665 0.0078125 0.015
0 0.9044270833333333 0.35833333333333334 0.013020833333333334 0.023333333333333334
0 0.7908854166666667 0.34791666666666665 0.009895833333333333 0.019166666666666665
0 0.6963541666666667 0.33916666666666667 0.010416666666666666 0.018333333333333333
0 0.5309895833333333 0.3308333333333333 0.0078125 0.015
0 0.4388020833333333 0.3275 0.0067708333333333336 0.013333333333333334
0 0.6197916666666666 0.33375 0.00625 0.015833333333333335
1 0.30625 0.31125 0.005208333333333333 0.0125
1 0.3109375 0.30666666666666664 0.003125 0.008333333333333333
1 0.28984375 0.30375 0.0036458333333333334 0.0075
1 0.2986979166666667 0.3016666666666667 0.0026041666666666665 0.006666666666666667
1 0.28671875 0.3025 0.0026041666666666665 0.006666666666666667
0 0.36276041666666664 0.3070833333333333 0.0026041666666666665 0.0075
0 0.39114583333333336 0.31 0.003125 0.006666666666666667
0 0.42213541666666665 0.315 0.0036458333333333334 0.006666666666666667
0 0.41848958333333336 0.31333333333333335 0.0026041666666666665 0.006666666666666667
0 0.37786458333333334 0.30416666666666664 0.0026041666666666665 0.006666666666666667
0 0.5114583333333333 0.31166666666666665 0.003125 0.006666666666666667
1 0.5234375 0.3125 0.0020833333333333333 0.005
1 0.5875 0.31708333333333333 0.0020833333333333333 0.005833333333333334
0 0.55234375 0.315 0.0026041666666666665 0.006666666666666667
1 0.5505208333333333 0.31333333333333335 0.0020833333333333333 0.006666666666666667
0 0.5981770833333333 0.31833333333333336 0.0026041666666666665 0.008333333333333333
0 0.68203125 0.32208333333333333 0.0036458333333333334 0.009166666666666667
1 0.65 0.32 0.003125 0.006666666666666667
1 0.7169270833333333 0.32458333333333333 0.0026041666666666665 0.005833333333333334
0 0.7567708333333333 0.32625 0.003125 0.009166666666666667
0 0.81328125 0.33 0.0026041666666666665 0.006666666666666667
1 0.7796875 0.32708333333333334 0.003125 0.005833333333333334
1 0.83203125 0.32958333333333334 0.0026041666666666665 0.005833333333333334
1 0.8919270833333334 0.33166666666666667 0.0026041666666666665 0.006666666666666667
0 0.8557291666666667 0.33166666666666667 0.003125 0.008333333333333333
0 0.9033854166666667 0.33375 0.0036458333333333334 0.0075
0 0.9518229166666666 0.3358333333333333 0.0026041666666666665 0.006666666666666667
1 0.9369791666666667 0.33416666666666667 0.003125 0.006666666666666667
1 0.9893229166666667 0.33625 0.0036458333333333334 0.005833333333333334