1 0.32734375 0.9304166666666667 0.06927083333333334 0.1375
1 0.62421875 0.5258333333333334 0.0484375 0.10666666666666667
1 0.6578125 0.40166666666666667 0.023958333333333335 0.05333333333333334
1 0.6559895833333333 0.35875 0.018229166666666668 0.034166666666666665
1 0.70859375 0.33875 0.0109375 0.025833333333333333
1 0.78515625 0.335 0.011979166666666667 0.023333333333333334
1 0.88203125 0.33416666666666667 0.0109375 0.021666666666666667
0 0.9161458333333333 0.36125 0.017708333333333333 0.0325
0 0.9533854166666667 0.3883333333333333 0.025520833333333333 0.043333333333333335
1 0.08177083333333333 0.30583333333333335 0.010416666666666666 0.02
1 0.13151041666666666 0.3 0.0078125 0.016666666666666666
1 0.12552083333333333 0.295 0.005208333333333333 0.011666666666666667
1 0.10208333333333333 0.2920833333333333 0.004166666666666667 0.010833333333333334