1 0.40078125 0.7125 0.10052083333333334 0.2
1 0.9627604166666667 0.5491666666666667 0.0734375 0.10666666666666667
1 0.24010416666666667 0.34041666666666665 0.017708333333333333 0.034166666666666665
1 0.371875 0.33 0.014583333333333334 0.028333333333333332
1 0.4674479166666667 0.32208333333333333 0.009895833333333333 0.024166666666666666
1 0.53828125 0.3179166666666667 0.008854166666666666 0.020833333333333332
1 0.6166666666666667 0.3179166666666667 0.008333333333333333 0.0175
1 0.64765625 0.3125 0.0067708333333333336 0.016666666666666666
1 0.6372395833333333 0.29625 0.0036458333333333334 0.0075
1 0.67578125 0.30875 0.0067708333333333336 0.014166666666666666
1 0.6705729166666666 0.29833333333333334 0.0036458333333333334 0.008333333333333333
1 0.6947916666666667 0.30625 0.005208333333333333 0.009166666666666667
0 0.153125 0.3204166666666667 0.013541666666666667 0.0275
0 0.3026041666666667 0.31416666666666665 0.010416666666666666 0.021666666666666667
0 0.39010416666666664 0.3095833333333333 0.009375 0.019166666666666665
0 0.5052083333333334 0.3075 0.008333333333333333 0.016666666666666666
0 0.54296875 0.3045833333333333 0.005729166666666666 0.014166666666666666
0 0.58203125 0.30333333333333334 0.005729166666666666 0.011666666666666667
0 0.6122395833333333 0.30083333333333334 0.0046875 0.011666666666666667
0 0.609375 0.29625 0.003125 0.009166666666666667
0 0.6213541666666667 0.3 0.005208333333333333 0.01
0 0.5841145833333333 0.29291666666666666 0.0036458333333333334 0.009166666666666667
0 0.46953125 0.28875 0.0046875 0.009166666666666667
0 0.5140625 0.29041666666666666 0.004166666666666667 0.009166666666666667
0 0.55 0.2916666666666667 0.004166666666666667 0.008333333333333333
1 0.56328125 0.29083333333333333 0.0036458333333333334 0.006666666666666667
1 0.6026041666666667 0.29375 0.003125 0.0075
1 0.3111979166666667 0.2841666666666667 0.0036458333333333334 0.008333333333333333
1 0.41432291666666665 0.28625 0.0036458333333333334 0.0075
0 0.3182291666666667 0.28541666666666665 0.004166666666666667 0.009166666666666667
0 0.3671875 0.28583333333333333 0.004166666666666667 0.01
0 0.41901041666666666 0.2875 0.0036458333333333334 0.01
0 0.10338541666666666 0.27958333333333335 0.0046875 0.010833333333333334
0 0.17604166666666668 0.2825 0.004166666666666667 0.01
0 0.23854166666666668 0.28458333333333335 0.004166666666666667 0.009166666666666667
1 0.209375 0.28208333333333335 0.004166666666666667 0.009166666666666667
1 0.13802083333333334 0.2791666666666667 0.004166666666666667 0.008333333333333333
0 0.02109375 0.27666666666666667 0.005729166666666666 0.011666666666666667
1 0.6989583333333333 0.30333333333333334 0.004166666666666667 0.011666666666666667
1 0.3606770833333333 0.28458333333333335 0.0026041666666666665 0.0075