0 0.275 0.5195833333333333 0.10520833333333333 0.1925
0 0.05416666666666667 0.33708333333333335 0.065625 0.11083333333333334
0 0.036458333333333336 0.19875 0.030208333333333334 0.05416666666666667
0 0.06822916666666666 0.17125 0.023958333333333335 0.04416666666666667
0 0.08307291666666666 0.15875 0.021354166666666667 0.0375
0 0.015104166666666667 0.26 0.030208333333333334 0.07833333333333334
0 0.271875 0.09791666666666667 0.00625 0.014166666666666666
0 0.2625 0.10208333333333333 0.007291666666666667 0.014166666666666666
0 0.23489583333333333 0.10791666666666666 0.008333333333333333 0.015833333333333335
0 0.203125 0.11458333333333333 0.009375 0.015833333333333335
0 0.1765625 0.14 0.013541666666666667 0.021666666666666667
0 0.16901041666666666 0.12791666666666668 0.005729166666666666 0.0225
1 0.0046875 0.14041666666666666 0.009375 0.0225
1 0.0265625 0.13375 0.0125 0.020833333333333332
1 0.06770833333333333 0.12625 0.009375 0.015833333333333335
0 0.8328125 0.03916666666666667 0.004166666666666667 0.011666666666666667
0 0.8325520833333333 0.03333333333333333 0.0046875 0.011666666666666667
0 0.84765625 0.037083333333333336 0.005729166666666666 0.015833333333333335
0 0.8651041666666667 0.030833333333333334 0.004166666666666667 0.01
0 0.8692708333333333 0.03333333333333333 0.004166666666666667 0.01
0 0.8815104166666666 0.0375 0.0036458333333333334 0.011666666666666667
0 0.8846354166666667 0.035416666666666666 0.0046875 0.010833333333333334
0 0.8885416666666667 0.029583333333333333 0.004166666666666667 0.010833333333333334
0 0.92265625 0.0375 0.005729166666666666 0.013333333333333334
1 0.8807291666666667 0.0275 0.004166666666666667 0.008333333333333333
0 0.7263020833333333 0.0425 0.0036458333333333334 0.01
0 0.6958333333333333 0.04625 0.004166666666666667 0.010833333333333334
0 0.6669270833333333 0.04875 0.0036458333333333334 0.010833333333333334
0 0.6229166666666667 0.05291666666666667 0.004166666666666667 0.010833333333333334
0 0.453125 0.07166666666666667 0.004166666666666667 0.01
0 0.35703125 0.08125 0.0036458333333333334 0.010833333333333334
0 0.41432291666666665 0.07708333333333334 0.0046875 0.009166666666666667
0 0.2864583333333333 0.08666666666666667 0.004166666666666667 0.011666666666666667
1 0.25364583333333335 0.09083333333333334 0.004166666666666667 0.01
1 0.29921875 0.08458333333333333 0.0046875 0.010833333333333334
1 0.3484375 0.08083333333333333 0.004166666666666667 0.01
1 0.3859375 0.07708333333333334 0.004166666666666667 0.010833333333333334
1 0.3984375 0.075 0.003125 0.01
1 0.4075520833333333 0.07333333333333333 0.0026041666666666665 0.01
1 0.4125 0.07208333333333333 0.003125 0.009166666666666667
1 0.43307291666666664 0.06916666666666667 0.0026041666666666665 0.008333333333333333
0 0.46197916666666666 0.06916666666666667 0.003125 0.008333333333333333
0 0.46432291666666664 0.06666666666666667 0.0026041666666666665 0.006666666666666667
0 0.4666666666666667 0.06583333333333333 0.0020833333333333333 0.006666666666666667
1 0.4979166666666667 0.0625 0.003125 0.008333333333333333
1 0.5372395833333333 0.059166666666666666 0.0026041666666666665 0.008333333333333333
1 0.5854166666666667 0.05541666666666667 0.003125 0.0075
1 0.67578125 0.04666666666666667 0.0036458333333333334 0.008333333333333333
1 0.7036458333333333 0.042916666666666665 0.003125 0.0075
1 0.7385416666666667 0.03958333333333333 0.003125 0.005833333333333334
1 0.9171875 0.027916666666666666 0.005208333333333333 0.014166666666666666
1 0.9473958333333333 0.028333333333333332 0.005208333333333333 0.013333333333333334
1 0.93515625 0.02666666666666667 0.0046875 0.01