0 0.421875 0.5145833333333333 0.09895833333333333 0.18083333333333335
0 0.7768229166666667 0.09 0.008854166666666666 0.02
0 0.6963541666666667 0.09125 0.008333333333333333 0.0175
1 0.7309895833333333 0.08541666666666667 0.0067708333333333336 0.015833333333333335
1 0.6263020833333334 0.08833333333333333 0.0067708333333333336 0.013333333333333334
0 0.6033854166666667 0.0925 0.0067708333333333336 0.016666666666666666
1 0.5325520833333334 0.09041666666666667 0.005729166666666666 0.0125
1 0.4630208333333333 0.0925 0.00625 0.011666666666666667
0 0.5005208333333333 0.095 0.007291666666666667 0.015
1 0.8359375 0.08333333333333333 0.00625 0.015
1 0.9864583333333333 0.07583333333333334 0.011458333333333333 0.018333333333333333
1 0.44036458333333334 0.09291666666666666 0.0046875 0.010833333333333334
1 0.43723958333333335 0.09083333333333334 0.0036458333333333334 0.01
1 0.4317708333333333 0.09041666666666667 0.004166666666666667 0.009166666666666667
1 0.41302083333333334 0.09 0.004166666666666667 0.008333333333333333
0 0.40598958333333335 0.09875 0.0067708333333333336 0.014166666666666666
1 0.36614583333333334 0.09166666666666666 0.003125 0.008333333333333333
0 0.35520833333333335 0.09875 0.005208333333333333 0.0125
0 0.35989583333333336 0.09375 0.003125 0.010833333333333334
0 0.36432291666666666 0.09875 0.0046875 0.015833333333333335
0 0.3234375 0.09541666666666666 0.004166666666666667 0.0125
1 0.31640625 0.09458333333333334 0.0036458333333333334 0.009166666666666667
1 0.26171875 0.09833333333333333 0.0046875 0.01
0 0.22838541666666667 0.10166666666666667 0.0046875 0.011666666666666667
1 0.20208333333333334 0.10125 0.004166666666666667 0.009166666666666667
0 0.16302083333333334 0.1075 0.00625 0.013333333333333334
1 0.15130208333333334 0.10583333333333333 0.005729166666666666 0.01
0 0.13776041666666666 0.11166666666666666 0.0067708333333333336 0.013333333333333334
0 0.11067708333333333 0.11416666666666667 0.0067708333333333336 0.013333333333333334
1 0.11171875 0.10875 0.005729166666666666 0.010833333333333334
1 0.08385416666666666 0.1125 0.00625 0.011666666666666667
1 0.05677083333333333 0.11458333333333333 0.007291666666666667 0.0125
0 0.04791666666666667 0.11791666666666667 0.007291666666666667 0.014166666666666666
1 0.02109375 0.11708333333333333 0.0078125 0.010833333333333334