0 0.9286458333333333 0.11625 0.01875 0.0325
0 0.6934895833333333 0.12041666666666667 0.016145833333333335 0.0275
0 0.51484375 0.12333333333333334 0.009895833333333333 0.021666666666666667
0 0.34036458333333336 0.12291666666666666 0.0067708333333333336 0.019166666666666665
0 0.3653645833333333 0.11375 0.0067708333333333336 0.0175
1 0.48359375 0.10875 0.0078125 0.0175
1 0.49947916666666664 0.11125 0.009375 0.019166666666666665
1 0.5260416666666666 0.10541666666666667 0.00625 0.014166666666666666
1 0.58984375 0.10083333333333333 0.0078125 0.016666666666666666
1 0.6572916666666667 0.09916666666666667 0.00625 0.016666666666666666
1 0.725 0.10791666666666666 0.010416666666666666 0.024166666666666666
1 0.8049479166666667 0.09458333333333334 0.0078125 0.0175
1 0.71875 0.0975 0.007291666666666667 0.016666666666666666
1 0.9013020833333333 0.10291666666666667 0.011979166666666667 0.025833333333333333
0 0.4197916666666667 0.12458333333333334 0.00625 0.020833333333333332
0 0.6455729166666667 0.0975 0.0046875 0.015
0 0.7963541666666667 0.0925 0.004166666666666667 0.018333333333333333
0 0.71484375 0.095 0.005729166666666666 0.016666666666666666
0 0.67734375 0.09083333333333334 0.0036458333333333334 0.01
1 0.6692708333333334 0.09208333333333334 0.003125 0.0075
0 0.40546875 0.10708333333333334 0.0046875 0.015833333333333335
0 0.4901041666666667 0.10291666666666667 0.004166666666666667 0.014166666666666666
0 0.45 0.10041666666666667 0.003125 0.009166666666666667
0 0.4315104166666667 0.1 0.0026041666666666665 0.008333333333333333
0 0.48125 0.09833333333333333 0.0020833333333333333 0.006666666666666667
0 0.3966145833333333 0.10166666666666667 0.0026041666666666665 0.008333333333333333
0 0.34322916666666664 0.10625 0.003125 0.010833333333333334
0 0.32890625 0.10791666666666666 0.0036458333333333334 0.0125
0 0.36041666666666666 0.10333333333333333 0.0020833333333333333 0.006666666666666667
0 0.26953125 0.11291666666666667 0.0026041666666666665 0.0125
0 0.29453125 0.10875 0.0026041666666666665 0.010833333333333334
0 0.315625 0.10625 0.003125 0.0075
0 0.31276041666666665 0.10666666666666667 0.0026041666666666665 0.008333333333333333
0 0.30885416666666665 0.10583333333333333 0.003125 0.006666666666666667
0 0.30572916666666666 0.10583333333333333 0.003125 0.006666666666666667
0 0.32526041666666666 0.10458333333333333 0.0026041666666666665 0.0075
1 0.33255208333333336 0.105 0.0026041666666666665 0.006666666666666667
1 0.37395833333333334 0.10291666666666667 0.003125 0.005833333333333334
1 0.41484375 0.10166666666666667 0.0036458333333333334 0.006666666666666667
1 0.49895833333333334 0.09791666666666667 0.0020833333333333333 0.005833333333333334
1 0.5127604166666667 0.09791666666666667 0.0026041666666666665 0.005833333333333334
0 0.7861979166666667 0.08708333333333333 0.0036458333333333334 0.009166666666666667
0 0.73828125 0.08875 0.0036458333333333334 0.009166666666666667
0 0.24479166666666666 0.11083333333333334 0.003125 0.01
1 0.26197916666666665 0.10958333333333334 0.003125 0.0075
1 0.2565104166666667 0.1125 0.0036458333333333334 0.01
1 0.23567708333333334 0.11333333333333333 0.0046875 0.011666666666666667
1 0.22708333333333333 0.11416666666666667 0.005208333333333333 0.011666666666666667