1 0.08828125 0.7891666666666667 0.10677083333333333 0.15666666666666668
0 0.03567708333333333 0.565 0.030729166666666665 0.04666666666666667
0 0.3223958333333333 0.53375 0.017708333333333333 0.03916666666666667
0 0.5299479166666666 0.5229166666666667 0.0203125 0.04416666666666667
0 0.5354166666666667 0.46708333333333335 0.009375 0.019166666666666665
1 0.5744791666666667 0.455 0.007291666666666667 0.015
1 0.6606770833333333 0.4508333333333333 0.008854166666666666 0.016666666666666666
0 0.6703125 0.46166666666666667 0.010416666666666666 0.021666666666666667
1 0.7580729166666667 0.44625 0.008854166666666666 0.0175
0 0.8494791666666667 0.57375 0.04479166666666667 0.07416666666666667
0 0.8494791666666667 0.45666666666666667 0.011458333333333333 0.023333333333333334
0 0.8986979166666667 0.4275 0.0078125 0.013333333333333334
0 0.93671875 0.4295833333333333 0.008854166666666666 0.015833333333333335
0 0.9895833333333334 0.43333333333333335 0.009375 0.018333333333333333
0 0.9791666666666666 0.4479166666666667 0.013541666666666667 0.0225
1 0.8302083333333333 0.4425 0.008333333333333333 0.016666666666666666
1 0.8122395833333333 0.4345833333333333 0.0067708333333333336 0.014166666666666666
1 0.7953125 0.4320833333333333 0.00625 0.010833333333333334
1 0.034375 0.4945833333333333 0.007291666666666667 0.010833333333333334
1 0.1390625 0.48083333333333333 0.005208333333333333 0.01
1 0.209375 0.47291666666666665 0.005208333333333333 0.009166666666666667
1 0.2638020833333333 0.46625 0.0036458333333333334 0.0075
1 0.30494791666666665 0.46125 0.0036458333333333334 0.0075
1 0.35104166666666664 0.45666666666666667 0.003125 0.006666666666666667
1 0.39375 0.45208333333333334 0.003125 0.0075
1 0.45208333333333334 0.4483333333333333 0.003125 0.008333333333333333
1 0.48072916666666665 0.4475 0.003125 0.01
1 0.48880208333333336 0.4483333333333333 0.0026041666666666665 0.008333333333333333
1 0.49166666666666664 0.45166666666666666 0.003125 0.011666666666666667
1 0.49322916666666666 0.45625 0.005208333333333333 0.010833333333333334
1 0.5143229166666666 0.45666666666666667 0.0067708333333333336 0.013333333333333334
1 0.8033854166666666 0.42916666666666664 0.0046875 0.01
1 0.828125 0.43833333333333335 0.007291666666666667 0.015
1 0.8361979166666667 0.425 0.0046875 0.011666666666666667
1 0.8817708333333333 0.4216666666666667 0.004166666666666667 0.01
1 0.9453125 0.41833333333333333 0.005208333333333333 0.01
0 0.08020833333333334 0.49125 0.008333333333333333 0.014166666666666666
0 0.19296875 0.47625 0.005729166666666666 0.010833333333333334
0 0.2552083333333333 0.46875 0.005208333333333333 0.009166666666666667
0 0.30130208333333336 0.46291666666666664 0.0036458333333333334 0.009166666666666667
0 0.3419270833333333 0.45875 0.0036458333333333334 0.009166666666666667
0 0.3828125 0.45416666666666666 0.004166666666666667 0.008333333333333333
0 0.39921875 0.46625 0.005729166666666666 0.014166666666666666
0 0.40520833333333334 0.4625 0.005208333333333333 0.011666666666666667
0 0.40911458333333334 0.4533333333333333 0.0036458333333333334 0.01
0 0.42291666666666666 0.45708333333333334 0.004166666666666667 0.010833333333333334
0 0.43125 0.4533333333333333 0.004166666666666667 0.01
0 0.4401041666666667 0.47 0.00625 0.016666666666666666
1 0.42213541666666665 0.45 0.0046875 0.01