1 0.10833333333333334 0.14916666666666667 0.010416666666666666 0.021666666666666667
1 0.2390625 0.13 0.007291666666666667 0.02
1 0.32447916666666665 0.11875 0.00625 0.015833333333333335
1 0.37916666666666665 0.11083333333333334 0.00625 0.015
1 0.42864583333333334 0.10375 0.005208333333333333 0.0125
0 0.45807291666666666 0.1075 0.0067708333333333336 0.015
0 0.4239583333333333 0.11166666666666666 0.008333333333333333 0.018333333333333333
0 0.36692708333333335 0.12041666666666667 0.0078125 0.0175
0 0.26276041666666666 0.13708333333333333 0.0109375 0.0225
0 0.075 0.16833333333333333 0.015625 0.03
0 0.3046875 0.43875 0.07395833333333333 0.14583333333333334
1 0.4596354166666667 0.1 0.0046875 0.011666666666666667
1 0.48932291666666666 0.095 0.0046875 0.011666666666666667
0 0.51640625 0.0975 0.0067708333333333336 0.013333333333333334
0 0.5401041666666667 0.09333333333333334 0.005208333333333333 0.011666666666666667
1 0.5325520833333334 0.08958333333333333 0.0046875 0.009166666666666667
1 0.5536458333333333 0.08708333333333333 0.004166666666666667 0.009166666666666667
0 0.5614583333333333 0.09083333333333334 0.005208333333333333 0.011666666666666667
0 0.5901041666666667 0.08666666666666667 0.005208333333333333 0.01
1 0.5817708333333333 0.08416666666666667 0.004166666666666667 0.008333333333333333
1 0.6171875 0.08125 0.004166666666666667 0.009166666666666667
0 0.6119791666666666 0.08375 0.004166666666666667 0.010833333333333334
0 0.6333333333333333 0.08083333333333333 0.004166666666666667 0.011666666666666667
1 0.6510416666666666 0.07916666666666666 0.004166666666666667 0.01
0 0.6609375 0.07833333333333334 0.004166666666666667 0.011666666666666667
0 0.6895833333333333 0.07583333333333334 0.004166666666666667 0.01
1 0.6947916666666667 0.07375 0.004166666666666667 0.010833333333333334
1 0.74453125 0.0725 0.0036458333333333334 0.01
0 0.72734375 0.07375 0.0046875 0.009166666666666667
0 0.778125 0.07 0.004166666666666667 0.011666666666666667
1 0.7950520833333333 0.06875 0.0046875 0.010833333333333334
1 0.8427083333333333 0.06666666666666667 0.005208333333333333 0.008333333333333333
0 0.8221354166666667 0.06916666666666667 0.0046875 0.01
0 0.8630208333333333 0.06666666666666667 0.005208333333333333 0.01
0 0.8981770833333333 0.06375 0.0046875 0.010833333333333334
0 0.9296875 0.06166666666666667 0.00625 0.011666666666666667