0 0.89609375 0.57125 0.034895833333333334 0.06416666666666666
0 0.9450520833333333 0.5254166666666666 0.025520833333333333 0.04416666666666667
1 0.9359375 0.47291666666666665 0.0125 0.024166666666666666
1 0.82109375 0.4791666666666667 0.011979166666666667 0.025
1 0.6622395833333333 0.49166666666666664 0.013020833333333334 0.03
1 0.5197916666666667 0.5208333333333334 0.017708333333333333 0.04
1 0.36614583333333334 0.5854166666666667 0.029166666666666667 0.06583333333333333
1 0.7825520833333334 0.44458333333333333 0.0036458333333333334 0.009166666666666667
1 0.78671875 0.44333333333333336 0.0036458333333333334 0.008333333333333333
1 0.8002604166666667 0.44333333333333336 0.0036458333333333334 0.008333333333333333
1 0.8125 0.44458333333333333 0.004166666666666667 0.009166666666666667
1 0.8200520833333333 0.44333333333333336 0.0036458333333333334 0.008333333333333333
1 0.8598958333333333 0.4454166666666667 0.004166666666666667 0.010833333333333334
1 0.8557291666666667 0.44333333333333336 0.003125 0.008333333333333333
1 0.9127604166666666 0.44375 0.0036458333333333334 0.0075
1 0.9315104166666667 0.44708333333333333 0.0046875 0.010833333333333334
0 0.8421875 0.445 0.004166666666666667 0.01
0 0.8518229166666667 0.44375 0.0036458333333333334 0.009166666666666667
0 0.8661458333333333 0.4454166666666667 0.005208333333333333 0.010833333333333334
0 0.8903645833333333 0.44375 0.0046875 0.009166666666666667
0 0.92734375 0.4454166666666667 0.0036458333333333334 0.010833333333333334