0 0.34765625 0.11083333333333334 0.0078125 0.016666666666666666
0 0.37083333333333335 0.10541666666666667 0.007291666666666667 0.015833333333333335
0 0.4544270833333333 0.09375 0.005729166666666666 0.0125
0 0.41302083333333334 0.09916666666666667 0.00625 0.013333333333333334
0 0.5072916666666667 0.08958333333333333 0.005208333333333333 0.010833333333333334
0 0.5734375 0.08541666666666667 0.00625 0.010833333333333334
0 0.6307291666666667 0.08333333333333333 0.005208333333333333 0.011666666666666667
0 0.6614583333333334 0.08208333333333333 0.00625 0.014166666666666666
0 0.8330729166666667 0.07916666666666666 0.0078125 0.021666666666666667
0 0.9333333333333333 0.07791666666666666 0.0125 0.024166666666666666
0 0.7395833333333334 0.08125 0.008333333333333333 0.0175
0 0.33515625 0.1225 0.0078125 0.021666666666666667
0 0.3328125 0.11666666666666667 0.00625 0.02
1 0.9283854166666666 0.06958333333333333 0.008854166666666666 0.020833333333333332
1 0.8239583333333333 0.07291666666666667 0.007291666666666667 0.015833333333333335
1 0.7421875 0.07458333333333333 0.005208333333333333 0.014166666666666666
1 0.6893229166666667 0.07625 0.0046875 0.014166666666666666
0 0.12005208333333334 0.45958333333333334 0.08802083333333334 0.1525
1 0.6408854166666667 0.07791666666666666 0.0046875 0.0125
1 0.109375 0.15958333333333333 0.015625 0.0325
1 0.5973958333333333 0.08 0.004166666666666667 0.011666666666666667
1 0.15520833333333334 0.14875 0.013541666666666667 0.0275
1 0.19010416666666666 0.13625 0.010416666666666666 0.0225
1 0.55078125 0.08291666666666667 0.005729166666666666 0.0125
1 0.48072916666666665 0.08791666666666667 0.005208333333333333 0.0125
1 0.21744791666666666 0.12666666666666668 0.008854166666666666 0.02
1 0.2328125 0.12166666666666667 0.007291666666666667 0.018333333333333333
1 0.41744791666666664 0.09416666666666666 0.005729166666666666 0.013333333333333334
1 0.26223958333333336 0.11416666666666667 0.0067708333333333336 0.016666666666666666
1 0.3763020833333333 0.09791666666666667 0.005729166666666666 0.014166666666666666
1 0.29791666666666666 0.10916666666666666 0.005208333333333333 0.015
1 0.3294270833333333 0.10416666666666667 0.005729166666666666 0.016666666666666666
0 0.21510416666666668 0.17083333333333334 0.016666666666666666 0.03833333333333333
0 0.31276041666666665 0.14333333333333334 0.013020833333333334 0.03
0 0.32864583333333336 0.13333333333333333 0.010416666666666666 0.02666666666666667