0 0.03802083333333333 0.555 0.0375 0.05333333333333334
0 0.08411458333333334 0.46375 0.009895833333333333 0.015833333333333335
0 0.4427083333333333 0.5391666666666667 0.025 0.05
0 0.8140625 0.6033333333333334 0.04791666666666667 0.08333333333333333
0 0.98046875 0.47208333333333335 0.016145833333333335 0.0275
0 0.88515625 0.45458333333333334 0.0109375 0.019166666666666665
0 0.9278645833333333 0.43916666666666665 0.0078125 0.013333333333333334
0 0.9166666666666666 0.44333333333333336 0.009375 0.015
0 0.8932291666666666 0.44916666666666666 0.00625 0.018333333333333333
0 0.8859375 0.435 0.00625 0.011666666666666667
0 0.8442708333333333 0.43291666666666667 0.005208333333333333 0.010833333333333334
0 0.7885416666666667 0.43375 0.004166666666666667 0.009166666666666667
0 0.740625 0.43416666666666665 0.004166666666666667 0.01
0 0.6919270833333333 0.43583333333333335 0.0036458333333333334 0.01
0 0.6325520833333333 0.43916666666666665 0.0046875 0.01
0 0.5450520833333333 0.4425 0.0046875 0.011666666666666667
0 0.4471354166666667 0.44666666666666666 0.005729166666666666 0.013333333333333334
0 0.3375 0.45208333333333334 0.00625 0.014166666666666666
0 0.246875 0.45708333333333334 0.007291666666666667 0.015833333333333335
1 0.11223958333333334 0.4579166666666667 0.0078125 0.0125
1 0.34401041666666665 0.4475 0.0046875 0.01
1 0.4328125 0.44416666666666665 0.004166666666666667 0.01
1 0.51796875 0.44 0.0036458333333333334 0.01
1 0.58984375 0.4370833333333333 0.0036458333333333334 0.009166666666666667
1 0.6481770833333333 0.4354166666666667 0.0036458333333333334 0.0075
1 0.7005208333333334 0.43333333333333335 0.004166666666666667 0.008333333333333333
1 0.8013020833333333 0.43083333333333335 0.0036458333333333334 0.008333333333333333
1 0.8598958333333333 0.43083333333333335 0.005208333333333333 0.01
1 0.90625 0.43166666666666664 0.004166666666666667 0.01
1 0.9588541666666667 0.43375 0.00625 0.010833333333333334
1 0.74375 0.43166666666666664 0.005208333333333333 0.01
1 0.2484375 0.45208333333333334 0.005208333333333333 0.0125