0 0.05078125 0.4775 0.0921875 0.155
0 0.9197916666666667 0.10166666666666667 0.011458333333333333 0.021666666666666667
0 0.81640625 0.10375 0.008854166666666666 0.019166666666666665
0 0.73046875 0.10375 0.008854166666666666 0.0175
0 0.6604166666666667 0.10416666666666667 0.007291666666666667 0.016666666666666666
0 0.6044270833333333 0.105 0.0078125 0.015
0 0.56171875 0.105 0.0067708333333333336 0.013333333333333334
0 0.5114583333333333 0.10375 0.005208333333333333 0.0125
0 0.45598958333333334 0.10416666666666667 0.0046875 0.01
1 0.8432291666666667 0.09541666666666666 0.007291666666666667 0.0175
1 0.76484375 0.09708333333333333 0.005729166666666666 0.0125
1 0.6796875 0.09791666666666667 0.004166666666666667 0.014166666666666666
0 0.22526041666666666 0.115 0.0036458333333333334 0.008333333333333333
0 0.27447916666666666 0.10791666666666666 0.004166666666666667 0.009166666666666667
0 0.25234375 0.10958333333333334 0.0046875 0.009166666666666667
1 0.25755208333333335 0.1075 0.0036458333333333334 0.008333333333333333
1 0.3015625 0.10416666666666667 0.003125 0.006666666666666667
0 0.3145833333333333 0.10458333333333333 0.004166666666666667 0.009166666666666667
0 0.3541666666666667 0.10208333333333333 0.003125 0.0075
0 0.3828125 0.10541666666666667 0.004166666666666667 0.010833333333333334
0 0.3893229166666667 0.10416666666666667 0.0036458333333333334 0.01
0 0.40572916666666664 0.10583333333333333 0.004166666666666667 0.01
0 0.4125 0.09958333333333333 0.004166666666666667 0.009166666666666667
0 0.403125 0.10125 0.003125 0.009166666666666667
1 0.39348958333333334 0.09875 0.0036458333333333334 0.0075
1 0.3494791666666667 0.10166666666666667 0.003125 0.006666666666666667
1 0.43072916666666666 0.09666666666666666 0.003125 0.006666666666666667
1 0.4630208333333333 0.10125 0.004166666666666667 0.0075
1 0.46848958333333335 0.09666666666666666 0.0036458333333333334 0.006666666666666667
1 0.46536458333333336 0.09833333333333333 0.0026041666666666665 0.006666666666666667
1 0.5020833333333333 0.1 0.005208333333333333 0.01
1 0.5559895833333334 0.1 0.0067708333333333336 0.013333333333333334
1 0.61796875 0.09916666666666667 0.005729166666666666 0.013333333333333334
1 0.9557291666666666 0.09333333333333334 0.008333333333333333 0.016666666666666666