0 0.8299479166666667 0.50625 0.0265625 0.04083333333333333
0 0.6614583333333334 0.4895833333333333 0.0125 0.025833333333333333
0 0.88828125 0.45166666666666666 0.0109375 0.018333333333333333
0 0.8044270833333333 0.44875 0.0078125 0.015833333333333335
1 0.3182291666666667 0.67375 0.06041666666666667 0.1025
1 0.40625 0.4945833333333333 0.0125 0.029166666666666667
1 0.3541666666666667 0.4795833333333333 0.009375 0.0225
1 0.35833333333333334 0.46875 0.00625 0.0175
1 0.38958333333333334 0.45958333333333334 0.007291666666666667 0.014166666666666666
1 0.9471354166666667 0.44333333333333336 0.008854166666666666 0.015
1 0.78046875 0.44166666666666665 0.005729166666666666 0.011666666666666667
1 0.8565104166666667 0.4425 0.0078125 0.013333333333333334
1 0.4591145833333333 0.4529166666666667 0.005729166666666666 0.0125
1 0.6916666666666667 0.44166666666666665 0.005208333333333333 0.013333333333333334
0 0.7020833333333333 0.4475 0.00625 0.013333333333333334
0 0.5463541666666667 0.4766666666666667 0.011458333333333333 0.023333333333333334
0 0.61875 0.45166666666666666 0.008333333333333333 0.015