0 0.5341145833333333 0.6645833333333333 0.10885416666666667 0.25916666666666666
0 0.18411458333333333 0.33375 0.05364583333333333 0.10916666666666666
0 0.24661458333333333 0.235 0.0359375 0.07
0 0.3263020833333333 0.15291666666666667 0.019270833333333334 0.04083333333333333
0 0.37395833333333334 0.11916666666666667 0.014583333333333334 0.03
0 0.4075520833333333 0.10333333333333333 0.011979166666666667 0.025
0 0.4315104166666667 0.09125 0.008854166666666666 0.019166666666666665
0 0.44244791666666666 0.08541666666666667 0.0078125 0.0175
1 0.08125 0.17166666666666666 0.022916666666666665 0.043333333333333335
1 0.20494791666666667 0.13291666666666666 0.015104166666666667 0.029166666666666667
1 0.2640625 0.11458333333333333 0.011458333333333333 0.025833333333333333
1 0.30885416666666665 0.10208333333333333 0.009375 0.020833333333333332
0 0.45703125 0.07958333333333334 0.005729166666666666 0.0125
0 0.46770833333333334 0.075 0.00625 0.013333333333333334
0 0.4765625 0.07125 0.004166666666666667 0.010833333333333334
0 0.4864583333333333 0.06833333333333333 0.004166666666666667 0.01
1 0.33619791666666665 0.095 0.0067708333333333336 0.016666666666666666
1 0.36822916666666666 0.0875 0.005208333333333333 0.015
1 0.3919270833333333 0.08083333333333333 0.005729166666666666 0.013333333333333334
1 0.40572916666666664 0.0775 0.005208333333333333 0.013333333333333334
1 0.4197916666666667 0.075 0.004166666666666667 0.008333333333333333
1 0.4328125 0.07166666666666667 0.004166666666666667 0.01
1 0.45625 0.0675 0.004166666666666667 0.01
0 0.4942708333333333 0.065 0.004166666666666667 0.01
0 0.5229166666666667 0.06125 0.004166666666666667 0.010833333333333334
1 0.5421875 0.05875 0.004166666666666667 0.009166666666666667
1 0.5815104166666667 0.05583333333333333 0.0036458333333333334 0.01
1 0.6291666666666667 0.0525 0.004166666666666667 0.008333333333333333
1 0.6830729166666667 0.04875 0.0046875 0.009166666666666667
1 0.721875 0.04666666666666667 0.005208333333333333 0.01
1 0.7546875 0.044583333333333336 0.005208333333333333 0.010833333333333334
1 0.7872395833333333 0.042916666666666665 0.0046875 0.010833333333333334
1 0.8203125 0.04083333333333333 0.00625 0.011666666666666667
1 0.8666666666666667 0.03666666666666667 0.00625 0.013333333333333334
1 0.9361979166666666 0.030416666666666668 0.009895833333333333 0.014166666666666666
0 0.8794270833333333 0.03916666666666667 0.005729166666666666 0.013333333333333334
0 0.7830729166666667 0.045 0.005729166666666666 0.015
0 0.7442708333333333 0.04791666666666667 0.005208333333333333 0.014166666666666666
0 0.7057291666666666 0.05 0.005208333333333333 0.011666666666666667
0 0.6716145833333333 0.050833333333333335 0.0036458333333333334 0.011666666666666667
0 0.61640625 0.055 0.0046875 0.01
0 0.5651041666666666 0.057916666666666665 0.004166666666666667 0.010833333333333334