0 0.20963541666666666 0.41875 0.0609375 0.13583333333333333
0 0.834375 0.09 0.010416666666666666 0.02
0 0.6416666666666667 0.09541666666666666 0.009375 0.0175
0 0.5747395833333333 0.09708333333333333 0.008854166666666666 0.015833333333333335
0 0.40911458333333334 0.1 0.0067708333333333336 0.013333333333333334
0 0.496875 0.0975 0.00625 0.015
1 0.8270833333333333 0.08458333333333333 0.00625 0.015833333333333335
1 0.7065104166666667 0.08875 0.0067708333333333336 0.014166666666666666
1 0.6174479166666667 0.09041666666666667 0.0067708333333333336 0.014166666666666666
1 0.5278645833333333 0.09333333333333334 0.005729166666666666 0.011666666666666667
1 0.4471354166666667 0.095 0.0046875 0.011666666666666667
1 0.3875 0.0975 0.005208333333333333 0.011666666666666667
0 0.32838541666666665 0.10333333333333333 0.0067708333333333336 0.013333333333333334
0 0.2916666666666667 0.10416666666666667 0.005208333333333333 0.011666666666666667
0 0.2877604166666667 0.1025 0.0036458333333333334 0.011666666666666667
1 0.9375 0.07833333333333334 0.011458333333333333 0.021666666666666667
0 0.9651041666666667 0.08208333333333333 0.014583333333333334 0.025833333333333333
1 0.3697916666666667 0.09708333333333333 0.004166666666666667 0.010833333333333334
1 0.37213541666666666 0.09541666666666666 0.0036458333333333334 0.010833333333333334
1 0.36770833333333336 0.09416666666666666 0.003125 0.01
1 0.3536458333333333 0.09333333333333334 0.004166666666666667 0.01
1 0.3106770833333333 0.095 0.0046875 0.01
0 0.29921875 0.10041666666666667 0.0046875 0.0125
0 0.30130208333333336 0.09833333333333333 0.0046875 0.011666666666666667
0 0.26666666666666666 0.10041666666666667 0.004166666666666667 0.010833333333333334
1 0.2630208333333333 0.09791666666666667 0.003125 0.010833333333333334
0 0.22395833333333334 0.10208333333333333 0.005208333333333333 0.0125
1 0.21015625 0.10166666666666667 0.005729166666666666 0.01
1 0.15130208333333334 0.10541666666666667 0.0067708333333333336 0.010833333333333334
0 0.12734375 0.10833333333333334 0.0078125 0.013333333333333334
0 0.10546875 0.11166666666666666 0.0078125 0.013333333333333334
1 0.0984375 0.10875 0.00625 0.010833333333333334
1 0.057291666666666664 0.11208333333333333 0.008333333333333333 0.010833333333333334
0 0.04583333333333333 0.11708333333333333 0.010416666666666666 0.015833333333333335
1 0.0265625 0.11458333333333333 0.009375 0.0125