1 0.04739583333333333 0.7679166666666667 0.08333333333333333 0.1575
1 0.40572916666666664 0.5429166666666667 0.025 0.050833333333333335
1 0.49947916666666664 0.49875 0.01875 0.034166666666666665
1 0.5859375 0.47333333333333333 0.011458333333333333 0.025
1 0.64140625 0.46125 0.008854166666666666 0.020833333333333332
1 0.7317708333333334 0.4529166666666667 0.008333333333333333 0.0175
0 0.7408854166666666 0.49333333333333335 0.0203125 0.03333333333333333
0 0.7640625 0.47041666666666665 0.0125 0.025833333333333333
0 0.8486979166666667 0.46208333333333335 0.011979166666666667 0.0225
0 0.82890625 0.5983333333333334 0.04739583333333333 0.08166666666666667
1 0.9515625 0.44916666666666666 0.010416666666666666 0.018333333333333333
1 0.85234375 0.4483333333333333 0.008854166666666666 0.02