1 0.28411458333333334 0.695 0.08697916666666666 0.13833333333333334
1 0.7263020833333333 0.44 0.04114583333333333 0.07333333333333333
1 0.32864583333333336 0.3729166666666667 0.015625 0.030833333333333334
1 0.3924479166666667 0.3491666666666667 0.011979166666666667 0.025
1 0.46171875 0.32875 0.009895833333333333 0.020833333333333332
1 0.5635416666666667 0.31583333333333335 0.010416666666666666 0.02
1 0.6697916666666667 0.3045833333333333 0.010416666666666666 0.019166666666666665
1 0.7963541666666667 0.2891666666666667 0.0125 0.02
1 0.909375 0.27458333333333335 0.013541666666666667 0.020833333333333332
0 0.9341145833333333 0.2633333333333333 0.0109375 0.018333333333333333
0 0.8151041666666666 0.27666666666666667 0.009375 0.018333333333333333
0 0.7177083333333333 0.2891666666666667 0.008333333333333333 0.016666666666666666
0 0.61953125 0.30125 0.0078125 0.015833333333333335
0 0.5341145833333333 0.31125 0.0067708333333333336 0.0175
0 0.43854166666666666 0.3258333333333333 0.005208333333333333 0.011666666666666667
0 0.34739583333333335 0.3433333333333333 0.007291666666666667 0.015
0 0.28177083333333336 0.35833333333333334 0.009375 0.016666666666666666