0 0.5908854166666667 0.7025 0.13802083333333334 0.2733333333333333
0 0.5755208333333334 0.10041666666666667 0.007291666666666667 0.014166666666666666
0 0.6799479166666667 0.09708333333333333 0.0078125 0.0175
0 0.76796875 0.09458333333333334 0.008854166666666666 0.019166666666666665
0 0.45546875 0.10416666666666667 0.0067708333333333336 0.013333333333333334
0 0.3453125 0.10958333333333334 0.00625 0.014166666666666666
1 0.5856770833333333 0.095 0.005729166666666666 0.015
1 0.48046875 0.09958333333333333 0.005729166666666666 0.0125
1 0.39921875 0.10375 0.0046875 0.010833333333333334
1 0.37005208333333334 0.10375 0.0046875 0.010833333333333334
0 0.8833333333333333 0.08833333333333333 0.007291666666666667 0.018333333333333333
1 0.7020833333333333 0.09166666666666666 0.00625 0.015
0 0.2942708333333333 0.1125 0.00625 0.013333333333333334
0 0.28020833333333334 0.11208333333333333 0.005208333333333333 0.010833333333333334
1 0.353125 0.10166666666666667 0.004166666666666667 0.01
1 0.36484375 0.10208333333333333 0.0036458333333333334 0.010833333333333334
0 0.18125 0.1125 0.005208333333333333 0.01
0 0.2328125 0.11 0.004166666666666667 0.01
1 0.22057291666666667 0.10875 0.0046875 0.009166666666666667
0 0.2752604166666667 0.10666666666666667 0.0036458333333333334 0.01
0 0.28411458333333334 0.10875 0.0046875 0.010833333333333334
1 0.32864583333333336 0.10208333333333333 0.003125 0.009166666666666667