0 0.24140625 0.41291666666666665 0.059895833333333336 0.1275
0 0.21744791666666666 0.26375 0.04010416666666667 0.0675
0 0.36276041666666664 0.20041666666666666 0.0265625 0.04583333333333333
0 0.45859375 0.16416666666666666 0.0171875 0.03333333333333333
1 0.08125 0.20958333333333334 0.025 0.04583333333333333
1 0.18854166666666666 0.18458333333333332 0.016666666666666666 0.035833333333333335
1 0.26119791666666664 0.16625 0.0140625 0.030833333333333334
1 0.27291666666666664 0.15625 0.0125 0.025833333333333333
1 0.23229166666666667 0.15125 0.0125 0.024166666666666666
0 0.48203125 0.15208333333333332 0.013020833333333334 0.0275
0 0.43255208333333334 0.13958333333333334 0.0078125 0.019166666666666665
0 0.35234375 0.13833333333333334 0.0109375 0.018333333333333333
0 0.26953125 0.13916666666666666 0.0078125 0.015
1 0.16510416666666666 0.15 0.010416666666666666 0.021666666666666667
0 0.18307291666666667 0.14208333333333334 0.008854166666666666 0.0175
0 0.40989583333333335 0.12125 0.004166666666666667 0.010833333333333334
0 0.4244791666666667 0.11916666666666667 0.004166666666666667 0.011666666666666667
0 0.45026041666666666 0.12041666666666667 0.005729166666666666 0.010833333333333334
0 0.453125 0.11666666666666667 0.004166666666666667 0.01
0 0.48723958333333334 0.11291666666666667 0.0036458333333333334 0.009166666666666667
0 0.52578125 0.11833333333333333 0.0046875 0.011666666666666667
1 0.5276041666666667 0.11041666666666666 0.004166666666666667 0.0125
1 0.54765625 0.10833333333333334 0.0046875 0.011666666666666667
1 0.5721354166666667 0.11083333333333334 0.0046875 0.013333333333333334
1 0.5736979166666667 0.10583333333333333 0.0036458333333333334 0.01
0 0.6315104166666666 0.11208333333333333 0.0036458333333333334 0.0125
1 0.6283854166666667 0.10875 0.0036458333333333334 0.010833333333333334
1 0.66953125 0.10416666666666667 0.0046875 0.013333333333333334
1 0.715625 0.09916666666666667 0.004166666666666667 0.013333333333333334
0 0.7216145833333333 0.10625 0.0036458333333333334 0.010833333333333334
0 0.22838541666666667 0.12708333333333333 0.0036458333333333334 0.0075
0 0.26484375 0.12416666666666666 0.0026041666666666665 0.008333333333333333
0 0.7630208333333334 0.1025 0.004166666666666667 0.011666666666666667
0 0.8083333333333333 0.09625 0.004166666666666667 0.014166666666666666
0 0.8401041666666667 0.09291666666666666 0.003125 0.0125
1 0.09140625 0.15458333333333332 0.0078125 0.0175
1 0.63984375 0.09583333333333334 0.0026041666666666665 0.006666666666666667
1 0.6346354166666667 0.09458333333333334 0.0026041666666666665 0.005833333333333334
1 0.28463541666666664 0.12083333333333333 0.0026041666666666665 0.008333333333333333
1 0.3184895833333333 0.11875 0.0026041666666666665 0.0075
1 0.3575520833333333 0.11583333333333333 0.0026041666666666665 0.005
1 0.4 0.11208333333333333 0.0020833333333333333 0.005833333333333334
1 0.43828125 0.10875 0.0015625 0.005833333333333334
1 0.47942708333333334 0.10541666666666667 0.0026041666666666665 0.0075
0 0.5171875 0.10958333333333334 0.003125 0.010833333333333334
0 0.54140625 0.10791666666666666 0.0036458333333333334 0.009166666666666667
0 0.3140625 0.11916666666666667 0.003125 0.006666666666666667
0 0.34765625 0.11583333333333333 0.0026041666666666665 0.006666666666666667
0 0.38177083333333334 0.11291666666666667 0.003125 0.005833333333333334
0 0.41822916666666665 0.10916666666666666 0.0020833333333333333 0.006666666666666667
0 0.45234375 0.10708333333333334 0.0026041666666666665 0.005833333333333334
0 0.48489583333333336 0.10458333333333333 0.0020833333333333333 0.0075
1 0.7572916666666667 0.09541666666666666 0.003125 0.010833333333333334
1 0.78359375 0.0925 0.0036458333333333334 0.013333333333333334
1 0.8270833333333333 0.08916666666666667 0.004166666666666667 0.01
1 0.6455729166666667 0.09666666666666666 0.0015625 0.008333333333333333