0 0.061197916666666664 0.40041666666666664 0.08177083333333333 0.13083333333333333
0 0.8197916666666667 0.09041666666666667 0.015625 0.034166666666666665
1 0.8 0.07208333333333333 0.011458333333333333 0.025833333333333333
1 0.7013020833333333 0.0725 0.009895833333333333 0.02
0 0.6653645833333334 0.08833333333333333 0.011979166666666667 0.03
1 0.6213541666666667 0.07291666666666667 0.008333333333333333 0.019166666666666665
0 0.56953125 0.08458333333333333 0.008854166666666666 0.0225
1 0.5484375 0.07333333333333333 0.007291666666666667 0.016666666666666666
0 0.8549479166666667 0.8245833333333333 0.15572916666666667 0.35083333333333333
1 0.9697916666666667 0.06708333333333333 0.016666666666666666 0.0325
0 0.51796875 0.085 0.0078125 0.018333333333333333
1 0.49635416666666665 0.07458333333333333 0.00625 0.014166666666666666
0 0.45807291666666666 0.08375 0.0067708333333333336 0.015833333333333335
1 0.44635416666666666 0.07625 0.005208333333333333 0.010833333333333334
0 0.41744791666666664 0.08583333333333333 0.0067708333333333336 0.013333333333333334
1 0.4015625 0.07708333333333334 0.005208333333333333 0.0125
0 0.3731770833333333 0.08416666666666667 0.0046875 0.013333333333333334
1 0.3684895833333333 0.07916666666666666 0.0046875 0.011666666666666667
0 0.3302083333333333 0.08416666666666667 0.00625 0.013333333333333334
0 0.3111979166666667 0.08583333333333333 0.005729166666666666 0.013333333333333334
1 0.29739583333333336 0.08333333333333333 0.005208333333333333 0.011666666666666667
1 0.2565104166666667 0.08708333333333333 0.0046875 0.010833333333333334
0 0.20755208333333333 0.09375 0.005729166666666666 0.0125
0 0.15390625 0.09875 0.0067708333333333336 0.014166666666666666
1 0.1265625 0.09958333333333333 0.007291666666666667 0.0125
0 0.10677083333333333 0.10416666666666667 0.007291666666666667 0.015
0 0.05 0.11083333333333334 0.009375 0.016666666666666666
0 0.01640625 0.11458333333333333 0.009895833333333333 0.0175
1 0.024739583333333332 0.10916666666666666 0.009895833333333333 0.013333333333333334
1 0.08020833333333334 0.10333333333333333 0.008333333333333333 0.015
1 0.19140625 0.09375 0.0067708333333333336 0.0125
0 0.26666666666666666 0.08916666666666667 0.005208333333333333 0.011666666666666667