0 0.96796875 0.44708333333333333 0.011979166666666667 0.020833333333333332
0 0.8630208333333333 0.45125 0.011458333333333333 0.020833333333333332
0 0.7486979166666666 0.45958333333333334 0.009895833333333333 0.020833333333333332
1 0.8078125 0.4454166666666667 0.009375 0.015833333333333335
1 0.90234375 0.4404166666666667 0.009895833333333333 0.015833333333333335
1 0.7111979166666667 0.4504166666666667 0.008854166666666666 0.015833333333333335
1 0.6190104166666667 0.4579166666666667 0.0078125 0.0175
1 0.5442708333333334 0.47 0.009375 0.02
1 0.4822916666666667 0.4891666666666667 0.0125 0.02666666666666667
1 0.37213541666666666 0.5329166666666667 0.019270833333333334 0.04083333333333333
1 0.11484375 0.6770833333333334 0.0671875 0.0975
0 0.6841145833333333 0.47041666666666665 0.009895833333333333 0.0225
0 0.6658854166666667 0.4895833333333333 0.0140625 0.030833333333333334
0 0.6731770833333334 0.5320833333333334 0.0234375 0.0475
0 0.8234375 0.6854166666666667 0.06666666666666667 0.12416666666666666