0 0.3390625 0.4083333333333333 0.07291666666666667 0.13333333333333333
0 0.7546875 0.09 0.008333333333333333 0.018333333333333333
0 0.6669270833333333 0.09291666666666666 0.0078125 0.015833333333333335
0 0.5989583333333334 0.095 0.008333333333333333 0.016666666666666666
0 0.5197916666666667 0.09625 0.00625 0.014166666666666666
1 0.73046875 0.08541666666666667 0.0067708333333333336 0.014166666666666666
1 0.6411458333333333 0.08833333333333333 0.004166666666666667 0.015
1 0.5497395833333333 0.09166666666666666 0.005729166666666666 0.013333333333333334
1 0.40703125 0.09666666666666666 0.005729166666666666 0.011666666666666667
1 0.38984375 0.09708333333333333 0.0036458333333333334 0.009166666666666667
0 0.43046875 0.09958333333333333 0.0036458333333333334 0.0125
0 0.35 0.10375 0.005208333333333333 0.0125
1 0.46901041666666665 0.09458333333333334 0.0036458333333333334 0.010833333333333334
0 0.8625 0.08583333333333333 0.008333333333333333 0.021666666666666667
0 0.24375 0.10375 0.005208333333333333 0.009166666666666667
0 0.2864583333333333 0.10125 0.004166666666666667 0.009166666666666667
1 0.2828125 0.09958333333333333 0.003125 0.0075
1 0.23020833333333332 0.10375 0.004166666666666667 0.0075
1 0.3296875 0.09625 0.003125 0.0075
1 0.37213541666666666 0.09416666666666666 0.0036458333333333334 0.006666666666666667
1 0.38697916666666665 0.09416666666666666 0.004166666666666667 0.008333333333333333
1 0.85390625 0.08041666666666666 0.005729166666666666 0.014166666666666666