1 0.31197916666666664 0.615 0.04479166666666667 0.08
1 0.28802083333333334 0.51375 0.020833333333333332 0.034166666666666665
1 0.2721354166666667 0.48333333333333334 0.011979166666666667 0.021666666666666667
1 0.26484375 0.47125 0.0067708333333333336 0.015833333333333335
0 0.6692708333333334 0.53375 0.026041666666666668 0.050833333333333335
0 0.46171875 0.48041666666666666 0.013020833333333334 0.025833333333333333
0 0.39557291666666666 0.4658333333333333 0.008854166666666666 0.018333333333333333
0 0.36822916666666666 0.46 0.00625 0.015
1 0.26171875 0.4633333333333333 0.0046875 0.013333333333333334
1 0.25859375 0.4579166666666667 0.0046875 0.010833333333333334
1 0.26588541666666665 0.4454166666666667 0.0026041666666666665 0.005833333333333334
1 0.28125 0.4429166666666667 0.0020833333333333333 0.005833333333333334
1 0.29713541666666665 0.4404166666666667 0.0026041666666666665 0.005833333333333334
1 0.4473958333333333 0.43041666666666667 0.0020833333333333333 0.005833333333333334
1 0.48072916666666665 0.42916666666666664 0.0020833333333333333 0.005
1 0.5083333333333333 0.4275 0.0020833333333333333 0.005
1 0.5390625 0.4266666666666667 0.0020833333333333333 0.005
1 0.6135416666666667 0.4245833333333333 0.0020833333333333333 0.005833333333333334
1 0.6372395833333333 0.4241666666666667 0.0026041666666666665 0.005
1 0.66171875 0.42333333333333334 0.0026041666666666665 0.006666666666666667
1 0.68984375 0.42291666666666666 0.0026041666666666665 0.005833333333333334
1 0.6942708333333333 0.4216666666666667 0.0020833333333333333 0.005
1 0.7026041666666667 0.42125 0.0020833333333333333 0.005833333333333334
1 0.7341145833333333 0.42125 0.0026041666666666665 0.005833333333333334
1 0.7580729166666667 0.42 0.0026041666666666665 0.006666666666666667
1 0.7627604166666667 0.42083333333333334 0.0026041666666666665 0.006666666666666667
1 0.7666666666666667 0.4195833333333333 0.0020833333333333333 0.005833333333333334
1 0.7940104166666667 0.4195833333333333 0.0036458333333333334 0.005833333333333334
1 0.81953125 0.4195833333333333 0.0036458333333333334 0.0075
1 0.8411458333333334 0.41875 0.003125 0.0075
1 0.8565104166666667 0.41833333333333333 0.0036458333333333334 0.008333333333333333
1 0.8736979166666666 0.4175 0.0046875 0.008333333333333333
1 0.8838541666666667 0.4175 0.003125 0.008333333333333333
1 0.9401041666666666 0.41583333333333333 0.0020833333333333333 0.006666666666666667
1 0.9989583333333333 0.41375 0.0020833333333333333 0.005833333333333334
0 0.9776041666666667 0.41458333333333336 0.004166666666666667 0.0075
0 0.9653645833333333 0.41458333333333336 0.0036458333333333334 0.010833333333333334
0 0.96171875 0.41541666666666666 0.0036458333333333334 0.009166666666666667
0 0.9471354166666667 0.41583333333333333 0.0046875 0.01
0 0.9088541666666666 0.4166666666666667 0.003125 0.008333333333333333
0 0.8807291666666667 0.4191666666666667 0.004166666666666667 0.01
0 0.8596354166666667 0.4175 0.0026041666666666665 0.006666666666666667
0 0.82421875 0.42125 0.0036458333333333334 0.009166666666666667
0 0.80546875 0.41875 0.0015625 0.005833333333333334
0 0.7708333333333334 0.4225 0.003125 0.008333333333333333
0 0.7536458333333333 0.42083333333333334 0.0020833333333333333 0.006666666666666667
0 0.7471354166666667 0.42041666666666666 0.0026041666666666665 0.005833333333333334
0 0.7388020833333333 0.42333333333333334 0.0026041666666666665 0.008333333333333333
0 0.7278645833333334 0.42125 0.0026041666666666665 0.005833333333333334
0 0.7169270833333333 0.42125 0.0026041666666666665 0.005833333333333334
0 0.7080729166666667 0.4241666666666667 0.0026041666666666665 0.008333333333333333
0 0.6677083333333333 0.4245833333333333 0.0020833333333333333 0.0075
1 0.5955729166666667 0.42541666666666667 0.0026041666666666665 0.005833333333333334
0 0.6283854166666667 0.42583333333333334 0.0026041666666666665 0.006666666666666667
0 0.5450520833333333 0.4275 0.0026041666666666665 0.006666666666666667
0 0.5177083333333333 0.42875 0.0020833333333333333 0.005833333333333334
0 0.4859375 0.4295833333333333 0.0020833333333333333 0.005833333333333334
0 0.46380208333333334 0.43083333333333335 0.0026041666666666665 0.006666666666666667
0 0.43984375 0.4320833333333333 0.0026041666666666665 0.005833333333333334
0 0.38723958333333336 0.435 0.0026041666666666665 0.006666666666666667
0 0.3536458333333333 0.45666666666666667 0.00625 0.011666666666666667
0 0.34140625 0.4533333333333333 0.0046875 0.011666666666666667
0 0.3302083333333333 0.4504166666666667 0.005208333333333333 0.010833333333333334
0 0.32135416666666666 0.4483333333333333 0.004166666666666667 0.01
0 0.31536458333333334 0.44666666666666666 0.0036458333333333334 0.008333333333333333
0 0.3109375 0.44458333333333333 0.0020833333333333333 0.009166666666666667
0 0.3223958333333333 0.44 0.0020833333333333333 0.006666666666666667
0 0.33307291666666666 0.43916666666666665 0.0026041666666666665 0.006666666666666667
0 0.35494791666666664 0.43666666666666665 0.0026041666666666665 0.006666666666666667
0 0.11354166666666667 0.45625 0.003125 0.0125
0 0.5677083333333334 0.4275 0.0020833333333333333 0.006666666666666667
1 0.5653645833333333 0.42583333333333334 0.0015625 0.005
1 0.8278645833333333 0.41833333333333333 0.0015625 0.005
0 0.41380208333333335 0.43416666666666665 0.0015625 0.005
1 0.6872395833333333 0.4216666666666667 0.0026041666666666665 0.005
0 0.5953125 0.4275 0.003125 0.006666666666666667