1 0.3893229166666667 0.5454166666666667 0.027604166666666666 0.049166666666666664
1 0.4828125 0.4995833333333333 0.015625 0.0325
1 0.5166666666666667 0.4775 0.010416666666666666 0.025
1 0.58125 0.4675 0.008333333333333333 0.018333333333333333
1 0.6033854166666667 0.45916666666666667 0.0078125 0.016666666666666666
1 0.6200520833333333 0.45416666666666666 0.005729166666666666 0.015
1 0.62890625 0.4504166666666667 0.005729166666666666 0.014166666666666666
1 0.646875 0.445 0.005208333333333333 0.011666666666666667
1 0.66875 0.4425 0.005208333333333333 0.01
1 0.6598958333333333 0.4379166666666667 0.004166666666666667 0.009166666666666667
0 0.7848958333333333 0.5591666666666667 0.036458333333333336 0.06
0 0.7364583333333333 0.5045833333333334 0.020833333333333332 0.0375
0 0.7174479166666666 0.4845833333333333 0.015104166666666667 0.0275
0 0.7677083333333333 0.46875 0.0125 0.0225
0 0.7440104166666667 0.45875 0.008854166666666666 0.0175
0 0.7309895833333333 0.45125 0.0067708333333333336 0.015833333333333335
0 0.7434895833333334 0.44625 0.005729166666666666 0.0125
0 0.7611979166666667 0.4429166666666667 0.005729166666666666 0.0125
0 0.7682291666666666 0.43666666666666665 0.004166666666666667 0.01
0 0.778125 0.44125 0.005208333333333333 0.010833333333333334
0 0.83203125 0.4320833333333333 0.0036458333333333334 0.009166666666666667
0 0.8846354166666667 0.4320833333333333 0.0036458333333333334 0.0075
0 0.9588541666666667 0.4275 0.003125 0.006666666666666667
0 0.91953125 0.43125 0.0036458333333333334 0.0075
0 0.92578125 0.43 0.0036458333333333334 0.008333333333333333
1 0.9875 0.4270833333333333 0.003125 0.005833333333333334
1 0.9450520833333333 0.4266666666666667 0.0026041666666666665 0.006666666666666667
1 0.91015625 0.42791666666666667 0.0026041666666666665 0.005833333333333334
1 0.85234375 0.43041666666666667 0.0036458333333333334 0.0075
1 0.8611979166666667 0.43 0.0026041666666666665 0.006666666666666667
1 0.8197916666666667 0.43083333333333335 0.003125 0.006666666666666667
1 0.68828125 0.44125 0.0046875 0.009166666666666667
1 0.6994791666666667 0.43916666666666665 0.004166666666666667 0.01
1 0.6924479166666667 0.4379166666666667 0.0036458333333333334 0.009166666666666667
0 0.6799479166666667 0.435 0.0036458333333333334 0.008333333333333333
0 0.6888020833333334 0.4325 0.0026041666666666665 0.006666666666666667
0 0.6697916666666667 0.43125 0.003125 0.005833333333333334
0 0.6276041666666666 0.4370833333333333 0.003125 0.009166666666666667
1 0.62421875 0.43875 0.0036458333333333334 0.009166666666666667
1 0.5940104166666667 0.44083333333333335 0.0036458333333333334 0.01
1 0.5453125 0.44416666666666665 0.004166666666666667 0.01
0 0.575 0.43916666666666665 0.003125 0.008333333333333333
0 0.5403645833333334 0.44166666666666665 0.0036458333333333334 0.008333333333333333
1 0.4864583333333333 0.4483333333333333 0.004166666666666667 0.01
1 0.4354166666666667 0.45208333333333334 0.005208333333333333 0.010833333333333334
1 0.3372395833333333 0.45875 0.0046875 0.0125
1 0.23515625 0.46416666666666667 0.0067708333333333336 0.013333333333333334
1 0.22526041666666666 0.45208333333333334 0.0036458333333333334 0.0075
0 0.24661458333333333 0.45166666666666666 0.0036458333333333334 0.008333333333333333
0 0.271875 0.4583333333333333 0.00625 0.013333333333333334
0 0.34427083333333336 0.455 0.00625 0.013333333333333334
0 0.14817708333333332 0.4575 0.0046875 0.01
0 0.09505208333333333 0.4608333333333333 0.005729166666666666 0.01
0 0.005989583333333334 0.4683333333333333 0.0078125 0.013333333333333334
0 0.031510416666666666 0.465 0.005729166666666666 0.011666666666666667
0 0.04479166666666667 0.4683333333333333 0.008333333333333333 0.013333333333333334
1 0.026041666666666668 0.47291666666666665 0.007291666666666667 0.014166666666666666
1 0.14088541666666668 0.4691666666666667 0.0067708333333333336 0.013333333333333334
1 0.1296875 0.45708333333333334 0.005208333333333333 0.0075
1 0.2986979166666667 0.4475 0.0026041666666666665 0.006666666666666667
0 0.3221354166666667 0.4475 0.0036458333333333334 0.008333333333333333
0 0.37473958333333335 0.44458333333333333 0.0036458333333333334 0.0075
1 0.3502604166666667 0.445 0.0026041666666666665 0.006666666666666667
0 0.42473958333333334 0.45 0.0046875 0.011666666666666667
0 0.4544270833333333 0.44 0.0026041666666666665 0.006666666666666667
1 0.46848958333333335 0.43833333333333335 0.0026041666666666665 0.005
1 0.5015625 0.43666666666666665 0.0020833333333333333 0.005
1 0.528125 0.4354166666666667 0.0020833333333333333 0.004166666666666667
0 0.7244791666666667 0.4345833333333333 0.004166666666666667 0.009166666666666667
1 0.7440104166666667 0.43166666666666664 0.0026041666666666665 0.005
1 0.7177083333333333 0.43125 0.003125 0.005833333333333334
0 0.7731770833333333 0.43166666666666664 0.0036458333333333334 0.008333333333333333
0 0.42552083333333335 0.44166666666666665 0.003125 0.006666666666666667
1 0.43385416666666665 0.4404166666666667 0.003125 0.005833333333333334
0 0.49166666666666664 0.43833333333333335 0.003125 0.006666666666666667
0 0.525 0.4370833333333333 0.003125 0.005833333333333334
0 0.61484375 0.4320833333333333 0.0026041666666666665 0.005833333333333334
0 0.6377604166666667 0.43166666666666664 0.0026041666666666665 0.005
1 0.6411458333333333 0.43083333333333335 0.0020833333333333333 0.005
0 0.66484375 0.4320833333333333 0.0026041666666666665 0.005833333333333334
0 0.6552083333333333 0.43166666666666664 0.003125 0.005
1 0.6591145833333333 0.43083333333333335 0.0026041666666666665 0.005
1 0.67734375 0.43083333333333335 0.0026041666666666665 0.005
1 0.6958333333333333 0.43041666666666667 0.0020833333333333333 0.004166666666666667
1 0.70703125 0.43166666666666664 0.0026041666666666665 0.006666666666666667
1 0.7796875 0.43083333333333335 0.003125 0.006666666666666667
1 0.8666666666666667 0.42916666666666664 0.003125 0.006666666666666667
0 0.9294270833333333 0.42791666666666667 0.0026041666666666665 0.0075
0 0.55546875 0.4354166666666667 0.0026041666666666665 0.005833333333333334
1 0.5515625 0.43416666666666665 0.0020833333333333333 0.005
0 0.5768229166666666 0.43375 0.0026041666666666665 0.005833333333333334
0 0.5950520833333334 0.43333333333333335 0.0026041666666666665 0.005
1 0.5911458333333334 0.4325 0.0020833333333333333 0.005
1 0.57265625 0.43333333333333335 0.0026041666666666665 0.005
1 0.7026041666666667 0.43083333333333335 0.0020833333333333333 0.005
0 0.13854166666666667 0.46458333333333335 0.00625 0.014166666666666666