0 0.709375 0.3095833333333333 0.0125 0.024166666666666666
0 0.8091145833333333 0.31583333333333335 0.0140625 0.02
0 0.9260416666666667 0.32 0.017708333333333333 0.023333333333333334
1 0.6434895833333333 0.32375 0.0140625 0.0275
1 0.6091145833333333 0.30791666666666667 0.009895833333333333 0.0175
0 0.5645833333333333 0.3020833333333333 0.011458333333333333 0.0225
0 0.5192708333333333 0.3020833333333333 0.014583333333333334 0.015833333333333335
0 0.45729166666666665 0.2970833333333333 0.009375 0.019166666666666665
1 0.42213541666666665 0.31333333333333335 0.015104166666666667 0.015
1 0.48072916666666665 0.31666666666666665 0.0125 0.018333333333333333
1 0.54375 0.3179166666666667 0.0125 0.025833333333333333