0 0.9473958333333333 0.7083333333333334 0.09479166666666666 0.13333333333333333
0 0.7388020833333333 0.5591666666666667 0.0359375 0.06
0 0.7528645833333333 0.4975 0.021354166666666667 0.035
0 0.6921875 0.4741666666666667 0.0125 0.025
0 0.6591145833333333 0.46 0.008854166666666666 0.02
0 0.6791666666666667 0.44625 0.007291666666666667 0.014166666666666666
0 0.6927083333333334 0.4429166666666667 0.00625 0.014166666666666666
0 0.7286458333333333 0.43041666666666667 0.004166666666666667 0.009166666666666667
0 0.7770833333333333 0.43041666666666667 0.004166666666666667 0.009166666666666667
0 0.9515625 0.42541666666666667 0.003125 0.0075
1 0.9677083333333333 0.4241666666666667 0.003125 0.006666666666666667
1 0.9921875 0.42291666666666666 0.003125 0.0075
1 0.9421875 0.4241666666666667 0.003125 0.006666666666666667
1 0.8515625 0.425 0.003125 0.006666666666666667
0 0.90390625 0.4245833333333333 0.0036458333333333334 0.0075
0 0.8671875 0.4245833333333333 0.003125 0.0075
0 0.83046875 0.42541666666666667 0.0036458333333333334 0.0075
0 0.8072916666666666 0.4295833333333333 0.003125 0.009166666666666667
0 0.8005208333333333 0.42625 0.003125 0.0075
1 0.78671875 0.42541666666666667 0.0026041666666666665 0.005833333333333334
1 0.8158854166666667 0.4245833333333333 0.0026041666666666665 0.005833333333333334
1 0.76484375 0.42625 0.0026041666666666665 0.005833333333333334
1 0.7440104166666667 0.42916666666666664 0.0036458333333333334 0.008333333333333333
1 0.7135416666666666 0.42875 0.003125 0.0075
1 0.7502604166666667 0.4275 0.0026041666666666665 0.006666666666666667
1 0.07552083333333333 0.7266666666666667 0.09583333333333334 0.13333333333333333
1 0.31588541666666664 0.545 0.0296875 0.05333333333333334
1 0.45598958333333334 0.5029166666666667 0.0171875 0.035833333333333335
1 0.49270833333333336 0.48125 0.011458333333333333 0.025833333333333333
1 0.51484375 0.4683333333333333 0.009895833333333333 0.021666666666666667
1 0.525 0.46 0.009375 0.018333333333333333
1 0.5450520833333333 0.4504166666666667 0.0067708333333333336 0.014166666666666666
1 0.5697916666666667 0.44625 0.00625 0.014166666666666666
1 0.59140625 0.44375 0.0046875 0.010833333333333334
1 0.6020833333333333 0.4404166666666667 0.004166666666666667 0.010833333333333334
1 0.6375 0.4295833333333333 0.003125 0.0075
1 0.07083333333333333 0.48041666666666666 0.0125 0.020833333333333332
1 0.08697916666666666 0.45416666666666666 0.005208333333333333 0.01
0 0.10833333333333334 0.4708333333333333 0.010416666666666666 0.018333333333333333
0 0.12057291666666667 0.455 0.005729166666666666 0.011666666666666667
0 0.20182291666666666 0.44958333333333333 0.0046875 0.010833333333333334
0 0.246875 0.46 0.00625 0.015
0 0.3390625 0.45125 0.00625 0.014166666666666666
1 0.33307291666666666 0.45708333333333334 0.0067708333333333336 0.014166666666666666
1 0.4153645833333333 0.44958333333333333 0.005729166666666666 0.014166666666666666
1 0.47708333333333336 0.44333333333333336 0.004166666666666667 0.011666666666666667
1 0.5130208333333334 0.44083333333333335 0.004166666666666667 0.01
1 0.5546875 0.43875 0.004166666666666667 0.010833333333333334
1 0.16979166666666667 0.44958333333333333 0.004166666666666667 0.0075
1 0.24010416666666667 0.44583333333333336 0.003125 0.006666666666666667
1 0.2875 0.44333333333333336 0.003125 0.006666666666666667
0 0.27369791666666665 0.445 0.0046875 0.01
0 0.31276041666666665 0.4425 0.0036458333333333334 0.008333333333333333
0 0.35885416666666664 0.43916666666666665 0.003125 0.008333333333333333
1 0.33203125 0.44 0.0036458333333333334 0.006666666666666667
1 0.37213541666666666 0.4375 0.0026041666666666665 0.005
1 0.4041666666666667 0.4354166666666667 0.0020833333333333333 0.005833333333333334
0 0.45390625 0.44166666666666665 0.0046875 0.01
0 0.39869791666666665 0.43625 0.0026041666666666665 0.005833333333333334
0 0.5752604166666667 0.435 0.0036458333333333334 0.01
0 0.5807291666666666 0.43125 0.003125 0.0075
0 0.6236979166666666 0.43416666666666665 0.0046875 0.01
0 0.6208333333333333 0.43083333333333335 0.003125 0.006666666666666667
0 0.6651041666666667 0.45125 0.00625 0.0175
0 0.6734375 0.43625 0.005208333333333333 0.010833333333333334
0 0.6880208333333333 0.43916666666666665 0.005208333333333333 0.011666666666666667
0 0.66953125 0.43083333333333335 0.0036458333333333334 0.006666666666666667
1 0.25286458333333334 0.46541666666666665 0.008854166666666666 0.015833333333333335
1 0.43046875 0.43416666666666665 0.0026041666666666665 0.005
1 0.45338541666666665 0.4325 0.0026041666666666665 0.005
0 0.43411458333333336 0.4345833333333333 0.0026041666666666665 0.005833333333333334
0 0.45807291666666666 0.43291666666666667 0.0026041666666666665 0.005833333333333334
0 0.4778645833333333 0.43166666666666664 0.0026041666666666665 0.005
0 0.49921875 0.43041666666666667 0.0026041666666666665 0.005833333333333334
1 0.4739583333333333 0.43083333333333335 0.0020833333333333333 0.005
1 0.5015625 0.43 0.0020833333333333333 0.005
0 0.515625 0.4370833333333333 0.003125 0.009166666666666667
0 0.5236979166666667 0.42916666666666664 0.0026041666666666665 0.005
1 0.5268229166666667 0.42916666666666664 0.0026041666666666665 0.005
0 0.5419270833333333 0.42916666666666664 0.0026041666666666665 0.005
0 0.5557291666666667 0.43125 0.0020833333333333333 0.005833333333333334
0 0.5580729166666667 0.42916666666666664 0.0026041666666666665 0.006666666666666667
1 0.5455729166666666 0.42875 0.0026041666666666665 0.004166666666666667
1 0.56484375 0.42833333333333334 0.0026041666666666665 0.005
1 0.5841145833333333 0.42791666666666667 0.0026041666666666665 0.005833333333333334
1 0.6098958333333333 0.43 0.003125 0.006666666666666667
1 0.5981770833333333 0.4295833333333333 0.0026041666666666665 0.005833333333333334
1 0.59609375 0.42875 0.0026041666666666665 0.005833333333333334
1 0.59375 0.42833333333333334 0.003125 0.005
1 0.5911458333333334 0.42833333333333334 0.0020833333333333333 0.005
1 0.6739583333333333 0.42916666666666664 0.003125 0.006666666666666667
1 0.7528645833333333 0.4270833333333333 0.0026041666666666665 0.005833333333333334
0 0.8041666666666667 0.4275 0.003125 0.008333333333333333
0 0.8104166666666667 0.42833333333333334 0.003125 0.008333333333333333
1 0.9010416666666666 0.4241666666666667 0.003125 0.006666666666666667
0 0.9986979166666666 0.425 0.0026041666666666665 0.006666666666666667
0 0.41067708333333336 0.44458333333333333 0.0046875 0.010833333333333334