1 0.5921875 0.6375 0.07708333333333334 0.15
1 0.6252604166666667 0.46625 0.0421875 0.07416666666666667
1 0.6041666666666666 0.39166666666666666 0.022916666666666665 0.045
1 0.5861979166666667 0.3616666666666667 0.015104166666666667 0.03166666666666667
1 0.6166666666666667 0.34458333333333335 0.0125 0.024166666666666666
1 0.67734375 0.33916666666666667 0.0109375 0.021666666666666667
1 0.7494791666666667 0.33666666666666667 0.010416666666666666 0.02
1 0.8424479166666666 0.33875 0.011979166666666667 0.019166666666666665
1 0.9924479166666667 0.34458333333333335 0.013020833333333334 0.020833333333333332
0 0.9466145833333334 0.4166666666666667 0.033854166666666664 0.05333333333333334
0 0.8072916666666666 0.3745833333333333 0.019791666666666666 0.034166666666666665
1 0.0109375 0.3229166666666667 0.0125 0.0225