0 0.9424479166666667 0.7533333333333333 0.1046875 0.15833333333333333
0 0.5752604166666667 0.5258333333333334 0.022395833333333334 0.045
0 0.49244791666666665 0.48583333333333334 0.013020833333333334 0.02666666666666667
0 0.47760416666666666 0.4658333333333333 0.009375 0.02
0 0.4890625 0.4558333333333333 0.007291666666666667 0.016666666666666666
0 0.5161458333333333 0.44708333333333333 0.00625 0.0125
0 0.5463541666666667 0.4425 0.00625 0.011666666666666667
0 0.5940104166666667 0.44 0.0046875 0.011666666666666667
0 0.6598958333333333 0.43875 0.005208333333333333 0.010833333333333334
0 0.72890625 0.44 0.005729166666666666 0.011666666666666667
0 0.7791666666666667 0.4425 0.00625 0.013333333333333334
0 0.9354166666666667 0.4479166666666667 0.010416666666666666 0.0175
1 0.1953125 0.5758333333333333 0.03958333333333333 0.06
1 0.29140625 0.5033333333333333 0.019270833333333334 0.03333333333333333
1 0.31875 0.4820833333333333 0.0125 0.025833333333333333
1 0.35546875 0.46375 0.008854166666666666 0.0175
1 0.39401041666666664 0.45458333333333334 0.005729166666666666 0.014166666666666666
1 0.4244791666666667 0.44916666666666666 0.005208333333333333 0.011666666666666667
1 0.4669270833333333 0.44375 0.0046875 0.010833333333333334
1 0.50078125 0.4404166666666667 0.0036458333333333334 0.009166666666666667
1 0.55546875 0.4379166666666667 0.0036458333333333334 0.009166666666666667
1 0.6190104166666667 0.43583333333333335 0.0036458333333333334 0.008333333333333333
1 0.7104166666666667 0.43583333333333335 0.004166666666666667 0.01
1 0.76875 0.4370833333333333 0.004166666666666667 0.010833333333333334
1 0.85 0.43916666666666665 0.00625 0.013333333333333334
1 0.6643229166666667 0.43583333333333335 0.0036458333333333334 0.008333333333333333