0 0.7255208333333333 0.13375 0.015625 0.0325
0 0.5638020833333334 0.12833333333333333 0.0109375 0.025
0 0.46119791666666665 0.12625 0.0078125 0.020833333333333332
1 0.5091145833333334 0.115 0.0078125 0.016666666666666666
1 0.5908854166666667 0.115 0.009895833333333333 0.02
1 0.69140625 0.1175 0.0109375 0.023333333333333334
1 0.8552083333333333 0.1175 0.013541666666666667 0.028333333333333332
0 0.0359375 0.5254166666666666 0.071875 0.1725
0 0.40572916666666664 0.125 0.007291666666666667 0.018333333333333333
0 0.33984375 0.12333333333333334 0.0078125 0.016666666666666666
1 0.3763020833333333 0.115 0.0067708333333333336 0.015
1 0.321875 0.11583333333333333 0.005208333333333333 0.013333333333333334
1 0.4322916666666667 0.11458333333333333 0.00625 0.014166666666666666
0 0.29583333333333334 0.12375 0.007291666666666667 0.015833333333333335