1 0.38619791666666664 0.61625 0.0453125 0.08083333333333333
1 0.546875 0.5291666666666667 0.023958333333333335 0.045
1 0.6143229166666667 0.4945833333333333 0.018229166666666668 0.0325
1 0.65078125 0.47541666666666665 0.011979166666666667 0.025833333333333333
1 0.6419270833333334 0.46458333333333335 0.009895833333333333 0.020833333333333332
1 0.5958333333333333 0.4575 0.007291666666666667 0.016666666666666666
1 0.4861979166666667 0.45416666666666666 0.0067708333333333336 0.013333333333333334
1 0.44166666666666665 0.4558333333333333 0.00625 0.013333333333333334
1 0.39036458333333335 0.46041666666666664 0.005729166666666666 0.0125
1 0.31328125 0.46791666666666665 0.0067708333333333336 0.014166666666666666
1 0.0796875 0.49 0.008333333333333333 0.018333333333333333
1 0.22447916666666667 0.47708333333333336 0.008333333333333333 0.015833333333333335
1 0.7755208333333333 0.43125 0.005208333333333333 0.009166666666666667
1 0.7809895833333333 0.43166666666666664 0.0046875 0.01
1 0.8059895833333334 0.4275 0.0036458333333333334 0.008333333333333333
1 0.87265625 0.4295833333333333 0.005729166666666666 0.010833333333333334
1 0.9046875 0.4270833333333333 0.00625 0.010833333333333334
0 0.9057291666666667 0.5445833333333333 0.036458333333333336 0.0575
0 0.88828125 0.48791666666666667 0.019270833333333334 0.034166666666666665
0 0.85703125 0.4683333333333333 0.015104166666666667 0.02666666666666667
0 0.7611979166666667 0.4533333333333333 0.008854166666666666 0.018333333333333333
0 0.6760416666666667 0.4483333333333333 0.00625 0.015
0 0.7940104166666667 0.4354166666666667 0.005729166666666666 0.0125
0 0.8934895833333333 0.43333333333333335 0.0067708333333333336 0.013333333333333334
0 0.60546875 0.44583333333333336 0.005729166666666666 0.013333333333333334
0 0.6901041666666666 0.43625 0.004166666666666667 0.010833333333333334
0 0.6953125 0.435 0.004166666666666667 0.01
0 0.7125 0.4320833333333333 0.004166666666666667 0.009166666666666667
0 0.7283854166666667 0.4354166666666667 0.005729166666666666 0.0125
0 0.47578125 0.4504166666666667 0.0046875 0.0125
0 0.41458333333333336 0.45458333333333334 0.005208333333333333 0.010833333333333334
0 0.09140625 0.47333333333333333 0.0046875 0.01
0 0.21432291666666667 0.47208333333333335 0.005729166666666666 0.014166666666666666
0 0.29583333333333334 0.46458333333333335 0.00625 0.0125
0 0.36302083333333335 0.4583333333333333 0.005208333333333333 0.011666666666666667
0 0.039322916666666666 0.4766666666666667 0.0046875 0.01
0 0.11302083333333333 0.47333333333333333 0.004166666666666667 0.01
0 0.2734375 0.45708333333333334 0.0020833333333333333 0.005833333333333334
0 0.34817708333333336 0.45125 0.0026041666666666665 0.005833333333333334
0 0.5385416666666667 0.44708333333333333 0.004166666666666667 0.010833333333333334
0 0.73515625 0.43083333333333335 0.0036458333333333334 0.008333333333333333
0 0.7549479166666667 0.4295833333333333 0.0046875 0.0075
1 0.9408854166666667 0.4241666666666667 0.0046875 0.01
1 0.9942708333333333 0.41875 0.005208333333333333 0.009166666666666667
1 0.8216145833333334 0.4320833333333333 0.0046875 0.0075
1 0.7888020833333333 0.4295833333333333 0.0046875 0.0075
1 0.540625 0.4533333333333333 0.007291666666666667 0.015
0 0.02734375 0.47291666666666665 0.0036458333333333334 0.0075
1 0.016666666666666666 0.47291666666666665 0.003125 0.0075
0 0.14244791666666667 0.4658333333333333 0.0026041666666666665 0.006666666666666667
0 0.17578125 0.46416666666666667 0.0026041666666666665 0.006666666666666667
0 0.22630208333333332 0.4608333333333333 0.0036458333333333334 0.008333333333333333
0 0.40520833333333334 0.44708333333333333 0.003125 0.005833333333333334
1 0.8213541666666667 0.42583333333333334 0.004166666666666667 0.008333333333333333
1 0.8278645833333333 0.4241666666666667 0.0036458333333333334 0.008333333333333333
1 0.83203125 0.4220833333333333 0.0026041666666666665 0.0075
1 0.8440104166666667 0.42125 0.0026041666666666665 0.005833333333333334
1 0.83671875 0.42125 0.0026041666666666665 0.005833333333333334
1 0.8153645833333333 0.42083333333333334 0.0026041666666666665 0.005
0 0.7697916666666667 0.4270833333333333 0.004166666666666667 0.009166666666666667
1 0.21432291666666667 0.4608333333333333 0.0026041666666666665 0.006666666666666667
1 0.2557291666666667 0.4579166666666667 0.0020833333333333333 0.005833333333333334
1 0.6479166666666667 0.4295833333333333 0.003125 0.004166666666666667
1 0.6203125 0.43083333333333335 0.0020833333333333333 0.005
1 0.31614583333333335 0.45375 0.0020833333333333333 0.004166666666666667
1 0.18020833333333333 0.4625 0.003125 0.006666666666666667
0 0.6609375 0.42875 0.003125 0.005833333333333334
0 0.6369791666666667 0.43041666666666667 0.0020833333333333333 0.005833333333333334
0 0.58046875 0.43291666666666667 0.0026041666666666665 0.0075
0 0.4432291666666667 0.44416666666666665 0.0020833333333333333 0.005
1 0.6729166666666667 0.4275 0.0020833333333333333 0.0033333333333333335