1 0.5125 0.46375 0.03958333333333333 0.08916666666666667
1 0.92421875 0.38 0.04635416666666667 0.07166666666666667
1 0.99375 0.25083333333333335 0.011458333333333333 0.023333333333333334
1 0.83203125 0.25958333333333333 0.0109375 0.020833333333333332
1 0.7223958333333333 0.26916666666666667 0.011458333333333333 0.02
1 0.5950520833333334 0.27958333333333335 0.009895833333333333 0.020833333333333332
1 0.4856770833333333 0.2875 0.009895833333333333 0.02
1 0.37786458333333334 0.29875 0.0109375 0.020833333333333332
1 0.2877604166666667 0.31875 0.0140625 0.025833333333333333
0 0.8606770833333334 0.24833333333333332 0.0109375 0.018333333333333333
0 0.7479166666666667 0.25666666666666665 0.009375 0.018333333333333333
0 0.6520833333333333 0.265 0.008333333333333333 0.015
0 0.36041666666666666 0.29125 0.007291666666666667 0.015833333333333335
0 0.46328125 0.2816666666666667 0.0078125 0.015
0 0.5526041666666667 0.275 0.007291666666666667 0.013333333333333334
0 0.25677083333333334 0.305 0.010416666666666666 0.018333333333333333