0 0.4114583333333333 0.5025 0.09583333333333334 0.19333333333333333
0 0.99453125 0.06708333333333333 0.0109375 0.0375
0 0.9765625 0.05875 0.0125 0.034166666666666665
0 0.9041666666666667 0.03833333333333333 0.009375 0.023333333333333334
0 0.8325520833333333 0.04083333333333333 0.008854166666666666 0.018333333333333333
0 0.7450520833333333 0.0475 0.0078125 0.018333333333333333
1 0.9158854166666667 0.03125 0.0078125 0.0175
1 0.8455729166666667 0.035 0.0078125 0.016666666666666666
1 0.7567708333333333 0.041666666666666664 0.008333333333333333 0.016666666666666666
0 0.6700520833333333 0.05541666666666667 0.0078125 0.014166666666666666
1 0.6669270833333333 0.04958333333333333 0.005729166666666666 0.014166666666666666
1 0.5981770833333333 0.057916666666666665 0.005729166666666666 0.0125
0 0.5924479166666666 0.06416666666666666 0.0067708333333333336 0.015
0 0.49505208333333334 0.07625 0.0067708333333333336 0.0175
1 0.5119791666666667 0.06916666666666667 0.00625 0.011666666666666667
1 0.41067708333333336 0.07875 0.0067708333333333336 0.0175
0 0.33932291666666664 0.09666666666666666 0.0109375 0.023333333333333334
1 0.27838541666666666 0.09583333333333334 0.008854166666666666 0.02
1 0.10260416666666666 0.11708333333333333 0.0125 0.0225
0 0.1421875 0.1225 0.015625 0.03
0 0.9854166666666667 0.03875 0.014583333333333334 0.0375