0 0.6778645833333333 0.5466666666666666 0.0328125 0.055
0 0.47942708333333334 0.5116666666666667 0.0140625 0.03333333333333333
0 0.928125 0.4579166666666667 0.013541666666666667 0.0225
0 0.8125 0.45458333333333334 0.010416666666666666 0.019166666666666665
0 0.68203125 0.4529166666666667 0.0078125 0.015833333333333335
0 0.49375 0.4691666666666667 0.005208333333333333 0.018333333333333333
0 0.58046875 0.4575 0.0046875 0.013333333333333334
1 0.19505208333333332 0.5779166666666666 0.0390625 0.060833333333333336
1 0.16145833333333334 0.5283333333333333 0.019791666666666666 0.03666666666666667
1 0.20546875 0.5004166666666666 0.0140625 0.025833333333333333
1 0.275 0.48 0.009375 0.02
1 0.37786458333333334 0.4675 0.0078125 0.015
1 0.47239583333333335 0.4575 0.004166666666666667 0.018333333333333333
1 0.5619791666666667 0.4508333333333333 0.005208333333333333 0.013333333333333334
1 0.6643229166666667 0.44666666666666666 0.005729166666666666 0.011666666666666667
1 0.7692708333333333 0.44458333333333333 0.00625 0.014166666666666666
1 0.8630208333333333 0.44375 0.008333333333333333 0.015833333333333335
1 0.9770833333333333 0.44416666666666665 0.011458333333333333 0.018333333333333333