1 0.6130208333333333 0.6116666666666667 0.0625 0.14166666666666666
1 0.7065104166666667 0.4091666666666667 0.028645833333333332 0.05333333333333334
1 0.81953125 0.4920833333333333 0.05260416666666667 0.0875
1 0.5359375 0.3754166666666667 0.021875 0.04083333333333333
1 0.3294270833333333 0.3641666666666667 0.019270833333333334 0.04
1 0.008333333333333333 0.34541666666666665 0.016666666666666666 0.0425
0 0.12916666666666668 0.32 0.014583333333333334 0.028333333333333332
0 0.7440104166666667 0.36041666666666666 0.013020833333333334 0.029166666666666667
0 0.16432291666666668 0.28583333333333333 0.0067708333333333336 0.011666666666666667
0 0.008333333333333333 0.2775 0.007291666666666667 0.013333333333333334
1 0.07057291666666667 0.2775 0.005729166666666666 0.01