1 0.13151041666666666 0.6466666666666666 0.04635416666666667 0.09
1 0.32057291666666665 0.5416666666666666 0.022395833333333334 0.045
1 0.4309895833333333 0.49 0.011979166666666667 0.02666666666666667
1 0.49921875 0.47 0.009895833333333333 0.02
1 0.5447916666666667 0.46 0.008333333333333333 0.016666666666666666
1 0.6028645833333334 0.4508333333333333 0.0067708333333333336 0.015
1 0.6484375 0.445 0.007291666666666667 0.013333333333333334
1 0.7205729166666667 0.44 0.005729166666666666 0.011666666666666667
1 0.8125 0.435 0.00625 0.013333333333333334
1 0.9651041666666667 0.4320833333333333 0.009375 0.014166666666666666
0 0.8856770833333333 0.43916666666666665 0.0078125 0.016666666666666666
0 0.7794270833333333 0.44208333333333333 0.0067708333333333336 0.015833333333333335
0 0.7119791666666667 0.4475 0.007291666666666667 0.016666666666666666
0 0.6703125 0.45625 0.008333333333333333 0.0175
0 0.63046875 0.47458333333333336 0.011979166666666667 0.024166666666666666
0 0.6122395833333333 0.49875 0.015104166666666667 0.0325
0 0.6364583333333333 0.5754166666666667 0.029166666666666667 0.06583333333333333
1 0.8841145833333334 0.43291666666666667 0.0067708333333333336 0.014166666666666666