1 0.20338541666666668 0.6370833333333333 0.050520833333333334 0.08583333333333333
1 0.37213541666666666 0.5179166666666667 0.021354166666666667 0.03916666666666667
1 0.4296875 0.4795833333333333 0.011458333333333333 0.024166666666666666
1 0.45078125 0.46458333333333335 0.008854166666666666 0.019166666666666665
1 0.465625 0.45416666666666666 0.00625 0.016666666666666666
1 0.48463541666666665 0.44375 0.0046875 0.0125
1 0.49192708333333335 0.4404166666666667 0.0036458333333333334 0.010833333333333334
1 0.50625 0.4375 0.004166666666666667 0.01
1 0.5283854166666667 0.43375 0.0036458333333333334 0.009166666666666667
0 0.6861979166666666 0.5766666666666667 0.0359375 0.06833333333333333
0 0.621875 0.5108333333333334 0.019791666666666666 0.04
0 0.5932291666666667 0.48041666666666666 0.013541666666666667 0.0275
0 0.57578125 0.465 0.009895833333333333 0.02
0 0.5645833333333333 0.45458333333333334 0.007291666666666667 0.0175
0 0.5598958333333334 0.4479166666666667 0.005208333333333333 0.014166666666666666
0 0.5643229166666667 0.4375 0.0036458333333333334 0.011666666666666667
0 0.5791666666666667 0.43333333333333335 0.004166666666666667 0.01
1 0.55 0.43083333333333335 0.003125 0.008333333333333333
1 0.66640625 0.42541666666666667 0.0026041666666666665 0.0075
1 0.7559895833333333 0.4220833333333333 0.0036458333333333334 0.0075
1 0.8125 0.42125 0.004166666666666667 0.009166666666666667
1 0.8651041666666667 0.42 0.004166666666666667 0.008333333333333333
1 0.9330729166666667 0.4191666666666667 0.0046875 0.01
1 0.9981770833333333 0.41875 0.0036458333333333334 0.010833333333333334
0 0.96328125 0.4216666666666667 0.005729166666666666 0.011666666666666667
0 0.8958333333333334 0.4225 0.00625 0.011666666666666667
0 0.82890625 0.42291666666666666 0.0046875 0.010833333333333334
0 0.78828125 0.4241666666666667 0.0046875 0.01
0 0.7479166666666667 0.4241666666666667 0.004166666666666667 0.01
0 0.7072916666666667 0.42541666666666667 0.004166666666666667 0.009166666666666667
0 0.62421875 0.42791666666666667 0.0036458333333333334 0.009166666666666667
0 0.5950520833333334 0.43083333333333335 0.0036458333333333334 0.01
0 0.56796875 0.4354166666666667 0.0036458333333333334 0.009166666666666667
0 0.6692708333333334 0.4270833333333333 0.003125 0.009166666666666667
1 0.5822916666666667 0.42916666666666664 0.003125 0.006666666666666667