0 0.96015625 0.7554166666666666 0.07760416666666667 0.16416666666666666
0 0.5276041666666667 0.5733333333333334 0.03333333333333333 0.06333333333333334
0 0.40260416666666665 0.5245833333333333 0.01875 0.03916666666666667
0 0.7682291666666666 0.4579166666666667 0.011458333333333333 0.020833333333333332
0 0.81640625 0.44875 0.009895833333333333 0.019166666666666665
0 0.7989583333333333 0.44333333333333336 0.009375 0.016666666666666666
0 0.7838541666666666 0.43833333333333335 0.007291666666666667 0.013333333333333334
0 0.87265625 0.42833333333333334 0.0067708333333333336 0.013333333333333334
0 0.9526041666666667 0.42541666666666667 0.00625 0.014166666666666666
1 0.06588541666666667 0.5670833333333334 0.030729166666666665 0.0475
1 0.18072916666666666 0.5175 0.017708333333333333 0.03
1 0.2838541666666667 0.49375 0.014583333333333334 0.024166666666666666
1 0.37526041666666665 0.47791666666666666 0.0109375 0.019166666666666665
1 0.4669270833333333 0.46708333333333335 0.009895833333333333 0.0175
1 0.5796875 0.4575 0.008333333333333333 0.016666666666666666
1 0.68359375 0.44333333333333336 0.005729166666666666 0.013333333333333334
1 0.7075520833333333 0.435 0.0046875 0.01
1 0.74609375 0.43166666666666664 0.0036458333333333334 0.01
1 0.8890625 0.4245833333333333 0.005208333333333333 0.010833333333333334
1 0.9760416666666667 0.42083333333333334 0.005208333333333333 0.011666666666666667
1 0.005729166666666666 0.6808333333333333 0.011458333333333333 0.015
1 0.8106770833333333 0.42791666666666667 0.0036458333333333334 0.009166666666666667