0 0.8119791666666667 0.4625 0.07708333333333334 0.17
0 0.11536458333333334 0.14958333333333335 0.013020833333333334 0.0275
0 0.33567708333333335 0.12833333333333333 0.0109375 0.025
0 0.5161458333333333 0.11041666666666666 0.010416666666666666 0.020833333333333332
0 0.6671875 0.09541666666666666 0.009375 0.019166666666666665
0 0.92890625 0.07083333333333333 0.008854166666666666 0.018333333333333333
0 0.8453125 0.07875 0.007291666666666667 0.0175
1 0.12005208333333334 0.14041666666666666 0.009895833333333333 0.020833333333333332
1 0.29661458333333335 0.12458333333333334 0.008854166666666666 0.020833333333333332
1 0.45546875 0.10916666666666666 0.008854166666666666 0.018333333333333333
1 0.5815104166666667 0.09666666666666666 0.008854166666666666 0.016666666666666666
1 0.6809895833333334 0.0875 0.0067708333333333336 0.016666666666666666
0 0.7658854166666667 0.08666666666666667 0.008854166666666666 0.018333333333333333
1 0.7684895833333333 0.07916666666666666 0.005729166666666666 0.016666666666666666
1 0.83984375 0.07375 0.0067708333333333336 0.015833333333333335
1 0.9408854166666667 0.06666666666666667 0.0078125 0.015