0 0.4114583333333333 0.6175 0.09479166666666666 0.22166666666666668
0 0.15078125 0.21958333333333332 0.0265625 0.0525
0 0.26640625 0.19083333333333333 0.018229166666666668 0.03666666666666667
0 0.39453125 0.1675 0.015104166666666667 0.03
1 0.0640625 0.18958333333333333 0.016666666666666666 0.0325
1 0.24635416666666668 0.16291666666666665 0.0125 0.0275
1 0.4322916666666667 0.14208333333333334 0.010416666666666666 0.024166666666666666
1 0.5609375 0.12916666666666668 0.010416666666666666 0.023333333333333334
1 0.7028645833333333 0.11875 0.008854166666666666 0.019166666666666665
0 0.8046875 0.12208333333333334 0.0125 0.029166666666666667
0 0.9348958333333334 0.11125 0.013541666666666667 0.0275
1 0.9138020833333333 0.1025 0.009895833333333333 0.02
1 0.8143229166666667 0.11083333333333334 0.008854166666666666 0.02
0 0.5283854166666667 0.15041666666666667 0.013020833333333334 0.029166666666666667
0 0.6401041666666667 0.13708333333333333 0.011458333333333333 0.0275
1 0.61015625 0.1075 0.0046875 0.01
1 0.625 0.10625 0.005208333333333333 0.009166666666666667
1 0.6341145833333334 0.10583333333333333 0.0046875 0.01
1 0.6471354166666666 0.10541666666666667 0.0046875 0.009166666666666667
1 0.6786458333333333 0.10416666666666667 0.004166666666666667 0.01
0 0.70234375 0.10208333333333333 0.0036458333333333334 0.009166666666666667
1 0.7203125 0.10166666666666667 0.004166666666666667 0.01
0 0.75 0.10083333333333333 0.005208333333333333 0.011666666666666667
0 0.75625 0.10083333333333333 0.004166666666666667 0.013333333333333334
0 0.7955729166666666 0.09791666666666667 0.0046875 0.0125
1 0.7432291666666667 0.1025 0.00625 0.013333333333333334
1 0.8106770833333333 0.09875 0.0046875 0.014166666666666666
0 0.8643229166666667 0.09541666666666666 0.005729166666666666 0.014166666666666666
0 0.9 0.09125 0.005208333333333333 0.010833333333333334
0 0.9450520833333333 0.09083333333333334 0.0046875 0.011666666666666667
1 0.9065104166666667 0.09375 0.005729166666666666 0.0125
1 0.8859375 0.09208333333333334 0.004166666666666667 0.009166666666666667