0 0.665625 0.6625 0.12083333333333333 0.25666666666666665
0 0.8200520833333333 0.10333333333333333 0.011979166666666667 0.02
0 0.7255208333333333 0.10416666666666667 0.009375 0.018333333333333333
0 0.6471354166666666 0.10458333333333333 0.0078125 0.015833333333333335
0 0.584375 0.10583333333333333 0.007291666666666667 0.015
1 0.8341145833333333 0.09666666666666666 0.0067708333333333336 0.015
1 0.7494791666666667 0.0975 0.005208333333333333 0.015
1 0.65703125 0.09875 0.005729166666666666 0.014166666666666666
1 0.52109375 0.10041666666666667 0.005729166666666666 0.0125
0 0.5359375 0.10583333333333333 0.007291666666666667 0.015
1 0.46145833333333336 0.10041666666666667 0.005208333333333333 0.010833333333333334
0 0.47942708333333334 0.10541666666666667 0.005729166666666666 0.0125
0 0.9333333333333333 0.10041666666666667 0.0125 0.0225
0 0.4166666666666667 0.10625 0.005208333333333333 0.010833333333333334
0 0.33307291666666666 0.10875 0.0046875 0.009166666666666667
0 0.359375 0.10833333333333334 0.005208333333333333 0.01
1 0.37447916666666664 0.09833333333333333 0.004166666666666667 0.008333333333333333
1 0.4075520833333333 0.10208333333333333 0.0046875 0.0075
0 0.21119791666666668 0.11 0.0046875 0.01
0 0.253125 0.10708333333333334 0.004166666666666667 0.009166666666666667
0 0.2947916666666667 0.10458333333333333 0.004166666666666667 0.009166666666666667
1 0.28880208333333335 0.10375 0.0036458333333333334 0.005833333333333334
1 0.23776041666666667 0.10708333333333334 0.0036458333333333334 0.0075
0 0.33697916666666666 0.10625 0.004166666666666667 0.009166666666666667
0 0.35052083333333334 0.10333333333333333 0.004166666666666667 0.01
0 0.3572916666666667 0.10041666666666667 0.0020833333333333333 0.009166666666666667
1 0.41432291666666665 0.09916666666666667 0.0026041666666666665 0.008333333333333333
1 0.5895833333333333 0.1 0.004166666666666667 0.011666666666666667
1 0.9528645833333333 0.09333333333333334 0.009895833333333333 0.018333333333333333