1 0.390625 0.5391666666666667 0.027083333333333334 0.051666666666666666
1 0.50078125 0.49041666666666667 0.0140625 0.030833333333333334
1 0.5598958333333334 0.4716666666666667 0.011458333333333333 0.025
1 0.628125 0.4579166666666667 0.009375 0.020833333333333332
1 0.678125 0.4504166666666667 0.00625 0.015833333333333335
1 0.76171875 0.44583333333333336 0.0067708333333333336 0.015
1 0.8739583333333333 0.44333333333333336 0.007291666666666667 0.015
1 0.9671875 0.44375 0.009375 0.0175
0 0.9950520833333333 0.4525 0.008854166666666666 0.02
0 0.8541666666666666 0.4533333333333333 0.011458333333333333 0.02
0 0.7736979166666667 0.4583333333333333 0.009895833333333333 0.02
0 0.73828125 0.47125 0.016145833333333335 0.025833333333333333
0 0.7361979166666667 0.5120833333333333 0.021354166666666667 0.0425
0 0.79296875 0.5941666666666666 0.04114583333333333 0.08