1 0.1125 0.5041666666666667 0.014583333333333334 0.023333333333333334
1 0.2140625 0.4845833333333333 0.010416666666666666 0.019166666666666665
1 0.30963541666666666 0.4708333333333333 0.008854166666666666 0.016666666666666666
1 0.41875 0.45916666666666667 0.007291666666666667 0.015
1 0.5135416666666667 0.44333333333333336 0.005208333333333333 0.01
1 0.5169270833333334 0.43916666666666665 0.0046875 0.01
1 0.5361979166666667 0.435 0.0036458333333333334 0.008333333333333333
1 0.5690104166666666 0.43166666666666664 0.0036458333333333334 0.008333333333333333
1 0.6208333333333333 0.4270833333333333 0.003125 0.0075
1 0.67734375 0.4241666666666667 0.0036458333333333334 0.008333333333333333
1 0.7346354166666667 0.42125 0.0036458333333333334 0.009166666666666667
1 0.8052083333333333 0.41875 0.004166666666666667 0.0075
1 0.8692708333333333 0.4170833333333333 0.005208333333333333 0.010833333333333334
1 0.91796875 0.4170833333333333 0.005729166666666666 0.0125
1 0.9739583333333334 0.4175 0.005208333333333333 0.013333333333333334
0 0.61015625 0.5858333333333333 0.0421875 0.075
0 0.3731770833333333 0.54 0.0265625 0.04833333333333333
0 0.25807291666666665 0.51875 0.019270833333333334 0.034166666666666665
0 0.5770833333333333 0.4529166666666667 0.008333333333333333 0.0175
0 0.6161458333333333 0.445 0.007291666666666667 0.015
0 0.60625 0.4404166666666667 0.00625 0.014166666666666666
0 0.5958333333333333 0.4370833333333333 0.00625 0.0125
0 0.6643229166666667 0.4275 0.0046875 0.01
0 0.7182291666666667 0.4245833333333333 0.005208333333333333 0.010833333333333334
0 0.7794270833333333 0.4225 0.005729166666666666 0.01
0 0.8302083333333333 0.42333333333333334 0.005208333333333333 0.011666666666666667
0 0.9497395833333333 0.42583333333333334 0.005729166666666666 0.015
1 0.002864583333333333 0.5416666666666666 0.005729166666666666 0.01
0 0.8638020833333333 0.42583333333333334 0.0067708333333333336 0.011666666666666667