0 0.7692708333333333 0.47625 0.09375 0.1925
0 0.915625 0.11375 0.027083333333333334 0.0525
1 0.9333333333333333 0.08083333333333333 0.019791666666666666 0.03833333333333333
1 0.75703125 0.08458333333333333 0.016145833333333335 0.0325
1 0.6872395833333333 0.08083333333333333 0.011979166666666667 0.02666666666666667
1 0.6651041666666667 0.07458333333333333 0.010416666666666666 0.024166666666666666
1 0.6486979166666667 0.07 0.009895833333333333 0.02
1 0.63203125 0.065 0.008854166666666666 0.018333333333333333
1 0.6015625 0.0625 0.00625 0.016666666666666666
1 0.5375 0.06416666666666666 0.00625 0.015
1 0.4765625 0.06583333333333333 0.005208333333333333 0.015
1 0.41901041666666666 0.07 0.0046875 0.015
0 0.63125 0.11708333333333333 0.01875 0.03916666666666667
0 0.49505208333333334 0.10541666666666667 0.011979166666666667 0.025833333333333333
0 0.48932291666666666 0.09333333333333334 0.0078125 0.02666666666666667
0 0.50859375 0.085 0.0046875 0.016666666666666666
0 0.51171875 0.07583333333333334 0.005729166666666666 0.018333333333333333
0 0.4609375 0.07416666666666667 0.007291666666666667 0.018333333333333333
0 0.4044270833333333 0.07583333333333334 0.0067708333333333336 0.016666666666666666
0 0.32578125 0.0825 0.005729166666666666 0.015
1 0.34010416666666665 0.07708333333333334 0.00625 0.014166666666666666