0 0.6692708333333334 0.36875 0.0625 0.1425
0 0.06796875 0.18125 0.024479166666666666 0.04583333333333333
1 0.018489583333333334 0.1575 0.0203125 0.03666666666666667
1 0.21041666666666667 0.13625 0.014583333333333334 0.030833333333333334
0 0.37526041666666665 0.14041666666666666 0.018229166666666668 0.03916666666666667
0 0.5104166666666666 0.11375 0.014583333333333334 0.0325
0 0.5388020833333333 0.09708333333333333 0.013020833333333334 0.029166666666666667
0 0.49244791666666665 0.0925 0.0109375 0.025
0 0.42916666666666664 0.09083333333333334 0.011458333333333333 0.023333333333333334
0 0.37838541666666664 0.09 0.008854166666666666 0.021666666666666667
1 0.3184895833333333 0.11958333333333333 0.013020833333333334 0.029166666666666667
1 0.30494791666666665 0.11333333333333333 0.013020833333333334 0.025
1 0.27265625 0.10791666666666666 0.0109375 0.0225
1 0.240625 0.10625 0.010416666666666666 0.020833333333333332
1 0.24557291666666667 0.10083333333333333 0.0078125 0.016666666666666666
1 0.2877604166666667 0.0925 0.0078125 0.016666666666666666
1 0.34348958333333335 0.08375 0.0067708333333333336 0.014166666666666666
1 0.41354166666666664 0.07583333333333334 0.00625 0.013333333333333334
1 0.50703125 0.06625 0.005729166666666666 0.014166666666666666
0 0.63671875 0.058333333333333334 0.0078125 0.016666666666666666
1 0.61953125 0.052083333333333336 0.005729166666666666 0.0125
1 0.634375 0.04875 0.004166666666666667 0.010833333333333334
1 0.6658854166666667 0.04416666666666667 0.0036458333333333334 0.01
0 0.6919270833333333 0.051666666666666666 0.0078125 0.016666666666666666
0 0.7033854166666667 0.04875 0.005729166666666666 0.015833333333333335
0 0.7122395833333334 0.045 0.005729166666666666 0.013333333333333334
1 0.7151041666666667 0.03833333333333333 0.003125 0.008333333333333333
1 0.7846354166666667 0.0325 0.0036458333333333334 0.01
0 0.82734375 0.03166666666666667 0.005729166666666666 0.015
1 0.86171875 0.02666666666666667 0.0046875 0.01
0 0.8942708333333333 0.025416666666666667 0.004166666666666667 0.0125
0 0.9653645833333333 0.019166666666666665 0.0046875 0.011666666666666667
1 0.93671875 0.019583333333333335 0.0036458333333333334 0.009166666666666667