1 0.29635416666666664 0.6179166666666667 0.04479166666666667 0.0825
1 0.41770833333333335 0.50375 0.017708333333333333 0.034166666666666665
1 0.4471354166666667 0.475 0.009895833333333333 0.023333333333333334
1 0.46380208333333334 0.45916666666666667 0.0078125 0.016666666666666666
1 0.47109375 0.45125 0.005729166666666666 0.014166666666666666
1 0.4778645833333333 0.4454166666666667 0.0046875 0.010833333333333334
1 0.4875 0.43916666666666665 0.003125 0.01
1 0.49140625 0.43666666666666665 0.0036458333333333334 0.008333333333333333
0 0.7109375 0.5475 0.030208333333333334 0.055
0 0.6265625 0.49291666666666667 0.014583333333333334 0.030833333333333334
0 0.5986979166666667 0.47458333333333336 0.0109375 0.024166666666666666
0 0.5658854166666667 0.4529166666666667 0.0067708333333333336 0.015833333333333335
0 0.55703125 0.4475 0.005729166666666666 0.013333333333333334
0 0.55234375 0.44375 0.0046875 0.010833333333333334
0 0.9942708333333333 0.43833333333333335 0.005208333333333333 0.01
0 0.928125 0.4354166666666667 0.004166666666666667 0.009166666666666667
0 0.8822916666666667 0.43416666666666665 0.004166666666666667 0.008333333333333333
1 0.50234375 0.43583333333333335 0.0046875 0.008333333333333333
1 0.5205729166666667 0.43333333333333335 0.0036458333333333334 0.006666666666666667
1 0.5395833333333333 0.43125 0.003125 0.0075
0 0.5541666666666667 0.43666666666666665 0.003125 0.01
0 0.5565104166666667 0.4354166666666667 0.0036458333333333334 0.009166666666666667
0 0.5658854166666667 0.43333333333333335 0.0036458333333333334 0.008333333333333333
0 0.5794270833333334 0.4320833333333333 0.0036458333333333334 0.009166666666666667
0 0.6776041666666667 0.43125 0.004166666666666667 0.0075
0 0.7125 0.43125 0.004166666666666667 0.0075
0 0.7463541666666667 0.43166666666666664 0.004166666666666667 0.008333333333333333
1 0.76796875 0.43041666666666667 0.0036458333333333334 0.0075
0 0.7794270833333333 0.4320833333333333 0.0046875 0.009166666666666667
1 0.8104166666666667 0.43083333333333335 0.004166666666666667 0.008333333333333333
0 0.83203125 0.43333333333333335 0.0046875 0.01
1 0.8638020833333333 0.4325 0.0046875 0.008333333333333333
1 0.9140625 0.43333333333333335 0.005208333333333333 0.01
1 0.9770833333333333 0.43375 0.005208333333333333 0.009166666666666667