0 0.42526041666666664 0.41625 0.07864583333333333 0.14916666666666667
0 0.057291666666666664 0.15291666666666667 0.019791666666666666 0.035833333333333335
0 0.10963541666666667 0.13583333333333333 0.015104166666666667 0.03
0 0.06953125 0.13041666666666665 0.015104166666666667 0.0275
1 0.12682291666666667 0.10166666666666667 0.0078125 0.015
0 0.25885416666666666 0.09083333333333334 0.00625 0.016666666666666666
0 0.31744791666666666 0.08291666666666667 0.005729166666666666 0.015833333333333335
0 0.33203125 0.07875 0.005729166666666666 0.015833333333333335
0 0.3450520833333333 0.07416666666666667 0.0046875 0.013333333333333334
0 0.7013020833333333 0.050416666666666665 0.0067708333333333336 0.015833333333333335
1 0.7447916666666666 0.042916666666666665 0.004166666666666667 0.0125
1 0.67578125 0.04416666666666667 0.0036458333333333334 0.011666666666666667
1 0.65234375 0.04416666666666667 0.0036458333333333334 0.011666666666666667
1 0.6119791666666666 0.04583333333333333 0.004166666666666667 0.01
0 0.6286458333333333 0.05458333333333333 0.00625 0.014166666666666666
0 0.59375 0.05458333333333333 0.005208333333333333 0.0125
0 0.5864583333333333 0.052083333333333336 0.004166666666666667 0.0125
0 0.56484375 0.05125 0.0046875 0.010833333333333334
1 0.25338541666666664 0.08416666666666667 0.0036458333333333334 0.01
1 0.2716145833333333 0.07958333333333334 0.0036458333333333334 0.010833333333333334
1 0.30572916666666666 0.075 0.003125 0.01
1 0.35546875 0.06833333333333333 0.0026041666666666665 0.008333333333333333
1 0.4205729166666667 0.06208333333333333 0.0026041666666666665 0.009166666666666667
1 0.48723958333333334 0.055 0.0026041666666666665 0.008333333333333333
1 0.5479166666666667 0.050416666666666665 0.003125 0.009166666666666667
0 0.4549479166666667 0.060833333333333336 0.0046875 0.011666666666666667
0 0.5106770833333333 0.055 0.0036458333333333334 0.011666666666666667
1 0.696875 0.045 0.003125 0.011666666666666667
0 0.8690104166666667 0.03625 0.008854166666666666 0.020833333333333332