1 0.04348958333333333 0.735 0.0859375 0.135
1 0.21510416666666668 0.5666666666666667 0.03229166666666667 0.056666666666666664
1 0.34296875 0.5091666666666667 0.019270833333333334 0.03333333333333333
1 0.44244791666666666 0.4895833333333333 0.0140625 0.029166666666666667
1 0.53671875 0.47583333333333333 0.011979166666666667 0.023333333333333334
1 0.6388020833333333 0.4691666666666667 0.0078125 0.02
1 0.775 0.46625 0.011458333333333333 0.020833333333333332
1 0.890625 0.46416666666666667 0.0125 0.023333333333333334
1 0.9278645833333333 0.4608333333333333 0.011979166666666667 0.02
1 0.9088541666666666 0.4525 0.008333333333333333 0.018333333333333333
1 0.934375 0.4429166666666667 0.007291666666666667 0.014166666666666666
1 0.90546875 0.44708333333333333 0.005729166666666666 0.015833333333333335
1 0.9903645833333333 0.44 0.0067708333333333336 0.013333333333333334
0 0.9026041666666667 0.4820833333333333 0.019791666666666666 0.029166666666666667
0 0.7549479166666667 0.4816666666666667 0.016145833333333335 0.03
0 0.6341145833333334 0.49 0.015104166666666667 0.03166666666666667
0 0.5893229166666667 0.5516666666666666 0.0296875 0.055
0 0.55859375 0.50875 0.019270833333333334 0.0375
0 0.83984375 0.6941666666666667 0.0796875 0.13