0 0.15494791666666666 0.615 0.0984375 0.21
0 0.19583333333333333 0.3025 0.04791666666666667 0.085
0 0.259375 0.23875 0.03229166666666667 0.060833333333333336
0 0.221875 0.19916666666666666 0.022916666666666665 0.045
0 0.09765625 0.1875 0.0171875 0.03833333333333333
0 0.9 0.09125 0.009375 0.019166666666666665
0 0.7916666666666666 0.09625 0.008333333333333333 0.020833333333333332
0 0.72265625 0.09833333333333333 0.005729166666666666 0.018333333333333333
0 0.6861979166666666 0.09708333333333333 0.0046875 0.014166666666666666
0 0.6877604166666667 0.09166666666666666 0.0036458333333333334 0.011666666666666667
0 0.74453125 0.08875 0.0036458333333333334 0.010833333333333334
0 0.7286458333333333 0.0875 0.004166666666666667 0.013333333333333334
0 0.7744791666666667 0.08583333333333333 0.004166666666666667 0.013333333333333334
0 0.6296875 0.0925 0.004166666666666667 0.011666666666666667
0 0.6221354166666667 0.09208333333333334 0.0046875 0.0125
0 0.5986979166666667 0.09208333333333334 0.0036458333333333334 0.010833333333333334
0 0.5893229166666667 0.09291666666666666 0.0036458333333333334 0.010833333333333334
0 0.5697916666666667 0.09375 0.0020833333333333333 0.009166666666666667
0 0.5322916666666667 0.095 0.003125 0.008333333333333333
0 0.51171875 0.09625 0.0026041666666666665 0.009166666666666667
0 0.5059895833333333 0.09541666666666666 0.0026041666666666665 0.009166666666666667
0 0.4864583333333333 0.09625 0.003125 0.0075
0 0.47630208333333335 0.09708333333333333 0.0026041666666666665 0.0075
0 0.46067708333333335 0.09708333333333333 0.0026041666666666665 0.0075
0 0.421875 0.09958333333333333 0.0020833333333333333 0.0075
0 0.4265625 0.09833333333333333 0.0020833333333333333 0.008333333333333333
0 0.3953125 0.1 0.0020833333333333333 0.008333333333333333
0 0.41041666666666665 0.09875 0.0020833333333333333 0.0075
0 0.41380208333333335 0.09875 0.0015625 0.0075
1 0.8614583333333333 0.09041666666666667 0.00625 0.0125
1 0.8596354166666667 0.08333333333333333 0.0067708333333333336 0.01
1 0.8010416666666667 0.09166666666666666 0.00625 0.013333333333333334
1 0.8033854166666666 0.08833333333333333 0.0046875 0.015
1 0.8255208333333334 0.085 0.005208333333333333 0.013333333333333334
1 0.7669270833333334 0.08708333333333333 0.0015625 0.0075
1 0.7052083333333333 0.08916666666666667 0.0020833333333333333 0.008333333333333333
1 0.653125 0.09083333333333334 0.003125 0.006666666666666667
1 0.5484375 0.09416666666666666 0.003125 0.008333333333333333
1 0.5403645833333334 0.095 0.0026041666666666665 0.006666666666666667
1 0.5223958333333333 0.09458333333333334 0.003125 0.009166666666666667
1 0.51796875 0.095 0.0026041666666666665 0.008333333333333333
1 0.5013020833333334 0.09625 0.0015625 0.005833333333333334
1 0.47161458333333334 0.0975 0.0026041666666666665 0.006666666666666667
1 0.46927083333333336 0.09791666666666667 0.0020833333333333333 0.005833333333333334
1 0.44947916666666665 0.09875 0.0020833333333333333 0.009166666666666667
1 0.4421875 0.09833333333333333 0.0020833333333333333 0.006666666666666667
1 0.4239583333333333 0.09958333333333333 0.0020833333333333333 0.009166666666666667
1 0.40546875 0.09958333333333333 0.0015625 0.0075
1 0.4158854166666667 0.10041666666666667 0.0015625 0.005833333333333334
1 0.3377604166666667 0.10333333333333333 0.0026041666666666665 0.006666666666666667
1 0.26666666666666666 0.1075 0.003125 0.008333333333333333
0 0.3015625 0.10708333333333334 0.0020833333333333333 0.009166666666666667
1 0.43255208333333334 0.09833333333333333 0.0015625 0.008333333333333333
1 0.95625 0.08583333333333333 0.007291666666666667 0.015
1 0.4830729166666667 0.0975 0.0036458333333333334 0.01