0 0.7182291666666667 0.57625 0.041666666666666664 0.07083333333333333
0 0.46197916666666666 0.5420833333333334 0.030208333333333334 0.0525
0 0.22708333333333333 0.5283333333333333 0.022916666666666665 0.04666666666666667
0 0.06822916666666666 0.5175 0.027083333333333334 0.03833333333333333
0 0.013020833333333334 0.5045833333333334 0.021875 0.030833333333333334
0 0.08854166666666667 0.48625 0.015625 0.024166666666666666
0 0.20052083333333334 0.47041666666666665 0.0125 0.020833333333333332
0 0.3026041666666667 0.4625 0.009375 0.018333333333333333
0 0.39166666666666666 0.45375 0.007291666666666667 0.015833333333333335
0 0.42578125 0.4475 0.0067708333333333336 0.015
0 0.41458333333333336 0.44375 0.00625 0.0125
0 0.40234375 0.44 0.005729166666666666 0.013333333333333334
0 0.3963541666666667 0.4375 0.00625 0.011666666666666667
0 0.4203125 0.435 0.00625 0.011666666666666667
0 0.465625 0.4325 0.004166666666666667 0.01
0 0.5127604166666667 0.43083333333333335 0.0036458333333333334 0.01
0 0.5625 0.43 0.005208333333333333 0.01
0 0.6013020833333333 0.43125 0.0046875 0.010833333333333334
0 0.625 0.43375 0.005208333333333333 0.010833333333333334
0 0.6799479166666667 0.4354166666666667 0.005729166666666666 0.0125
0 0.75703125 0.435 0.0067708333333333336 0.013333333333333334
0 0.9302083333333333 0.43166666666666664 0.008333333333333333 0.015
1 0.08046875 0.4725 0.0078125 0.021666666666666667
1 0.22317708333333333 0.45958333333333334 0.009895833333333333 0.0175
1 0.30546875 0.4525 0.0046875 0.015
1 0.32890625 0.44916666666666666 0.0067708333333333336 0.013333333333333334
1 0.3203125 0.4454166666666667 0.005208333333333333 0.0125
1 0.32395833333333335 0.44125 0.004166666666666667 0.0125
1 0.3421875 0.4379166666666667 0.004166666666666667 0.009166666666666667
1 0.37421875 0.43416666666666665 0.0046875 0.01
1 0.42473958333333334 0.43166666666666664 0.0046875 0.01
1 0.47604166666666664 0.43 0.003125 0.008333333333333333
1 0.52734375 0.42791666666666667 0.0036458333333333334 0.009166666666666667
1 0.58359375 0.4275 0.0036458333333333334 0.008333333333333333
1 0.628125 0.42791666666666667 0.003125 0.009166666666666667
1 0.6609375 0.42833333333333334 0.004166666666666667 0.01
1 0.6950520833333333 0.4295833333333333 0.0046875 0.010833333333333334
1 0.75234375 0.43083333333333335 0.0046875 0.011666666666666667
1 0.86875 0.42875 0.005208333333333333 0.0125