0 0.49192708333333335 0.6358333333333334 0.11302083333333333 0.235
0 0.03984375 0.42916666666666664 0.07760416666666667 0.135
0 0.72421875 0.09541666666666666 0.0067708333333333336 0.015833333333333335
0 0.7588541666666667 0.09625 0.008333333333333333 0.015833333333333335
0 0.6846354166666667 0.095 0.005729166666666666 0.013333333333333334
1 0.7369791666666666 0.09 0.00625 0.013333333333333334
1 0.6916666666666667 0.08875 0.004166666666666667 0.0125
0 0.8057291666666667 0.09583333333333334 0.008333333333333333 0.018333333333333333
0 0.8661458333333333 0.09583333333333334 0.011458333333333333 0.02
0 0.640625 0.09375 0.005208333333333333 0.0125
0 0.58359375 0.09291666666666666 0.0046875 0.010833333333333334
0 0.5934895833333333 0.09125 0.0046875 0.010833333333333334
0 0.6010416666666667 0.09458333333333334 0.005208333333333333 0.009166666666666667
1 0.6598958333333333 0.08916666666666667 0.004166666666666667 0.008333333333333333
0 0.9424479166666667 0.09416666666666666 0.0109375 0.021666666666666667
1 0.2830729166666667 0.11083333333333334 0.0046875 0.008333333333333333
0 0.2953125 0.10958333333333334 0.005208333333333333 0.0125
0 0.3328125 0.10791666666666666 0.004166666666666667 0.010833333333333334
0 0.3770833333333333 0.105 0.004166666666666667 0.01
0 0.4205729166666667 0.10083333333333333 0.0046875 0.01
0 0.446875 0.09916666666666667 0.004166666666666667 0.008333333333333333
0 0.4739583333333333 0.09583333333333334 0.004166666666666667 0.008333333333333333
0 0.49583333333333335 0.09375 0.004166666666666667 0.009166666666666667
0 0.5341145833333333 0.09041666666666667 0.0046875 0.009166666666666667
0 0.57109375 0.08875 0.0036458333333333334 0.009166666666666667
0 0.61015625 0.08875 0.0046875 0.010833333333333334
0 0.62265625 0.08708333333333333 0.0036458333333333334 0.009166666666666667
0 0.6018229166666667 0.0875 0.0036458333333333334 0.008333333333333333
1 0.6450520833333333 0.08458333333333333 0.0036458333333333334 0.0075
1 0.6565104166666667 0.08791666666666667 0.0026041666666666665 0.0075
1 0.6690104166666667 0.08625 0.0036458333333333334 0.0075
1 0.6755208333333333 0.08458333333333333 0.003125 0.0075
1 0.78984375 0.08958333333333333 0.0046875 0.0125
1 0.84453125 0.08833333333333333 0.005729166666666666 0.011666666666666667
1 0.39869791666666665 0.10208333333333333 0.0036458333333333334 0.0075
1 0.42421875 0.09958333333333333 0.0036458333333333334 0.0075
1 0.45 0.09666666666666666 0.003125 0.006666666666666667
1 0.48333333333333334 0.09416666666666666 0.003125 0.006666666666666667
1 0.5244791666666667 0.09083333333333334 0.003125 0.006666666666666667
1 0.33567708333333335 0.1075 0.0026041666666666665 0.006666666666666667
1 0.37395833333333334 0.10375 0.003125 0.0075
1 0.9229166666666667 0.08833333333333333 0.00625 0.011666666666666667