0 0.8596354166666667 0.56125 0.10572916666666667 0.21083333333333334
0 0.10234375 0.18541666666666667 0.0203125 0.0375
0 0.16588541666666667 0.165 0.015104166666666667 0.03166666666666667
0 0.1265625 0.1575 0.013541666666666667 0.02666666666666667
0 0.20859375 0.12833333333333333 0.008854166666666666 0.018333333333333333
0 0.3020833333333333 0.12 0.008333333333333333 0.018333333333333333
0 0.39869791666666665 0.11291666666666667 0.0078125 0.0175
0 0.4778645833333333 0.11208333333333333 0.009895833333333333 0.019166666666666665
0 0.5286458333333334 0.11291666666666667 0.010416666666666666 0.020833333333333332
0 0.6356770833333333 0.11041666666666666 0.009895833333333333 0.0225
0 0.7682291666666666 0.10291666666666667 0.011458333333333333 0.024166666666666666
1 0.22239583333333332 0.12083333333333333 0.007291666666666667 0.015
1 0.32317708333333334 0.11333333333333333 0.0067708333333333336 0.015
1 0.42942708333333335 0.10583333333333333 0.0067708333333333336 0.015
1 0.5143229166666666 0.1025 0.0067708333333333336 0.015
1 0.5768229166666666 0.10166666666666667 0.0078125 0.016666666666666666
1 0.6424479166666667 0.10041666666666667 0.0078125 0.0175
1 0.7424479166666667 0.09625 0.008854166666666666 0.019166666666666665
1 0.9263020833333333 0.08333333333333333 0.013020833333333334 0.021666666666666667
0 0.11458333333333333 0.13666666666666666 0.010416666666666666 0.021666666666666667
1 0.1171875 0.13125 0.008333333333333333 0.0175
0 0.08854166666666667 0.15041666666666667 0.014583333333333334 0.025833333333333333
0 0.06666666666666667 0.14458333333333334 0.0125 0.024166666666666666
1 0.0049479166666666664 0.13875 0.009895833333333333 0.020833333333333332