1 0.8708333333333333 0.3829166666666667 0.06354166666666666 0.11083333333333334
1 0.84140625 0.19083333333333333 0.0203125 0.03333333333333333
1 0.65390625 0.1875 0.019270833333333334 0.03333333333333333
1 0.4903645833333333 0.17083333333333334 0.0109375 0.03
1 0.42161458333333335 0.15958333333333333 0.008854166666666666 0.024166666666666666
0 0.74453125 0.16583333333333333 0.013020833333333334 0.025
0 0.6174479166666667 0.16041666666666668 0.011979166666666667 0.0225
0 0.53359375 0.15083333333333335 0.008854166666666666 0.021666666666666667
0 0.115625 0.13166666666666665 0.010416666666666666 0.021666666666666667
0 0.24322916666666666 0.13416666666666666 0.008333333333333333 0.02
1 0.2015625 0.14333333333333334 0.010416666666666666 0.023333333333333334
1 0.06848958333333334 0.1425 0.013020833333333334 0.023333333333333334
1 0.32369791666666664 0.14666666666666667 0.008854166666666666 0.021666666666666667
0 0.36328125 0.1375 0.0067708333333333336 0.02
0 0.96953125 0.16875 0.016145833333333335 0.025833333333333333
1 0.9854166666666667 0.28 0.028125 0.055
1 0.35963541666666665 0.6383333333333333 0.1140625 0.22
0 0.45755208333333336 0.1425 0.0067708333333333336 0.021666666666666667