0 0.228125 0.6254166666666666 0.11666666666666667 0.2225
0 0.1328125 0.27375 0.042708333333333334 0.0725
0 0.4283854166666667 0.20958333333333334 0.0296875 0.0525
0 0.653125 0.17458333333333334 0.020833333333333332 0.04083333333333333
0 0.8901041666666667 0.15208333333333332 0.020833333333333332 0.04416666666666667
1 0.7510416666666667 0.14208333333333334 0.013541666666666667 0.0325
1 0.8828125 0.13083333333333333 0.013541666666666667 0.03
1 0.5971354166666667 0.15333333333333332 0.016145833333333335 0.03333333333333333
1 0.4080729166666667 0.1725 0.0171875 0.03666666666666667
1 0.18072916666666666 0.20541666666666666 0.022916666666666665 0.0425
0 0.0171875 0.40041666666666664 0.034375 0.09916666666666667
0 0.9484375 0.10041666666666667 0.007291666666666667 0.0175
0 0.9419270833333333 0.09583333333333334 0.005729166666666666 0.013333333333333334
0 0.8723958333333334 0.10333333333333333 0.00625 0.015
0 0.82890625 0.1025 0.0046875 0.01
0 0.7861979166666667 0.10791666666666666 0.0046875 0.015833333333333335
0 0.7705729166666667 0.10625 0.0046875 0.0125
0 0.7005208333333334 0.1125 0.00625 0.016666666666666666
0 0.68671875 0.10833333333333334 0.0036458333333333334 0.01
0 0.7171875 0.10791666666666666 0.004166666666666667 0.0125
0 0.62890625 0.11625 0.0046875 0.014166666666666666
0 0.6161458333333333 0.11458333333333333 0.004166666666666667 0.014166666666666666
0 0.590625 0.11791666666666667 0.003125 0.0125
0 0.5505208333333333 0.11625 0.003125 0.010833333333333334
0 0.5184895833333333 0.1175 0.0036458333333333334 0.01
0 0.5221354166666666 0.11666666666666667 0.0036458333333333334 0.01
1 0.9552083333333333 0.10208333333333333 0.007291666666666667 0.0175
1 0.87734375 0.10708333333333334 0.0078125 0.015833333333333335
1 0.7802083333333333 0.11166666666666666 0.007291666666666667 0.016666666666666666
1 0.76328125 0.10625 0.0036458333333333334 0.009166666666666667
1 0.7270833333333333 0.1075 0.003125 0.008333333333333333
1 0.690625 0.11541666666666667 0.00625 0.019166666666666665
1 0.5877604166666667 0.12166666666666667 0.0067708333333333336 0.016666666666666666
1 0.5546875 0.11791666666666667 0.004166666666666667 0.0125
1 0.5481770833333334 0.11791666666666667 0.0036458333333333334 0.010833333333333334
1 0.5359375 0.1225 0.00625 0.015
1 0.5302083333333333 0.11916666666666667 0.004166666666666667 0.011666666666666667
1 0.5002604166666667 0.12333333333333334 0.005729166666666666 0.013333333333333334
1 0.50546875 0.11958333333333333 0.0036458333333333334 0.010833333333333334
1 0.47265625 0.12 0.0036458333333333334 0.01
1 0.4953125 0.11833333333333333 0.003125 0.008333333333333333
1 0.459375 0.12041666666666667 0.004166666666666667 0.009166666666666667
1 0.8130208333333333 0.10375 0.004166666666666667 0.0075
0 0.6411458333333333 0.11375 0.004166666666666667 0.010833333333333334
0 0.6385416666666667 0.11041666666666666 0.003125 0.009166666666666667
1 0.5380208333333333 0.11583333333333333 0.003125 0.008333333333333333
1 0.4627604166666667 0.12 0.0026041666666666665 0.008333333333333333