0 0.4080729166666667 0.7716666666666666 0.13697916666666668 0.2916666666666667
0 0.055989583333333336 0.4058333333333333 0.0671875 0.12333333333333334
0 0.13307291666666668 0.26916666666666667 0.03697916666666667 0.06833333333333333
0 0.3924479166666667 0.19958333333333333 0.024479166666666666 0.0475
0 0.5223958333333333 0.17375 0.016666666666666666 0.03916666666666667
0 0.59296875 0.14958333333333335 0.015104166666666667 0.034166666666666665
0 0.5591145833333333 0.13666666666666666 0.0109375 0.028333333333333332
0 0.51875 0.12083333333333333 0.009375 0.021666666666666667
0 0.496875 0.11375 0.007291666666666667 0.0175
0 0.4859375 0.11083333333333334 0.007291666666666667 0.016666666666666666
1 0.3921875 0.12333333333333334 0.004166666666666667 0.016666666666666666
1 0.38984375 0.13458333333333333 0.009895833333333333 0.020833333333333332
1 0.37786458333333334 0.15 0.013020833333333334 0.02666666666666667
1 0.3125 0.16791666666666666 0.015625 0.0325
1 0.1765625 0.19041666666666668 0.019791666666666666 0.03916666666666667