1 0.37786458333333334 0.535 0.0265625 0.04666666666666667
1 0.42994791666666665 0.48625 0.013020833333333334 0.0275
1 0.4544270833333333 0.46208333333333335 0.008854166666666666 0.019166666666666665
1 0.4640625 0.4529166666666667 0.007291666666666667 0.015833333333333335
1 0.47291666666666665 0.4454166666666667 0.005208333333333333 0.0125
1 0.484375 0.4375 0.003125 0.01
1 0.48932291666666666 0.435 0.0036458333333333334 0.008333333333333333
1 0.5010416666666667 0.43291666666666667 0.003125 0.0075
1 0.5208333333333334 0.43041666666666667 0.003125 0.0075
1 0.540625 0.42916666666666664 0.003125 0.006666666666666667
1 0.9434895833333333 0.4325 0.0026041666666666665 0.006666666666666667
1 0.8872395833333333 0.43041666666666667 0.0026041666666666665 0.0075
1 0.828125 0.42916666666666664 0.0020833333333333333 0.006666666666666667
1 0.78203125 0.4295833333333333 0.0026041666666666665 0.005833333333333334
0 0.8643229166666667 0.6533333333333333 0.0671875 0.10333333333333333
0 0.6630208333333333 0.5170833333333333 0.020833333333333332 0.0425
0 0.61796875 0.4866666666666667 0.0140625 0.03
0 0.5723958333333333 0.455 0.007291666666666667 0.018333333333333333
0 0.5611979166666666 0.4479166666666667 0.005729166666666666 0.014166666666666666
0 0.5559895833333334 0.44375 0.0046875 0.010833333333333334
0 0.55625 0.4354166666666667 0.003125 0.009166666666666667
0 0.5588541666666667 0.43291666666666667 0.003125 0.009166666666666667
0 0.5830729166666667 0.4295833333333333 0.0036458333333333334 0.0075
0 0.6513020833333333 0.42833333333333334 0.0026041666666666665 0.006666666666666667
0 0.9622395833333334 0.4345833333333333 0.0046875 0.010833333333333334
0 0.91015625 0.43333333333333335 0.0036458333333333334 0.008333333333333333
0 0.8541666666666666 0.43166666666666664 0.003125 0.008333333333333333
0 0.7958333333333333 0.43041666666666667 0.003125 0.0075
0 0.7598958333333333 0.4295833333333333 0.0020833333333333333 0.0075
0 0.7236979166666667 0.42916666666666664 0.0026041666666666665 0.006666666666666667
1 0.5705729166666667 0.42791666666666667 0.0026041666666666665 0.005833333333333334
1 0.6088541666666667 0.42791666666666667 0.0020833333333333333 0.005833333333333334
1 0.7309895833333333 0.42791666666666667 0.0026041666666666665 0.005833333333333334
0 0.6861979166666666 0.42875 0.0026041666666666665 0.0075
0 0.56875 0.43125 0.003125 0.0075
1 0.68515625 0.42833333333333334 0.0015625 0.005
1 0.6486979166666667 0.4275 0.0015625 0.005
0 0.61015625 0.4295833333333333 0.0015625 0.005833333333333334