0 0.12578125 0.49666666666666665 0.0796875 0.16666666666666666
0 0.7822916666666667 0.12333333333333334 0.007291666666666667 0.025
0 0.6447916666666667 0.125 0.008333333333333333 0.023333333333333334
0 0.5153645833333333 0.125 0.005729166666666666 0.018333333333333333
0 0.5390625 0.11 0.00625 0.018333333333333333
1 0.8028645833333333 0.11083333333333334 0.0067708333333333336 0.02
1 0.6950520833333333 0.11208333333333333 0.0078125 0.020833333333333332
1 0.6885416666666667 0.10458333333333333 0.005208333333333333 0.0175
1 0.6567708333333333 0.10958333333333334 0.007291666666666667 0.020833333333333332
0 0.365625 0.1175 0.003125 0.015
0 0.4166666666666667 0.11333333333333333 0.003125 0.013333333333333334
0 0.42083333333333334 0.1125 0.003125 0.013333333333333334
0 0.2911458333333333 0.12583333333333332 0.005208333333333333 0.016666666666666666
1 0.04401041666666667 0.14375 0.0067708333333333336 0.0175
1 0.12421875 0.1375 0.009895833333333333 0.018333333333333333
1 0.20963541666666666 0.13041666666666665 0.008854166666666666 0.015833333333333335
0 0.19401041666666666 0.13833333333333334 0.009895833333333333 0.018333333333333333
0 0.02734375 0.15041666666666667 0.008854166666666666 0.0175
0 0.21640625 0.12333333333333334 0.005729166666666666 0.013333333333333334
0 0.24791666666666667 0.12208333333333334 0.005208333333333333 0.0125
1 0.23984375 0.12375 0.005729166666666666 0.010833333333333334
1 0.26953125 0.12458333333333334 0.0067708333333333336 0.0125
1 0.2786458333333333 0.11916666666666667 0.004166666666666667 0.008333333333333333
1 0.31145833333333334 0.12 0.005208333333333333 0.011666666666666667
1 0.32708333333333334 0.11916666666666667 0.00625 0.011666666666666667
0 0.2994791666666667 0.11916666666666667 0.005208333333333333 0.013333333333333334
0 0.35625 0.11583333333333333 0.004166666666666667 0.013333333333333334
0 0.3796875 0.11166666666666666 0.004166666666666667 0.008333333333333333
0 0.39765625 0.11416666666666667 0.0046875 0.013333333333333334
0 0.34036458333333336 0.115 0.0036458333333333334 0.008333333333333333
0 0.4546875 0.10791666666666666 0.003125 0.009166666666666667
0 0.4778645833333333 0.1075 0.0036458333333333334 0.01
0 0.5169270833333334 0.10541666666666667 0.0036458333333333334 0.009166666666666667
1 0.5072916666666667 0.10458333333333333 0.004166666666666667 0.009166666666666667
1 0.4328125 0.10916666666666666 0.004166666666666667 0.008333333333333333
1 0.52734375 0.10416666666666667 0.0026041666666666665 0.008333333333333333
1 0.5442708333333334 0.10375 0.003125 0.0075
1 0.5760416666666667 0.10291666666666667 0.003125 0.009166666666666667
0 0.6200520833333333 0.10416666666666667 0.0046875 0.018333333333333333
0 0.64765625 0.09833333333333333 0.0026041666666666665 0.01
1 0.6408854166666667 0.09875 0.0036458333333333334 0.009166666666666667
0 0.6997395833333333 0.10125 0.0036458333333333334 0.0175
1 0.75703125 0.10083333333333333 0.005729166666666666 0.018333333333333333
0 0.79296875 0.09666666666666666 0.0046875 0.016666666666666666
1 0.8361979166666667 0.09791666666666667 0.005729166666666666 0.0175