1 0.10625 0.79875 0.08645833333333333 0.16583333333333333
1 0.43671875 0.5516666666666666 0.0265625 0.05
1 0.5182291666666666 0.5054166666666666 0.016666666666666666 0.0325
1 0.45651041666666664 0.46041666666666664 0.005729166666666666 0.010833333333333334
1 0.5463541666666667 0.48291666666666666 0.011458333333333333 0.024166666666666666
1 0.6075520833333333 0.47 0.008854166666666666 0.02
1 0.6268229166666667 0.46208333333333335 0.008854166666666666 0.0175
1 0.6432291666666666 0.45666666666666667 0.007291666666666667 0.015
1 0.6518229166666667 0.45166666666666666 0.005729166666666666 0.013333333333333334
1 0.66875 0.44666666666666666 0.005208333333333333 0.011666666666666667
0 0.7559895833333333 0.45 0.0067708333333333336 0.015
0 0.77109375 0.45625 0.0078125 0.0175
0 0.7510416666666667 0.48333333333333334 0.013541666666666667 0.028333333333333332
0 0.7734375 0.50125 0.017708333333333333 0.0375
0 0.7958333333333333 0.46541666666666665 0.010416666666666666 0.0225
0 0.8356770833333333 0.5545833333333333 0.03177083333333333 0.059166666666666666
1 0.015364583333333333 0.48875 0.005729166666666666 0.010833333333333334
0 0.04401041666666667 0.49083333333333334 0.008854166666666666 0.013333333333333334
0 0.06666666666666667 0.4866666666666667 0.00625 0.011666666666666667
1 0.06354166666666666 0.49416666666666664 0.008333333333333333 0.015
1 0.07734375 0.48291666666666666 0.0036458333333333334 0.009166666666666667
0 0.08125 0.4895833333333333 0.008333333333333333 0.014166666666666666
0 0.12604166666666666 0.48083333333333333 0.00625 0.01
1 0.15755208333333334 0.47583333333333333 0.0046875 0.008333333333333333
0 0.17630208333333333 0.47541666666666665 0.0046875 0.010833333333333334
0 0.16979166666666667 0.4825 0.004166666666666667 0.013333333333333334
1 0.17421875 0.48625 0.0067708333333333336 0.014166666666666666
1 0.24869791666666666 0.46791666666666665 0.0036458333333333334 0.0075
1 0.2630208333333333 0.4791666666666667 0.007291666666666667 0.013333333333333334
0 0.27005208333333336 0.46708333333333335 0.0036458333333333334 0.009166666666666667
0 0.296875 0.47208333333333335 0.00625 0.0125
1 0.31953125 0.4608333333333333 0.0036458333333333334 0.006666666666666667
0 0.34296875 0.45958333333333334 0.0026041666666666665 0.0075
1 0.3614583333333333 0.47 0.00625 0.013333333333333334
0 0.3671875 0.4666666666666667 0.005208333333333333 0.011666666666666667
1 0.3692708333333333 0.45625 0.003125 0.005833333333333334
0 0.39427083333333335 0.455 0.003125 0.006666666666666667
1 0.4166666666666667 0.45208333333333334 0.0020833333333333333 0.005833333333333334
0 0.44609375 0.45916666666666667 0.0036458333333333334 0.01
0 0.4432291666666667 0.4508333333333333 0.0020833333333333333 0.006666666666666667
1 0.4513020833333333 0.44958333333333333 0.0026041666666666665 0.005833333333333334
0 0.47291666666666665 0.4479166666666667 0.0020833333333333333 0.005833333333333334
1 0.4859375 0.44583333333333336 0.0020833333333333333 0.005
0 0.50546875 0.45166666666666666 0.0015625 0.01
0 0.5091145833333334 0.44416666666666665 0.0026041666666666665 0.006666666666666667
1 0.5075520833333333 0.4554166666666667 0.0046875 0.009166666666666667
1 0.5182291666666666 0.4429166666666667 0.0020833333333333333 0.005833333333333334
1 0.5453125 0.44083333333333335 0.0020833333333333333 0.005
0 0.5419270833333333 0.44208333333333333 0.0026041666666666665 0.005833333333333334
0 0.5583333333333333 0.44666666666666666 0.003125 0.008333333333333333
1 0.5651041666666666 0.44916666666666666 0.004166666666666667 0.01
1 0.5682291666666667 0.43916666666666665 0.0020833333333333333 0.005
0 0.5723958333333333 0.43916666666666665 0.0020833333333333333 0.005
0 0.5940104166666667 0.44375 0.0036458333333333334 0.0075
0 0.59375 0.4375 0.0020833333333333333 0.006666666666666667
0 0.61171875 0.4354166666666667 0.0026041666666666665 0.005833333333333334
1 0.6078125 0.43583333333333335 0.0020833333333333333 0.005
1 0.6140625 0.44416666666666665 0.003125 0.008333333333333333
0 0.6463541666666667 0.43875 0.003125 0.009166666666666667
1 0.6442708333333333 0.44125 0.004166666666666667 0.009166666666666667
1 0.6583333333333333 0.4320833333333333 0.0020833333333333333 0.004166666666666667
0 0.6552083333333333 0.4325 0.0020833333333333333 0.005
0 0.6723958333333333 0.4320833333333333 0.0020833333333333333 0.005833333333333334
1 0.6765625 0.43166666666666664 0.0020833333333333333 0.005
1 0.690625 0.4429166666666667 0.005208333333333333 0.010833333333333334
1 0.68046875 0.43916666666666665 0.0036458333333333334 0.008333333333333333
0 0.6838541666666667 0.43333333333333335 0.003125 0.006666666666666667
0 0.6880208333333333 0.4320833333333333 0.003125 0.005833333333333334
1 0.6955729166666667 0.43083333333333335 0.0026041666666666665 0.005
0 0.7005208333333334 0.43583333333333335 0.003125 0.008333333333333333
0 0.7083333333333334 0.43291666666666667 0.003125 0.0075
1 0.7096354166666666 0.44125 0.0046875 0.009166666666666667
1 0.7135416666666666 0.4375 0.003125 0.008333333333333333
1 0.7208333333333333 0.43875 0.004166666666666667 0.009166666666666667
1 0.7140625 0.4295833333333333 0.0020833333333333333 0.005833333333333334
1 0.7200520833333334 0.4295833333333333 0.0026041666666666665 0.005833333333333334
1 0.7231770833333333 0.43 0.0026041666666666665 0.006666666666666667
1 0.72578125 0.43 0.0026041666666666665 0.006666666666666667
1 0.73671875 0.43 0.0026041666666666665 0.006666666666666667
0 0.7453125 0.43416666666666665 0.003125 0.008333333333333333
1 0.7635416666666667 0.42916666666666664 0.003125 0.006666666666666667
0 0.7666666666666667 0.44458333333333333 0.004166666666666667 0.0125
0 0.7859375 0.4404166666666667 0.005208333333333333 0.0125
0 0.790625 0.43333333333333335 0.004166666666666667 0.01
0 0.7950520833333333 0.42833333333333334 0.0036458333333333334 0.008333333333333333
0 0.80234375 0.43666666666666665 0.0046875 0.013333333333333334
1 0.8002604166666667 0.4270833333333333 0.0036458333333333334 0.0075
1 0.8419270833333333 0.42541666666666667 0.0036458333333333334 0.0075
0 0.8565104166666667 0.4270833333333333 0.0036458333333333334 0.009166666666666667
0 0.9098958333333333 0.425 0.004166666666666667 0.01
0 0.953125 0.42083333333333334 0.003125 0.008333333333333333
0 0.95 0.42041666666666666 0.0020833333333333333 0.009166666666666667
0 0.946875 0.4225 0.004166666666666667 0.008333333333333333
1 0.9721354166666667 0.4170833333333333 0.0026041666666666665 0.005833333333333334
1 0.9356770833333333 0.4195833333333333 0.0026041666666666665 0.005833333333333334
1 0.8765625 0.4241666666666667 0.003125 0.008333333333333333
1 0.8854166666666666 0.42333333333333334 0.003125 0.006666666666666667
1 0.89140625 0.4220833333333333 0.0046875 0.0075
1 0.9078125 0.42041666666666666 0.0020833333333333333 0.005833333333333334
0 0.7466145833333333 0.43041666666666667 0.0026041666666666665 0.0075
0 0.6317708333333333 0.4345833333333333 0.0020833333333333333 0.005833333333333334
1 0.5888020833333333 0.4370833333333333 0.0015625 0.004166666666666667
1 0.6330729166666667 0.43375 0.0015625 0.004166666666666667