0 0.8989583333333333 0.6633333333333333 0.07291666666666667 0.11166666666666666
0 0.6328125 0.5016666666666667 0.017708333333333333 0.035
0 0.5888020833333333 0.475 0.0109375 0.023333333333333334
0 0.57109375 0.46375 0.008854166666666666 0.019166666666666665
0 0.546875 0.4483333333333333 0.00625 0.013333333333333334
0 0.5395833333333333 0.44458333333333333 0.004166666666666667 0.010833333333333334
1 0.3776041666666667 0.5320833333333334 0.022916666666666665 0.04583333333333333
1 0.42942708333333335 0.48333333333333334 0.013020833333333334 0.025
1 0.44635416666666666 0.4658333333333333 0.008333333333333333 0.018333333333333333
1 0.45807291666666666 0.45375 0.0067708333333333336 0.014166666666666666
1 0.46328125 0.44875 0.005729166666666666 0.0125
1 0.46901041666666665 0.44375 0.0036458333333333334 0.010833333333333334
1 0.47682291666666665 0.43875 0.0026041666666666665 0.009166666666666667
1 0.48046875 0.43666666666666665 0.0036458333333333334 0.008333333333333333
0 0.9971354166666667 0.43416666666666665 0.005729166666666666 0.01
0 0.9283854166666666 0.43333333333333335 0.0036458333333333334 0.01
0 0.8752604166666667 0.43166666666666664 0.0036458333333333334 0.008333333333333333
0 0.8364583333333333 0.43083333333333335 0.003125 0.008333333333333333
0 0.7932291666666667 0.43041666666666667 0.003125 0.009166666666666667
0 0.7471354166666667 0.4295833333333333 0.0026041666666666665 0.0075
0 0.7174479166666666 0.4295833333333333 0.0026041666666666665 0.0075
1 0.9559895833333333 0.43083333333333335 0.0036458333333333334 0.008333333333333333
1 0.9197916666666667 0.43 0.003125 0.008333333333333333
1 0.8231770833333333 0.42916666666666664 0.0026041666666666665 0.006666666666666667
1 0.77578125 0.42875 0.0026041666666666665 0.0075
1 0.8661458333333333 0.42916666666666664 0.003125 0.008333333333333333
1 0.7377604166666667 0.42875 0.0026041666666666665 0.005833333333333334
1 0.5518229166666667 0.43 0.0026041666666666665 0.006666666666666667
1 0.4903645833333333 0.435 0.0026041666666666665 0.006666666666666667
1 0.50703125 0.43375 0.0026041666666666665 0.005833333333333334
1 0.5252604166666667 0.43166666666666664 0.0026041666666666665 0.006666666666666667
0 0.5403645833333334 0.4345833333333333 0.0026041666666666665 0.0075
0 0.5625 0.43125 0.003125 0.0075
0 0.58671875 0.43083333333333335 0.0026041666666666665 0.006666666666666667
0 0.6864583333333333 0.4295833333333333 0.003125 0.0075
0 0.5361979166666667 0.44166666666666665 0.0036458333333333334 0.01
1 0.6947916666666667 0.42875 0.0020833333333333333 0.005833333333333334
0 0.6236979166666666 0.43083333333333335 0.0026041666666666665 0.005
1 0.621875 0.42833333333333334 0.0020833333333333333 0.006666666666666667
1 0.6557291666666667 0.42833333333333334 0.0020833333333333333 0.005
0 0.6544270833333333 0.43 0.0026041666666666665 0.006666666666666667
0 0.5377604166666666 0.4354166666666667 0.0026041666666666665 0.0075
0 0.54921875 0.43291666666666667 0.0036458333333333334 0.0075
0 0.36328125 0.4170833333333333 0.0036458333333333334 0.009166666666666667
0 0.35989583333333336 0.42125 0.003125 0.009166666666666667