1 0.059375 0.52375 0.016666666666666666 0.025833333333333333
1 0.23463541666666668 0.49375 0.009895833333333333 0.019166666666666665
1 0.2604166666666667 0.6375 0.04895833333333333 0.085
1 0.33958333333333335 0.47541666666666665 0.007291666666666667 0.015833333333333335
1 0.3614583333333333 0.5504166666666667 0.026041666666666668 0.0475
1 0.39427083333333335 0.51375 0.016666666666666666 0.035833333333333335
1 0.43203125 0.485 0.013020833333333334 0.023333333333333334
1 0.46901041666666665 0.4725 0.009895833333333333 0.02
1 0.4984375 0.46541666666666665 0.008333333333333333 0.0175
1 0.44765625 0.45916666666666667 0.0067708333333333336 0.013333333333333334
1 0.5104166666666666 0.45875 0.007291666666666667 0.015833333333333335
1 0.3919270833333333 0.46625 0.0078125 0.015833333333333335
0 0.7403645833333333 0.5404166666666667 0.03177083333333333 0.05416666666666667
0 0.6270833333333333 0.4979166666666667 0.014583333333333334 0.0325
0 0.6114583333333333 0.4741666666666667 0.009375 0.023333333333333334
0 0.6231770833333333 0.46291666666666664 0.0078125 0.019166666666666665
0 0.6317708333333333 0.455 0.007291666666666667 0.018333333333333333
0 0.5947916666666667 0.44666666666666666 0.007291666666666667 0.013333333333333334
0 0.6182291666666667 0.45 0.008333333333333333 0.015
0 0.47369791666666666 0.4525 0.0067708333333333336 0.013333333333333334
0 0.53359375 0.44708333333333333 0.005729166666666666 0.0125
1 0.009114583333333334 0.49416666666666664 0.005729166666666666 0.01
0 0.06041666666666667 0.4895833333333333 0.007291666666666667 0.0125
1 0.09244791666666667 0.48333333333333334 0.005729166666666666 0.01
0 0.11276041666666667 0.5029166666666667 0.011979166666666667 0.020833333333333332
0 0.12734375 0.48125 0.0067708333333333336 0.010833333333333334
1 0.16380208333333332 0.47583333333333333 0.0046875 0.008333333333333333
0 0.2 0.4716666666666667 0.004166666666666667 0.01
1 0.22265625 0.46791666666666665 0.0046875 0.009166666666666667
0 0.24348958333333334 0.4820833333333333 0.0067708333333333336 0.015833333333333335
0 0.25729166666666664 0.46541666666666665 0.004166666666666667 0.009166666666666667
1 0.26666666666666666 0.46208333333333335 0.003125 0.0075
0 0.30390625 0.45875 0.0036458333333333334 0.0075
0 0.3125 0.4716666666666667 0.00625 0.015
1 0.30078125 0.4583333333333333 0.0026041666666666665 0.006666666666666667
1 0.3296875 0.455 0.003125 0.006666666666666667
1 0.35494791666666664 0.45166666666666666 0.0026041666666666665 0.006666666666666667
1 0.38671875 0.4479166666666667 0.0026041666666666665 0.005833333333333334
1 0.41640625 0.44583333333333336 0.0026041666666666665 0.006666666666666667
1 0.43723958333333335 0.44375 0.0026041666666666665 0.005833333333333334
1 0.4591145833333333 0.44166666666666665 0.0026041666666666665 0.006666666666666667
1 0.48046875 0.44 0.0026041666666666665 0.006666666666666667
1 0.48828125 0.4404166666666667 0.0026041666666666665 0.0075
1 0.49609375 0.45625 0.005729166666666666 0.014166666666666666
1 0.49140625 0.44083333333333335 0.0026041666666666665 0.008333333333333333
1 0.4940104166666667 0.44083333333333335 0.0026041666666666665 0.008333333333333333
1 0.49765625 0.44208333333333333 0.0036458333333333334 0.0075
1 0.5106770833333333 0.44166666666666665 0.0036458333333333334 0.008333333333333333
1 0.5424479166666667 0.43916666666666665 0.0036458333333333334 0.008333333333333333
1 0.58359375 0.43625 0.0036458333333333334 0.0075
1 0.6276041666666666 0.4345833333333333 0.004166666666666667 0.0075
1 0.66015625 0.43166666666666664 0.0036458333333333334 0.008333333333333333
1 0.6627604166666666 0.42875 0.0026041666666666665 0.0075
1 0.665625 0.4295833333333333 0.003125 0.009166666666666667
1 0.6734375 0.4270833333333333 0.003125 0.0075
1 0.69453125 0.42541666666666667 0.0026041666666666665 0.0075
1 0.721875 0.42291666666666666 0.0020833333333333333 0.005833333333333334
1 0.7552083333333334 0.42083333333333334 0.0020833333333333333 0.006666666666666667
1 0.8013020833333333 0.41833333333333333 0.0026041666666666665 0.006666666666666667
1 0.8809895833333333 0.41333333333333333 0.0036458333333333334 0.008333333333333333
1 0.9020833333333333 0.4116666666666667 0.003125 0.006666666666666667
1 0.9328125 0.4083333333333333 0.003125 0.006666666666666667
1 0.978125 0.4066666666666667 0.003125 0.006666666666666667
0 0.93984375 0.41125 0.0036458333333333334 0.0075
0 0.9171875 0.4125 0.004166666666666667 0.008333333333333333
0 0.8953125 0.415 0.004166666666666667 0.008333333333333333
0 0.853125 0.4170833333333333 0.004166666666666667 0.009166666666666667
0 0.7283854166666667 0.42791666666666667 0.0046875 0.010833333333333334
0 0.7125 0.42541666666666667 0.003125 0.009166666666666667
0 0.6994791666666667 0.43166666666666664 0.004166666666666667 0.01
0 0.64921875 0.4345833333333333 0.0046875 0.010833333333333334
0 0.5255208333333333 0.44208333333333333 0.003125 0.009166666666666667
0 0.4783854166666667 0.44583333333333336 0.0036458333333333334 0.008333333333333333
0 0.44635416666666666 0.44625 0.0020833333333333333 0.0075
0 0.44895833333333335 0.4475 0.003125 0.008333333333333333
0 0.4513020833333333 0.44458333333333333 0.0036458333333333334 0.009166666666666667
0 0.43307291666666664 0.445 0.0036458333333333334 0.006666666666666667
0 0.4122395833333333 0.44583333333333336 0.0026041666666666665 0.008333333333333333
0 0.396875 0.46041666666666664 0.005208333333333333 0.0125
0 0.3841145833333333 0.44916666666666666 0.0026041666666666665 0.006666666666666667
0 0.35911458333333335 0.45166666666666666 0.0036458333333333334 0.006666666666666667
0 0.3346354166666667 0.455 0.0036458333333333334 0.006666666666666667
0 0.5825520833333333 0.4379166666666667 0.0046875 0.010833333333333334
0 0.7192708333333333 0.42625 0.004166666666666667 0.009166666666666667