0 0.6635416666666667 0.54625 0.027083333333333334 0.05416666666666667
0 0.6830729166666667 0.4583333333333333 0.008854166666666666 0.018333333333333333
0 0.8096354166666667 0.4608333333333333 0.009895833333333333 0.02
0 0.9174479166666667 0.4575 0.0109375 0.02
0 0.6078125 0.4554166666666667 0.007291666666666667 0.015833333333333335
0 0.5075520833333333 0.45208333333333334 0.0067708333333333336 0.015833333333333335
0 0.41770833333333335 0.4554166666666667 0.007291666666666667 0.015833333333333335
0 0.33307291666666666 0.46166666666666667 0.0078125 0.016666666666666666
0 0.246875 0.47041666666666665 0.010416666666666666 0.020833333333333332
0 0.22864583333333333 0.48291666666666666 0.015625 0.0275
0 0.30520833333333336 0.49541666666666667 0.014583333333333334 0.030833333333333334
0 0.44921875 0.5158333333333334 0.019270833333333334 0.04
1 0.15 0.7320833333333333 0.08958333333333333 0.14083333333333334
1 0.19947916666666668 0.6016666666666667 0.04895833333333333 0.07666666666666666
1 0.025520833333333333 0.5454166666666667 0.040625 0.050833333333333335
1 0.01484375 0.4895833333333333 0.019270833333333334 0.029166666666666667
1 0.09609375 0.47208333333333335 0.013020833333333334 0.0225
1 0.21536458333333333 0.46125 0.008854166666666666 0.0175
1 0.31614583333333335 0.45375 0.00625 0.015833333333333335
1 0.40520833333333334 0.44875 0.005208333333333333 0.014166666666666666
1 0.4984375 0.44625 0.005208333333333333 0.0125
1 0.5838541666666667 0.44625 0.005208333333333333 0.0125
1 0.6518229166666667 0.4483333333333333 0.005729166666666666 0.013333333333333334
1 0.7255208333333333 0.4504166666666667 0.00625 0.015833333333333335
1 0.8171875 0.4504166666666667 0.007291666666666667 0.015833333333333335
1 0.94765625 0.44666666666666666 0.008854166666666666 0.015