1 0.3921875 0.5720833333333334 0.036458333333333336 0.0625
1 0.5338541666666666 0.5133333333333333 0.01875 0.03833333333333333
1 0.67265625 0.48625 0.013020833333333334 0.0275
1 0.8294270833333334 0.47375 0.013020833333333334 0.025833333333333333
1 0.9458333333333333 0.4675 0.013541666666666667 0.023333333333333334
0 0.9481770833333333 0.5175 0.0265625 0.043333333333333335
0 0.8924479166666667 0.5591666666666667 0.034895833333333334 0.06166666666666667
0 0.9049479166666666 0.4395833333333333 0.0036458333333333334 0.0075
0 0.8799479166666667 0.44083333333333335 0.0036458333333333334 0.008333333333333333
0 0.85546875 0.44 0.0036458333333333334 0.008333333333333333
0 0.8661458333333333 0.43916666666666665 0.003125 0.008333333333333333
1 0.9458333333333333 0.44208333333333333 0.005208333333333333 0.009166666666666667
0 0.9424479166666667 0.44083333333333335 0.0036458333333333334 0.01
1 0.9286458333333333 0.43916666666666665 0.003125 0.006666666666666667
1 0.8341145833333333 0.4379166666666667 0.0036458333333333334 0.0075
1 0.82578125 0.4404166666666667 0.0036458333333333334 0.0075
1 0.8138020833333334 0.43875 0.0026041666666666665 0.0075
1 0.7994791666666666 0.43875 0.003125 0.0075
1 0.7955729166666666 0.44 0.0026041666666666665 0.006666666666666667
1 0.8739583333333333 0.44083333333333335 0.003125 0.008333333333333333