0 0.10807291666666667 0.58125 0.03802083333333333 0.05583333333333333
0 0.5354166666666667 0.5795833333333333 0.034375 0.0675
0 0.23958333333333334 0.46958333333333335 0.008333333333333333 0.014166666666666666
0 0.375 0.45916666666666667 0.008333333333333333 0.015
0 0.5734375 0.44458333333333333 0.00625 0.014166666666666666
0 0.6807291666666667 0.4375 0.00625 0.011666666666666667
1 0.14973958333333334 0.4716666666666667 0.0078125 0.013333333333333334
1 0.2638020833333333 0.4625 0.0067708333333333336 0.013333333333333334
1 0.37890625 0.45458333333333334 0.0046875 0.0125
1 0.46875 0.4475 0.005208333333333333 0.01
1 0.5580729166666667 0.44208333333333333 0.0046875 0.010833333333333334
1 0.65 0.435 0.005208333333333333 0.011666666666666667
1 0.7330729166666666 0.43 0.0046875 0.011666666666666667
1 0.8041666666666667 0.42541666666666667 0.005208333333333333 0.010833333333333334
1 0.8729166666666667 0.42 0.00625 0.01
0 0.93125 0.4195833333333333 0.007291666666666667 0.014166666666666666
0 0.8627604166666667 0.4241666666666667 0.0078125 0.013333333333333334
0 0.7859375 0.43 0.00625 0.013333333333333334
0 0.46119791666666665 0.4525 0.0067708333333333336 0.015
0 0.10625 0.47875 0.009375 0.0175