0 0.7052083333333333 0.6108333333333333 0.11458333333333333 0.24833333333333332
0 0.9408854166666667 0.05875 0.0140625 0.029166666666666667
0 0.83828125 0.06375 0.0109375 0.024166666666666666
0 0.7549479166666667 0.06708333333333333 0.009895833333333333 0.020833333333333332
0 0.6895833333333333 0.07 0.008333333333333333 0.018333333333333333
0 0.63671875 0.07291666666666667 0.0078125 0.015833333333333335
0 0.5963541666666666 0.07333333333333333 0.007291666666666667 0.015
1 0.8723958333333334 0.05458333333333333 0.009375 0.020833333333333332
1 0.7963541666666667 0.059583333333333335 0.008333333333333333 0.0175
1 0.7140625 0.0625 0.007291666666666667 0.016666666666666666
1 0.6549479166666666 0.06625 0.0067708333333333336 0.014166666666666666
1 0.44609375 0.06958333333333333 0.0036458333333333334 0.0075
1 0.48072916666666665 0.06708333333333333 0.004166666666666667 0.009166666666666667
1 0.5026041666666666 0.07 0.004166666666666667 0.01
1 0.5078125 0.07083333333333333 0.005208333333333333 0.011666666666666667
1 0.51171875 0.0675 0.0036458333333333334 0.01
1 0.51640625 0.06625 0.0026041666666666665 0.009166666666666667
1 0.9856770833333334 0.0475 0.0109375 0.02
0 0.4981770833333333 0.07458333333333333 0.005729166666666666 0.0125
0 0.46197916666666666 0.07041666666666667 0.004166666666666667 0.009166666666666667
0 0.4513020833333333 0.07833333333333334 0.0046875 0.011666666666666667
0 0.4375 0.07625 0.005208333333333333 0.010833333333333334
0 0.42994791666666665 0.07791666666666666 0.0046875 0.010833333333333334
0 0.40651041666666665 0.07458333333333333 0.0046875 0.009166666666666667
0 0.3072916666666667 0.08541666666666667 0.004166666666666667 0.010833333333333334
0 0.2794270833333333 0.08875 0.0046875 0.010833333333333334
0 0.2526041666666667 0.09166666666666666 0.005208333333333333 0.011666666666666667
0 0.20572916666666666 0.09708333333333333 0.00625 0.0125
1 0.15364583333333334 0.10083333333333333 0.00625 0.01
1 0.35572916666666665 0.07833333333333334 0.003125 0.008333333333333333
1 0.31223958333333335 0.08291666666666667 0.0036458333333333334 0.0075
1 0.40208333333333335 0.07375 0.003125 0.0075
1 0.59765625 0.06791666666666667 0.0046875 0.010833333333333334
1 0.09244791666666667 0.10708333333333334 0.0067708333333333336 0.009166666666666667