1 0.09114583333333333 0.8025 0.10625 0.17
0 0.8908854166666667 0.6295833333333334 0.0609375 0.0925
0 0.5669270833333333 0.5441666666666667 0.027604166666666666 0.05333333333333334
0 0.3640625 0.5295833333333333 0.023958333333333335 0.0475
0 0.13307291666666668 0.5266666666666666 0.0265625 0.041666666666666664
0 0.07890625 0.47708333333333336 0.015104166666666667 0.0225
0 0.28802083333333334 0.45958333333333334 0.009375 0.0175
0 0.19296875 0.4683333333333333 0.009895833333333333 0.018333333333333333
1 0.09713541666666667 0.46708333333333335 0.0109375 0.0175
1 0.21796875 0.4554166666666667 0.0067708333333333336 0.014166666666666666
1 0.22994791666666667 0.445 0.0046875 0.01
0 0.3229166666666667 0.4533333333333333 0.007291666666666667 0.015
0 0.3098958333333333 0.4504166666666667 0.00625 0.0125
0 0.29765625 0.44708333333333333 0.005729166666666666 0.0125
0 0.3625 0.43916666666666665 0.004166666666666667 0.01
0 0.4953125 0.43833333333333335 0.004166666666666667 0.011666666666666667
0 0.45807291666666666 0.4370833333333333 0.0036458333333333334 0.009166666666666667
0 0.40963541666666664 0.4375 0.0036458333333333334 0.01
0 0.5177083333333333 0.44 0.004166666666666667 0.011666666666666667
0 0.5666666666666667 0.44166666666666665 0.004166666666666667 0.011666666666666667
0 0.76875 0.43916666666666665 0.005208333333333333 0.011666666666666667
1 0.7255208333333333 0.43583333333333335 0.004166666666666667 0.01
1 0.8372395833333334 0.4354166666666667 0.0046875 0.010833333333333334
1 0.5817708333333333 0.4370833333333333 0.003125 0.009166666666666667
1 0.5513020833333333 0.4354166666666667 0.0036458333333333334 0.009166666666666667
1 0.3731770833333333 0.43666666666666665 0.0036458333333333334 0.008333333333333333
1 0.42421875 0.4354166666666667 0.0036458333333333334 0.009166666666666667
1 0.47890625 0.4345833333333333 0.0036458333333333334 0.0075
1 0.20859375 0.4504166666666667 0.005729166666666666 0.014166666666666666
0 0.9065104166666667 0.4379166666666667 0.0078125 0.014166666666666666
1 0.19166666666666668 0.45916666666666667 0.009375 0.016666666666666666
0 0.31536458333333334 0.44125 0.0046875 0.010833333333333334
1 0.31979166666666664 0.43833333333333335 0.003125 0.008333333333333333
0 0.63359375 0.44166666666666665 0.0046875 0.011666666666666667
1 0.63046875 0.4375 0.0036458333333333334 0.01
1 0.9544270833333334 0.435 0.0067708333333333336 0.011666666666666667
0 0.2911458333333333 0.44416666666666665 0.005208333333333333 0.011666666666666667
1 0.265625 0.44125 0.005208333333333333 0.009166666666666667
1 0.52109375 0.43583333333333335 0.0036458333333333334 0.008333333333333333