0 0.09140625 0.6083333333333333 0.1296875 0.21833333333333332
0 0.81171875 0.09 0.008854166666666666 0.02
0 0.7161458333333334 0.09375 0.009375 0.019166666666666665
1 0.8510416666666667 0.08333333333333333 0.007291666666666667 0.016666666666666666
1 0.73125 0.08916666666666667 0.00625 0.015
0 0.6041666666666666 0.09708333333333333 0.007291666666666667 0.0175
1 0.6091145833333333 0.0925 0.005729166666666666 0.015
1 0.49635416666666665 0.09666666666666666 0.005208333333333333 0.013333333333333334
0 0.47630208333333335 0.10125 0.0078125 0.015833333333333335
1 0.40989583333333335 0.10125 0.005208333333333333 0.0125
1 0.37734375 0.10166666666666667 0.0046875 0.011666666666666667
1 0.3684895833333333 0.10041666666666667 0.0046875 0.010833333333333334
0 0.3567708333333333 0.10875 0.007291666666666667 0.014166666666666666
0 0.30130208333333336 0.11041666666666666 0.005729166666666666 0.014166666666666666
1 0.35520833333333335 0.09958333333333333 0.005208333333333333 0.010833333333333334
1 0.32786458333333335 0.09958333333333333 0.0046875 0.009166666666666667
0 0.28671875 0.1075 0.005729166666666666 0.013333333333333334
0 0.22890625 0.1075 0.005729166666666666 0.013333333333333334
1 0.21432291666666667 0.10708333333333334 0.005729166666666666 0.010833333333333334
1 0.14947916666666666 0.11166666666666666 0.00625 0.01
0 0.115625 0.11458333333333333 0.008333333333333333 0.014166666666666666
1 0.07916666666666666 0.11541666666666667 0.008333333333333333 0.010833333333333334
0 0.06458333333333334 0.11833333333333333 0.009375 0.015
0 0.04479166666666667 0.12083333333333333 0.009375 0.015