1 0.5966145833333333 0.4225 0.0578125 0.11333333333333333
1 0.86875 0.3104166666666667 0.040625 0.06416666666666666
1 0.9864583333333333 0.26625 0.027083333333333334 0.050833333333333335
1 0.8296875 0.2125 0.013541666666666667 0.02666666666666667
1 0.7205729166666667 0.2 0.011979166666666667 0.023333333333333334
1 0.6276041666666666 0.19166666666666668 0.009375 0.018333333333333333
1 0.56015625 0.18458333333333332 0.0078125 0.015833333333333335
1 0.2109375 0.21 0.013541666666666667 0.02666666666666667
1 0.3302083333333333 0.20416666666666666 0.011458333333333333 0.023333333333333334
1 0.43203125 0.19416666666666665 0.008854166666666666 0.02
1 0.46015625 0.18541666666666667 0.0078125 0.015833333333333335
1 0.48984375 0.17333333333333334 0.005729166666666666 0.013333333333333334
1 0.52421875 0.17833333333333334 0.005729166666666666 0.015
0 0.27682291666666664 0.18958333333333333 0.008854166666666666 0.020833333333333332
0 0.16770833333333332 0.1925 0.011458333333333333 0.023333333333333334
0 0.028385416666666666 0.19708333333333333 0.0140625 0.0275
0 0.34869791666666666 0.18291666666666667 0.008854166666666666 0.0175
0 0.9674479166666666 0.205 0.0171875 0.03
1 0.5078125 0.1675 0.004166666666666667 0.01
1 0.5328125 0.17458333333333334 0.004166666666666667 0.010833333333333334
1 0.55 0.17 0.003125 0.01
1 0.56171875 0.1675 0.0026041666666666665 0.01
1 0.56875 0.16708333333333333 0.003125 0.009166666666666667
0 0.40130208333333334 0.17375 0.0046875 0.014166666666666666
0 0.43515625 0.16875 0.0036458333333333334 0.010833333333333334
0 0.45729166666666665 0.165 0.003125 0.008333333333333333
0 0.6557291666666667 0.18208333333333335 0.00625 0.015833333333333335
0 0.6171875 0.17291666666666666 0.003125 0.0125
0 0.6236979166666666 0.18083333333333335 0.0026041666666666665 0.011666666666666667
0 0.6208333333333333 0.17916666666666667 0.003125 0.013333333333333334
0 0.61953125 0.16833333333333333 0.0026041666666666665 0.013333333333333334
0 0.73203125 0.19125 0.0078125 0.015833333333333335
0 0.80859375 0.19708333333333333 0.009895833333333333 0.0175
0 0.4705729166666667 0.16291666666666665 0.0026041666666666665 0.0075
1 0.5171875 0.16541666666666666 0.003125 0.009166666666666667
1 0.52265625 0.16375 0.0026041666666666665 0.009166666666666667
1 0.5802083333333333 0.16583333333333333 0.003125 0.01