1 0.34322916666666664 0.7608333333333334 0.11770833333333333 0.22833333333333333
1 0.9078125 0.59125 0.07916666666666666 0.13083333333333333
1 0.8830729166666667 0.3545833333333333 0.015104166666666667 0.0275
1 0.8609375 0.31333333333333335 0.003125 0.008333333333333333
1 0.9354166666666667 0.31666666666666665 0.0020833333333333333 0.008333333333333333
1 0.6846354166666667 0.3425 0.0109375 0.02666666666666667
1 0.5385416666666667 0.3333333333333333 0.011458333333333333 0.02666666666666667
1 0.3346354166666667 0.31875 0.0109375 0.024166666666666666
1 0.20546875 0.30666666666666664 0.011979166666666667 0.023333333333333334
1 0.20546875 0.27875 0.0046875 0.010833333333333334
1 0.15572916666666667 0.2775 0.00625 0.011666666666666667
1 0.12552083333333333 0.29583333333333334 0.010416666666666666 0.02
1 0.08645833333333333 0.2775 0.008333333333333333 0.013333333333333334
1 0.07552083333333333 0.28583333333333333 0.007291666666666667 0.018333333333333333
1 0.05520833333333333 0.2791666666666667 0.007291666666666667 0.015
0 0.44296875 0.31333333333333335 0.008854166666666666 0.021666666666666667
0 0.60078125 0.32458333333333333 0.008854166666666666 0.0225
0 0.759375 0.33166666666666667 0.009375 0.02
0 0.67109375 0.30416666666666664 0.0036458333333333334 0.01
0 0.9263020833333333 0.3416666666666667 0.008854166666666666 0.021666666666666667
0 0.9005208333333333 0.31708333333333333 0.004166666666666667 0.010833333333333334
0 0.9838541666666667 0.32083333333333336 0.005208333333333333 0.01
0 0.22421875 0.29375 0.0078125 0.0175
0 0.178125 0.2866666666666667 0.007291666666666667 0.015
0 0.19375 0.2841666666666667 0.00625 0.013333333333333334