0 0.7315104166666667 0.5754166666666667 0.03697916666666667 0.06583333333333333
0 0.65703125 0.49583333333333335 0.0171875 0.03333333333333333
0 0.6640625 0.47375 0.010416666666666666 0.025833333333333333
0 0.690625 0.45625 0.008333333333333333 0.019166666666666665
0 0.72734375 0.44958333333333333 0.0067708333333333336 0.015833333333333335
0 0.7934895833333333 0.44625 0.0067708333333333336 0.014166666666666666
0 0.8989583333333333 0.44708333333333333 0.008333333333333333 0.015833333333333335
1 0.9755208333333333 0.44208333333333333 0.009375 0.014166666666666666
1 0.8932291666666666 0.44083333333333335 0.00625 0.013333333333333334
1 0.8216145833333334 0.4404166666666667 0.0067708333333333336 0.0125
1 0.73203125 0.44166666666666665 0.0046875 0.013333333333333334
1 0.6604166666666667 0.44416666666666665 0.00625 0.015
1 0.6182291666666667 0.44875 0.007291666666666667 0.015833333333333335
1 0.5638020833333334 0.4554166666666667 0.008854166666666666 0.0175
1 0.5229166666666667 0.465 0.009375 0.02
1 0.46484375 0.4825 0.0140625 0.025
1 0.3796875 0.5308333333333334 0.028125 0.04666666666666667
1 0.24635416666666668 0.6325 0.04375 0.09333333333333334
1 0.01015625 0.4675 0.009895833333333333 0.016666666666666666
1 0.02734375 0.46125 0.0067708333333333336 0.014166666666666666
1 0.022395833333333334 0.45916666666666667 0.005208333333333333 0.013333333333333334
1 0.009375 0.45708333333333334 0.008333333333333333 0.014166666666666666