0 0.70625 0.5545833333333333 0.030208333333333334 0.0575
0 0.66484375 0.5045833333333334 0.016145833333333335 0.034166666666666665
0 0.6416666666666667 0.4816666666666667 0.011458333333333333 0.023333333333333334
0 0.6494791666666667 0.46708333333333335 0.009375 0.019166666666666665
0 0.6690104166666667 0.4583333333333333 0.008854166666666666 0.016666666666666666
0 0.7197916666666667 0.4533333333333333 0.007291666666666667 0.015
0 0.8046875 0.44875 0.008333333333333333 0.014166666666666666
1 0.3572916666666667 0.5629166666666666 0.028125 0.050833333333333335
1 0.42682291666666666 0.50875 0.0171875 0.0325
1 0.4786458333333333 0.48333333333333334 0.011458333333333333 0.021666666666666667
1 0.53046875 0.4675 0.0078125 0.016666666666666666
1 0.5713541666666667 0.4583333333333333 0.007291666666666667 0.015
1 0.6265625 0.45208333333333334 0.00625 0.0125
1 0.6989583333333333 0.4475 0.00625 0.013333333333333334
1 0.7744791666666667 0.445 0.00625 0.011666666666666667
1 0.8489583333333334 0.44208333333333333 0.007291666666666667 0.0125
0 0.8809895833333333 0.44666666666666666 0.0078125 0.015
0 0.9770833333333333 0.44416666666666665 0.010416666666666666 0.016666666666666666
1 0.9528645833333333 0.43916666666666665 0.0078125 0.013333333333333334