0 0.1703125 0.55375 0.08854166666666667 0.1875
0 0.09166666666666666 0.3491666666666667 0.05625 0.10333333333333333
0 0.075 0.22041666666666668 0.026041666666666668 0.050833333333333335
0 0.09348958333333333 0.17833333333333334 0.016145833333333335 0.03166666666666667
0 0.11432291666666666 0.15833333333333333 0.013020833333333334 0.02666666666666667
0 0.12890625 0.14625 0.0109375 0.0225
0 0.840625 0.11291666666666667 0.0125 0.024166666666666666
0 0.75 0.10916666666666666 0.009375 0.02
0 0.70703125 0.10791666666666666 0.0067708333333333336 0.015833333333333335
0 0.6875 0.10375 0.005208333333333333 0.0125
1 0.8528645833333334 0.10125 0.0078125 0.0175
1 0.809375 0.09916666666666667 0.008333333333333333 0.016666666666666666
0 0.13697916666666668 0.14208333333333334 0.007291666666666667 0.0175
0 0.14661458333333333 0.13541666666666666 0.0067708333333333336 0.014166666666666666
0 0.15260416666666668 0.13083333333333333 0.00625 0.011666666666666667
0 0.15911458333333334 0.12625 0.005729166666666666 0.0125
0 0.16640625 0.12333333333333334 0.0046875 0.013333333333333334
0 0.17395833333333333 0.12166666666666667 0.004166666666666667 0.011666666666666667
0 0.20338541666666668 0.11791666666666667 0.0046875 0.010833333333333334
0 0.24869791666666666 0.11458333333333333 0.0036458333333333334 0.010833333333333334
0 0.30416666666666664 0.11125 0.004166666666666667 0.010833333333333334
1 0.31614583333333335 0.10916666666666666 0.004166666666666667 0.01
1 0.265625 0.1125 0.004166666666666667 0.01
1 0.22317708333333333 0.11541666666666667 0.0036458333333333334 0.009166666666666667
0 0.3619791666666667 0.10791666666666666 0.005208333333333333 0.010833333333333334
0 0.3984375 0.1075 0.004166666666666667 0.011666666666666667
0 0.4375 0.10541666666666667 0.005208333333333333 0.0125
0 0.4765625 0.105 0.005208333333333333 0.011666666666666667
1 0.37161458333333336 0.10583333333333333 0.0036458333333333334 0.01
1 0.41119791666666666 0.10416666666666667 0.0046875 0.01
1 0.4434895833333333 0.10375 0.0046875 0.009166666666666667
1 0.5080729166666667 0.10083333333333333 0.0046875 0.011666666666666667
1 0.55 0.09958333333333333 0.00625 0.010833333333333334
0 0.5645833333333333 0.10083333333333333 0.00625 0.013333333333333334
1 0.60703125 0.09625 0.0046875 0.009166666666666667
0 0.6403645833333333 0.09708333333333333 0.0046875 0.0125
0 0.71171875 0.09333333333333334 0.0036458333333333334 0.01
0 0.7385416666666667 0.0975 0.005208333333333333 0.013333333333333334
1 0.64765625 0.0925 0.0036458333333333334 0.008333333333333333
1 0.6557291666666667 0.0925 0.003125 0.008333333333333333
1 0.6596354166666667 0.09291666666666666 0.0046875 0.010833333333333334
1 0.6651041666666667 0.09083333333333334 0.003125 0.008333333333333333
1 0.6833333333333333 0.09125 0.004166666666666667 0.009166666666666667
1 0.7041666666666667 0.09208333333333334 0.004166666666666667 0.009166666666666667
0 0.69296875 0.09041666666666667 0.0036458333333333334 0.009166666666666667
0 0.7768229166666667 0.09041666666666667 0.005729166666666666 0.014166666666666666
1 0.7294270833333333 0.09125 0.0046875 0.010833333333333334
0 0.79140625 0.0925 0.005729166666666666 0.013333333333333334
0 0.8028645833333333 0.08958333333333333 0.005729166666666666 0.014166666666666666
1 0.8200520833333333 0.09708333333333333 0.0078125 0.015833333333333335
1 0.8763020833333334 0.09375 0.0067708333333333336 0.015833333333333335
0 0.8848958333333333 0.09 0.00625 0.015
0 0.9838541666666667 0.11833333333333333 0.015625 0.028333333333333332
1 0.9505208333333334 0.10166666666666667 0.010416666666666666 0.02
1 0.940625 0.09083333333333334 0.008333333333333333 0.015
0 0.9588541666666667 0.08666666666666667 0.00625 0.013333333333333334
1 0.031510416666666666 0.14083333333333334 0.0078125 0.015
1 0.05703125 0.135 0.0067708333333333336 0.013333333333333334
1 0.0703125 0.13125 0.005208333333333333 0.010833333333333334
1 0.08463541666666667 0.12791666666666668 0.005729166666666666 0.010833333333333334
1 0.09817708333333333 0.125 0.005729166666666666 0.01
1 0.12473958333333333 0.12166666666666667 0.005729166666666666 0.01