1 0.75703125 0.45125 0.008854166666666666 0.0175
1 0.86875 0.44875 0.009375 0.0175
1 0.9783854166666667 0.4479166666666667 0.009895833333333333 0.0175
1 0.6526041666666667 0.45625 0.008333333333333333 0.019166666666666665
1 0.5703125 0.4691666666666667 0.010416666666666666 0.023333333333333334
1 0.4979166666666667 0.49583333333333335 0.01875 0.035
1 0.3424479166666667 0.5783333333333334 0.0390625 0.06666666666666667
0 0.7502604166666667 0.47791666666666666 0.011979166666666667 0.029166666666666667
0 0.7559895833333333 0.5095833333333334 0.0203125 0.04083333333333333
0 0.8213541666666667 0.46708333333333335 0.013541666666666667 0.024166666666666666
0 0.9588541666666667 0.46166666666666667 0.013541666666666667 0.023333333333333334
0 0.8677083333333333 0.6129166666666667 0.05416666666666667 0.08583333333333333