0 0.6583333333333333 0.6408333333333334 0.05625 0.1
0 0.44088541666666664 0.52125 0.021354166666666667 0.04083333333333333
0 0.38177083333333334 0.49083333333333334 0.011458333333333333 0.02666666666666667
0 0.37526041666666665 0.4741666666666667 0.008854166666666666 0.02
0 0.3893229166666667 0.46416666666666667 0.0078125 0.016666666666666666
0 0.4203125 0.45375 0.00625 0.014166666666666666
0 0.45208333333333334 0.4479166666666667 0.007291666666666667 0.0125
0 0.4986979166666667 0.4429166666666667 0.005729166666666666 0.010833333333333334
1 0.06770833333333333 0.59 0.03854166666666667 0.058333333333333334
1 0.17421875 0.5208333333333334 0.019270833333333334 0.03333333333333333
1 0.20989583333333334 0.4995833333333333 0.013541666666666667 0.024166666666666666
1 0.25286458333333334 0.4795833333333333 0.008854166666666666 0.019166666666666665
1 0.29609375 0.46791666666666665 0.0078125 0.015833333333333335
1 0.32890625 0.46125 0.005729166666666666 0.0125
1 0.3729166666666667 0.4533333333333333 0.005208333333333333 0.011666666666666667
1 0.4088541666666667 0.44875 0.005208333333333333 0.010833333333333334
1 0.4627604166666667 0.4429166666666667 0.0046875 0.009166666666666667
1 0.5247395833333334 0.4375 0.0046875 0.01
1 0.5674479166666667 0.435 0.0046875 0.01
1 0.6080729166666666 0.43375 0.0046875 0.010833333333333334
0 0.5611979166666666 0.43833333333333335 0.005729166666666666 0.013333333333333334
0 0.6221354166666667 0.43666666666666665 0.005729166666666666 0.011666666666666667
0 0.66484375 0.43625 0.0067708333333333336 0.014166666666666666
1 0.659375 0.4320833333333333 0.005208333333333333 0.010833333333333334
1 0.72578125 0.43083333333333335 0.005729166666666666 0.011666666666666667
0 0.7872395833333333 0.4354166666666667 0.0078125 0.015833333333333335
1 0.84765625 0.42833333333333334 0.0067708333333333336 0.015
0 0.9786458333333333 0.43416666666666665 0.013541666666666667 0.02