1 0.25390625 0.6558333333333334 0.05677083333333333 0.10166666666666667
1 0.41015625 0.5091666666666667 0.0203125 0.03666666666666667
1 0.4432291666666667 0.4766666666666667 0.011458333333333333 0.025
1 0.46145833333333336 0.45958333333333334 0.008333333333333333 0.0175
1 0.46953125 0.45166666666666666 0.0067708333333333336 0.015
1 0.4765625 0.4454166666666667 0.005208333333333333 0.0125
1 0.9854166666666667 0.43333333333333335 0.004166666666666667 0.008333333333333333
0 0.73359375 0.5633333333333334 0.033854166666666664 0.06333333333333334
0 0.6333333333333333 0.4975 0.015625 0.03333333333333333
0 0.6028645833333334 0.47708333333333336 0.011979166666666667 0.025833333333333333
0 0.5671875 0.45375 0.007291666666666667 0.015833333333333335
0 0.5580729166666667 0.4475 0.005729166666666666 0.013333333333333334
0 0.553125 0.44333333333333336 0.005208333333333333 0.011666666666666667
0 0.9356770833333333 0.435 0.0046875 0.01
0 0.8885416666666667 0.43375 0.004166666666666667 0.009166666666666667
1 0.48671875 0.43833333333333335 0.0026041666666666665 0.01
1 0.4908854166666667 0.43625 0.0036458333333333334 0.009166666666666667
0 0.5544270833333333 0.43625 0.0036458333333333334 0.009166666666666667
1 0.5020833333333333 0.43416666666666665 0.004166666666666667 0.008333333333333333
1 0.5203125 0.4325 0.004166666666666667 0.008333333333333333
1 0.53984375 0.43125 0.0036458333333333334 0.0075
0 0.55703125 0.43375 0.0036458333333333334 0.009166666666666667
0 0.5666666666666667 0.4325 0.004166666666666667 0.008333333333333333
0 0.5802083333333333 0.43083333333333335 0.004166666666666667 0.008333333333333333
0 0.6458333333333334 0.43 0.004166666666666667 0.008333333333333333
0 0.6794270833333333 0.43041666666666667 0.0036458333333333334 0.0075
0 0.71484375 0.43041666666666667 0.0036458333333333334 0.0075
1 0.72265625 0.4295833333333333 0.0036458333333333334 0.0075
0 0.7494791666666667 0.43125 0.004166666666666667 0.0075
1 0.77109375 0.4295833333333333 0.0036458333333333334 0.0075
0 0.7828125 0.43166666666666664 0.004166666666666667 0.008333333333333333
1 0.8140625 0.43083333333333335 0.004166666666666667 0.008333333333333333
0 0.83671875 0.4325 0.0046875 0.01
1 0.8690104166666667 0.43125 0.0046875 0.009166666666666667
1 0.9205729166666666 0.4325 0.0046875 0.01