1 0.3640625 0.5454166666666667 0.030208333333333334 0.0525
1 0.4244791666666667 0.48833333333333334 0.014583333333333334 0.03166666666666667
1 0.4510416666666667 0.46291666666666664 0.010416666666666666 0.020833333333333332
1 0.46145833333333336 0.4525 0.007291666666666667 0.016666666666666666
1 0.4708333333333333 0.4454166666666667 0.00625 0.014166666666666666
1 0.4828125 0.4370833333333333 0.003125 0.010833333333333334
1 0.48776041666666664 0.435 0.0046875 0.01
1 0.5 0.4325 0.004166666666666667 0.008333333333333333
1 0.5200520833333333 0.43125 0.0036458333333333334 0.0075
1 0.9481770833333333 0.43291666666666667 0.005729166666666666 0.010833333333333334
1 0.8908854166666667 0.43166666666666664 0.0046875 0.008333333333333333
0 0.9356770833333333 0.70375 0.0890625 0.13083333333333333
0 0.6736979166666667 0.525 0.0234375 0.04666666666666667
0 0.6221354166666667 0.4895833333333333 0.016145833333333335 0.0325
0 0.5729166666666666 0.4558333333333333 0.008333333333333333 0.018333333333333333
0 0.56171875 0.4483333333333333 0.0078125 0.016666666666666666
0 0.5557291666666667 0.44333333333333336 0.00625 0.013333333333333334
0 0.5557291666666667 0.4345833333333333 0.003125 0.009166666666666667
0 0.55859375 0.4325 0.0036458333333333334 0.01
0 0.5825520833333333 0.4295833333333333 0.0036458333333333334 0.0075
0 0.96875 0.43583333333333335 0.005208333333333333 0.01
0 0.9153645833333334 0.43416666666666665 0.0046875 0.01
0 0.8575520833333333 0.4320833333333333 0.0036458333333333334 0.009166666666666667
0 0.7984375 0.43083333333333335 0.004166666666666667 0.008333333333333333
0 0.7622395833333333 0.43041666666666667 0.0036458333333333334 0.0075
0 0.725 0.43 0.004166666666666667 0.006666666666666667
0 0.6098958333333333 0.42875 0.0020833333333333333 0.005833333333333334
0 0.5684895833333333 0.43041666666666667 0.0026041666666666665 0.0075
0 0.6518229166666667 0.42791666666666667 0.0026041666666666665 0.0075
0 0.6872395833333333 0.42916666666666664 0.0026041666666666665 0.006666666666666667
1 0.53984375 0.42833333333333334 0.0026041666666666665 0.006666666666666667
1 0.5697916666666667 0.42791666666666667 0.0020833333333333333 0.005833333333333334
1 0.6489583333333333 0.4266666666666667 0.0020833333333333333 0.006666666666666667
1 0.7322916666666667 0.42791666666666667 0.0020833333333333333 0.005833333333333334
1 0.78359375 0.42916666666666664 0.0026041666666666665 0.006666666666666667
1 0.83046875 0.4295833333333333 0.0026041666666666665 0.005833333333333334