1 0.7549479166666667 0.36625 0.04739583333333333 0.08416666666666667
1 0.9549479166666667 0.3 0.043229166666666666 0.06166666666666667
1 0.80703125 0.22541666666666665 0.016145833333333335 0.030833333333333334
1 0.6971354166666667 0.21083333333333334 0.011979166666666667 0.025
1 0.6033854166666667 0.20166666666666666 0.0109375 0.02
0 0.9739583333333334 0.21666666666666667 0.019791666666666666 0.03166666666666667
0 0.8002604166666667 0.20458333333333334 0.011979166666666667 0.0225
0 0.72109375 0.19791666666666666 0.0109375 0.020833333333333332
0 0.23255208333333333 0.20333333333333334 0.0109375 0.023333333333333334
0 0.31640625 0.19541666666666666 0.008854166666666666 0.019166666666666665
1 0.265625 0.21916666666666668 0.014583333333333334 0.02666666666666667
1 0.38984375 0.20666666666666667 0.009895833333333333 0.021666666666666667
1 0.4317708333333333 0.19625 0.008333333333333333 0.0175
1 0.47734375 0.18291666666666667 0.0067708333333333336 0.014166666666666666
1 0.5080729166666667 0.18833333333333332 0.0078125 0.015
1 0.5390625 0.19458333333333333 0.008333333333333333 0.0175
1 0.5208333333333334 0.18375 0.00625 0.014166666666666666
0 0.3841145833333333 0.18625 0.0067708333333333336 0.015833333333333335
1 0.9901041666666667 0.2554166666666667 0.019791666666666666 0.0425
0 0.10885416666666667 0.20666666666666667 0.010416666666666666 0.023333333333333334
0 0.42578125 0.17875 0.005729166666666666 0.0125
0 0.45390625 0.17375 0.0046875 0.0125
0 0.47161458333333334 0.17208333333333334 0.0046875 0.009166666666666667
1 0.50234375 0.17666666666666667 0.005729166666666666 0.011666666666666667
1 0.51640625 0.17458333333333334 0.0046875 0.010833333333333334
1 0.5244791666666667 0.17166666666666666 0.004166666666666667 0.01
1 0.5442708333333334 0.17875 0.005208333333333333 0.0125
1 0.5591145833333333 0.17708333333333334 0.0046875 0.0125
1 0.5690104166666666 0.17541666666666667 0.0046875 0.010833333333333334
1 0.5828125 0.17291666666666666 0.003125 0.010833333333333334
0 0.6122395833333333 0.18791666666666668 0.0078125 0.015833333333333335
0 0.6151041666666667 0.18375 0.005208333333333333 0.014166666666666666
0 0.6200520833333333 0.17708333333333334 0.0036458333333333334 0.0125
0 0.6236979166666666 0.17458333333333334 0.0026041666666666665 0.009166666666666667
0 0.6208333333333333 0.17041666666666666 0.003125 0.009166666666666667
0 0.6447916666666667 0.19125 0.007291666666666667 0.0175
0 0.37552083333333336 0.14166666666666666 0.004166666666666667 0.011666666666666667
0 0.37057291666666664 0.14416666666666667 0.005729166666666666 0.011666666666666667