0 0.2791666666666667 0.3304166666666667 0.014583333333333334 0.034166666666666665
0 0.3729166666666667 0.3045833333333333 0.011458333333333333 0.0275
0 0.4401041666666667 0.28458333333333335 0.010416666666666666 0.024166666666666666
0 0.4942708333333333 0.27666666666666667 0.008333333333333333 0.02
0 0.57890625 0.26708333333333334 0.0067708333333333336 0.014166666666666666
0 0.675 0.26 0.007291666666666667 0.016666666666666666
0 0.7674479166666667 0.2529166666666667 0.0078125 0.019166666666666665
0 0.8830729166666667 0.24416666666666667 0.008854166666666666 0.018333333333333333
1 0.31953125 0.4041666666666667 0.033854166666666664 0.06166666666666667
1 0.4583333333333333 0.33208333333333334 0.017708333333333333 0.0375
1 0.5067708333333333 0.3016666666666667 0.013541666666666667 0.028333333333333332
1 0.6973958333333333 0.5120833333333333 0.05520833333333333 0.11583333333333333
1 0.5520833333333334 0.28541666666666665 0.010416666666666666 0.0225
1 0.6098958333333333 0.27166666666666667 0.009375 0.02
1 0.7138020833333333 0.265 0.009895833333333333 0.02
1 0.8330729166666667 0.25875 0.0109375 0.020833333333333332
1 0.9893229166666667 0.24666666666666667 0.0140625 0.021666666666666667
1 0.9859375 0.3875 0.028125 0.056666666666666664