0 0.0625 0.5320833333333334 0.1 0.18916666666666668
0 0.8809895833333333 0.10541666666666667 0.013020833333333334 0.0275
1 0.31666666666666665 0.12291666666666666 0.011458333333333333 0.020833333333333332
1 0.403125 0.11458333333333333 0.008333333333333333 0.0175
1 0.45651041666666664 0.10833333333333334 0.005729166666666666 0.016666666666666666
1 0.22864583333333333 0.12958333333333333 0.011458333333333333 0.0225
1 0.48802083333333335 0.10541666666666667 0.007291666666666667 0.015833333333333335
1 0.4942708333333333 0.10458333333333333 0.00625 0.015833333333333335
1 0.4479166666666667 0.10666666666666667 0.005208333333333333 0.013333333333333334
0 0.8190104166666666 0.09875 0.0109375 0.0225
0 0.24375 0.13791666666666666 0.0125 0.024166666666666666
1 0.04114583333333333 0.14083333333333334 0.010416666666666666 0.02
1 0.13854166666666667 0.13583333333333333 0.010416666666666666 0.021666666666666667
0 0.12890625 0.14666666666666667 0.013020833333333334 0.021666666666666667
1 0.26979166666666665 0.11625 0.005208333333333333 0.0125
1 0.26276041666666666 0.11583333333333333 0.0036458333333333334 0.01
1 0.25859375 0.11625 0.0046875 0.010833333333333334
1 0.2890625 0.11291666666666667 0.004166666666666667 0.010833333333333334
1 0.3221354166666667 0.11333333333333333 0.0046875 0.011666666666666667
1 0.33984375 0.10916666666666666 0.0036458333333333334 0.01
0 0.33098958333333334 0.10958333333333334 0.0036458333333333334 0.010833333333333334
0 0.3359375 0.11 0.003125 0.011666666666666667
0 0.35598958333333336 0.10666666666666667 0.0026041666666666665 0.008333333333333333
0 0.378125 0.10833333333333334 0.003125 0.011666666666666667
1 0.35989583333333336 0.10666666666666667 0.003125 0.006666666666666667
1 0.365625 0.10625 0.003125 0.0075
1 0.3692708333333333 0.10708333333333334 0.003125 0.009166666666666667
1 0.38385416666666666 0.11125 0.005208333333333333 0.010833333333333334
1 0.3859375 0.10666666666666667 0.004166666666666667 0.01
0 0.39765625 0.10625 0.0036458333333333334 0.0125
0 0.4127604166666667 0.10416666666666667 0.0036458333333333334 0.01
0 0.4231770833333333 0.12291666666666666 0.008854166666666666 0.020833333333333332
0 0.4231770833333333 0.10291666666666667 0.0026041666666666665 0.0075
0 0.42682291666666666 0.10291666666666667 0.0026041666666666665 0.0075
0 0.4393229166666667 0.105 0.0036458333333333334 0.011666666666666667
0 0.4515625 0.1025 0.003125 0.01
0 0.4625 0.10125 0.003125 0.009166666666666667
1 0.46875 0.10083333333333333 0.003125 0.008333333333333333
0 0.5018229166666667 0.10041666666666667 0.0046875 0.010833333333333334
0 0.5065104166666666 0.10208333333333333 0.0046875 0.0125
0 0.5143229166666666 0.11041666666666666 0.008854166666666666 0.020833333333333332
1 0.5138020833333333 0.09875 0.0026041666666666665 0.0075
0 0.54375 0.0975 0.003125 0.01
0 0.5583333333333333 0.1 0.005208333333333333 0.013333333333333334
1 0.5630208333333333 0.09625 0.003125 0.0075
0 0.5747395833333333 0.10166666666666667 0.005729166666666666 0.018333333333333333
0 0.5888020833333333 0.0975 0.0036458333333333334 0.011666666666666667
0 0.59609375 0.09916666666666667 0.0046875 0.015
1 0.59921875 0.09541666666666666 0.0026041666666666665 0.0075
0 0.609375 0.09833333333333333 0.005208333333333333 0.016666666666666666
0 0.6247395833333333 0.095 0.0026041666666666665 0.01
1 0.6223958333333334 0.09333333333333334 0.003125 0.008333333333333333
1 0.6455729166666667 0.09333333333333334 0.0026041666666666665 0.008333333333333333
1 0.6833333333333333 0.09208333333333334 0.0020833333333333333 0.0075
0 0.67421875 0.09166666666666666 0.0036458333333333334 0.008333333333333333
1 0.7567708333333333 0.08916666666666667 0.003125 0.008333333333333333
0 0.7723958333333333 0.08625 0.004166666666666667 0.010833333333333334
0 0.81328125 0.09208333333333334 0.0067708333333333336 0.020833333333333332
1 0.8427083333333333 0.08458333333333333 0.004166666666666667 0.009166666666666667
0 0.8692708333333333 0.08291666666666667 0.005208333333333333 0.010833333333333334
0 0.8864583333333333 0.08666666666666667 0.007291666666666667 0.021666666666666667
0 0.946875 0.07666666666666666 0.00625 0.011666666666666667
0 0.9791666666666666 0.08041666666666666 0.009375 0.020833333333333332
1 0.9299479166666667 0.07916666666666666 0.0046875 0.008333333333333333