0 0.9817708333333334 0.6479166666666667 0.035416666666666666 0.0975
0 0.9518229166666666 0.48625 0.011979166666666667 0.025833333333333333
0 0.9440104166666666 0.45708333333333334 0.005729166666666666 0.015833333333333335
0 0.8416666666666667 0.4708333333333333 0.009375 0.02
0 0.85625 0.45625 0.00625 0.014166666666666666
0 0.7846354166666667 0.46125 0.0067708333333333336 0.0175
0 0.7893229166666667 0.4554166666666667 0.0046875 0.015833333333333335
1 0.4544270833333333 0.5620833333333334 0.033854166666666664 0.060833333333333336
1 0.6963541666666667 0.5191666666666667 0.025 0.041666666666666664
1 0.7171875 0.4716666666666667 0.009375 0.021666666666666667
1 0.6736979166666667 0.4608333333333333 0.008854166666666666 0.018333333333333333
1 0.6955729166666667 0.44958333333333333 0.0078125 0.014166666666666666
1 0.6708333333333333 0.45416666666666666 0.00625 0.015
1 0.8171875 0.5025 0.016666666666666666 0.03333333333333333
1 0.8088541666666667 0.4895833333333333 0.0125 0.029166666666666667
1 0.7598958333333333 0.44875 0.00625 0.0125
1 0.83828125 0.45 0.0046875 0.013333333333333334
1 0.9307291666666667 0.4508333333333333 0.005208333333333333 0.015
1 0.07239583333333334 0.7079166666666666 0.08958333333333333 0.1275