0 0.10911458333333333 0.465 0.08802083333333334 0.15833333333333333
0 0.7799479166666666 0.12166666666666667 0.013020833333333334 0.025
0 0.9645833333333333 0.12458333333333334 0.01875 0.0325
0 0.6388020833333333 0.11625 0.008854166666666666 0.0225
0 0.5403645833333334 0.11458333333333333 0.0067708333333333336 0.0175
0 0.4921875 0.11375 0.00625 0.015833333333333335
0 0.90546875 0.08958333333333333 0.0067708333333333336 0.014166666666666666
0 0.8330729166666667 0.0925 0.0067708333333333336 0.015
1 0.8440104166666667 0.10666666666666667 0.0109375 0.023333333333333334
1 0.87109375 0.09375 0.0078125 0.0175
1 0.9619791666666667 0.10666666666666667 0.0125 0.02666666666666667
1 0.7252604166666666 0.10583333333333333 0.008854166666666666 0.02
1 0.75 0.09541666666666666 0.00625 0.015833333333333335
1 0.7979166666666667 0.09458333333333334 0.007291666666666667 0.0175
1 0.6302083333333334 0.105 0.008333333333333333 0.018333333333333333
1 0.584375 0.10416666666666667 0.007291666666666667 0.016666666666666666
1 0.5903645833333333 0.10125 0.0067708333333333336 0.015833333333333335
1 0.3658854166666667 0.105 0.0036458333333333334 0.01
1 0.2598958333333333 0.11166666666666666 0.004166666666666667 0.01
1 0.30572916666666666 0.10875 0.004166666666666667 0.010833333333333334
1 0.6950520833333333 0.09708333333333333 0.005729166666666666 0.014166666666666666
0 0.7315104166666667 0.8454166666666667 0.1734375 0.30916666666666665
0 0.46484375 0.10958333333333334 0.0067708333333333336 0.014166666666666666
1 0.024479166666666666 0.12 0.00625 0.01
1 0.096875 0.11875 0.003125 0.0075
1 0.14635416666666667 0.11708333333333333 0.003125 0.0075
1 0.18567708333333333 0.11416666666666667 0.0036458333333333334 0.01
1 0.22265625 0.11333333333333333 0.0036458333333333334 0.01
1 0.4356770833333333 0.09916666666666667 0.0036458333333333334 0.008333333333333333
1 0.4609375 0.09916666666666667 0.003125 0.008333333333333333
1 0.46432291666666664 0.09708333333333333 0.0026041666666666665 0.0075
1 0.4830729166666667 0.09875 0.0036458333333333334 0.009166666666666667
1 0.4856770833333333 0.09625 0.0026041666666666665 0.0075
1 0.51953125 0.095 0.0026041666666666665 0.006666666666666667
1 0.5322916666666667 0.09416666666666666 0.0020833333333333333 0.006666666666666667
1 0.5361979166666667 0.09375 0.0026041666666666665 0.005833333333333334
1 0.6125 0.09166666666666666 0.003125 0.006666666666666667
1 0.6518229166666667 0.09041666666666667 0.0026041666666666665 0.005833333333333334
1 0.6390625 0.0975 0.005208333333333333 0.015
1 0.7635416666666667 0.08791666666666667 0.003125 0.005833333333333334
1 0.72890625 0.08875 0.0026041666666666665 0.005833333333333334
1 0.8557291666666667 0.085 0.004166666666666667 0.008333333333333333
0 0.011979166666666667 0.12125 0.005208333333333333 0.0125
0 0.08828125 0.12166666666666667 0.0036458333333333334 0.008333333333333333
0 0.13463541666666667 0.12 0.0036458333333333334 0.008333333333333333
0 0.18307291666666667 0.11791666666666667 0.0046875 0.010833333333333334
0 0.22734375 0.11416666666666667 0.0036458333333333334 0.011666666666666667
0 0.325 0.10875 0.004166666666666667 0.0125
0 0.40286458333333336 0.1025 0.0036458333333333334 0.011666666666666667
0 0.44140625 0.0975 0.0026041666666666665 0.008333333333333333
0 0.4510416666666667 0.0975 0.003125 0.008333333333333333
0 0.4591145833333333 0.09666666666666666 0.0026041666666666665 0.008333333333333333
0 0.471875 0.09875 0.004166666666666667 0.0125
0 0.5080729166666667 0.1025 0.0046875 0.015
0 0.5260416666666666 0.095 0.003125 0.008333333333333333
0 0.55078125 0.095 0.0026041666666666665 0.01
0 0.5536458333333333 0.09541666666666666 0.0020833333333333333 0.010833333333333334
0 0.5559895833333334 0.09666666666666666 0.0036458333333333334 0.011666666666666667
0 0.4791666666666667 0.095 0.003125 0.008333333333333333
0 0.48984375 0.095 0.0026041666666666665 0.008333333333333333
0 0.5145833333333333 0.09416666666666666 0.003125 0.008333333333333333
0 0.5783854166666667 0.09208333333333334 0.0026041666666666665 0.005833333333333334
0 0.5809895833333333 0.09166666666666666 0.0026041666666666665 0.006666666666666667
0 0.6020833333333333 0.09166666666666666 0.003125 0.006666666666666667
0 0.63671875 0.0925 0.0036458333333333334 0.008333333333333333
0 0.6682291666666667 0.09083333333333334 0.004166666666666667 0.008333333333333333
0 0.7020833333333333 0.09458333333333334 0.004166666666666667 0.014166666666666666
0 0.7002604166666667 0.08958333333333333 0.0036458333333333334 0.009166666666666667
0 0.7135416666666666 0.08875 0.003125 0.0075
0 0.7171875 0.08916666666666667 0.003125 0.008333333333333333
0 0.7348958333333333 0.08875 0.0020833333333333333 0.0075
0 0.7739583333333333 0.09416666666666666 0.00625 0.016666666666666666
0 0.7716145833333333 0.08791666666666667 0.0036458333333333334 0.0075
0 0.8486979166666667 0.085 0.0046875 0.01
0 0.92734375 0.08291666666666667 0.0036458333333333334 0.009166666666666667
0 0.9973958333333334 0.07875 0.005208333333333333 0.010833333333333334