0 0.80234375 0.7570833333333333 0.07552083333333333 0.14916666666666667
0 0.6692708333333334 0.52625 0.021875 0.0475
0 0.6796875 0.48583333333333334 0.016666666666666666 0.03
0 0.7158854166666667 0.45875 0.009895833333333333 0.0225
0 0.76015625 0.4479166666666667 0.008854166666666666 0.0175
0 0.8375 0.44083333333333335 0.009375 0.018333333333333333
1 0.6817708333333333 0.44375 0.009375 0.015833333333333335
1 0.6309895833333333 0.45166666666666666 0.0078125 0.016666666666666666
1 0.5114583333333333 0.4775 0.0125 0.025
1 0.5658854166666667 0.4633333333333333 0.009895833333333333 0.02
0 0.9682291666666667 0.43583333333333335 0.011458333333333333 0.02
1 0.9575520833333333 0.42916666666666664 0.008854166666666666 0.015
1 0.86953125 0.43125 0.0078125 0.015833333333333335
1 0.22135416666666666 0.6133333333333333 0.046875 0.075
1 0.42239583333333336 0.5083333333333333 0.015625 0.035
1 0.7627604166666667 0.4379166666666667 0.0067708333333333336 0.014166666666666666