1 0.019270833333333334 0.47791666666666666 0.0125 0.020833333333333332
1 0.0359375 0.4708333333333333 0.010416666666666666 0.018333333333333333
1 0.046614583333333334 0.4558333333333333 0.0067708333333333336 0.011666666666666667
1 0.058854166666666666 0.46416666666666667 0.007291666666666667 0.015
1 0.06171875 0.45666666666666667 0.005729166666666666 0.013333333333333334
1 0.06822916666666666 0.45875 0.00625 0.0125
1 0.002864583333333333 0.45708333333333334 0.005729166666666666 0.010833333333333334
1 0.3341145833333333 0.5654166666666667 0.030729166666666665 0.060833333333333336
1 0.41041666666666665 0.51 0.020833333333333332 0.03666666666666667
1 0.4752604166666667 0.47583333333333333 0.011979166666666667 0.023333333333333334
1 0.5265625 0.46208333333333335 0.008333333333333333 0.0175
1 0.5643229166666667 0.455 0.0067708333333333336 0.016666666666666666
1 0.6151041666666667 0.4483333333333333 0.00625 0.013333333333333334
1 0.65546875 0.44416666666666665 0.0046875 0.013333333333333334
1 0.7231770833333333 0.4429166666666667 0.0046875 0.010833333333333334
1 0.8078125 0.44166666666666665 0.005208333333333333 0.011666666666666667
1 0.8736979166666666 0.44208333333333333 0.0046875 0.0125
1 0.95 0.44375 0.007291666666666667 0.014166666666666666
0 0.9958333333333333 0.4508333333333333 0.008333333333333333 0.018333333333333333
0 0.8760416666666667 0.44708333333333333 0.008333333333333333 0.015833333333333335
0 0.77890625 0.44666666666666666 0.0067708333333333336 0.015
0 0.7169270833333333 0.45 0.0067708333333333336 0.015
0 0.6802083333333333 0.455 0.008333333333333333 0.016666666666666666
0 0.6510416666666666 0.46958333333333335 0.010416666666666666 0.0225
0 0.6416666666666667 0.48625 0.015625 0.029166666666666667
0 0.68203125 0.5366666666666666 0.025520833333333333 0.04833333333333333