1 0.2833333333333333 0.8325 0.1375 0.25666666666666665
1 0.8236979166666667 0.53 0.0609375 0.10166666666666667
1 0.9091145833333333 0.44166666666666665 0.0359375 0.058333333333333334
1 0.8802083333333334 0.40166666666666667 0.021875 0.041666666666666664
1 0.72734375 0.3695833333333333 0.019270833333333334 0.0325
1 0.5856770833333333 0.34125 0.013020833333333334 0.0275
1 0.4817708333333333 0.32375 0.0125 0.0225
1 0.42630208333333336 0.31 0.008854166666666666 0.018333333333333333
1 0.434375 0.30416666666666664 0.007291666666666667 0.015
1 0.459375 0.3 0.007291666666666667 0.013333333333333334
1 0.5052083333333334 0.30041666666666667 0.00625 0.0125
1 0.5729166666666666 0.30375 0.00625 0.010833333333333334
1 0.6223958333333334 0.30666666666666664 0.005208333333333333 0.011666666666666667
1 0.63359375 0.30583333333333335 0.0046875 0.01
0 0.8557291666666667 0.3645833333333333 0.013541666666666667 0.0275
0 0.7020833333333333 0.3408333333333333 0.011458333333333333 0.02
0 0.5958333333333333 0.32458333333333333 0.009375 0.019166666666666665
0 0.5854166666666667 0.3095833333333333 0.007291666666666667 0.014166666666666666
0 0.5388020833333333 0.31375 0.008854166666666666 0.0175
0 0.54375 0.30875 0.005208333333333333 0.015833333333333335
0 0.64296875 0.31375 0.005729166666666666 0.0125
0 0.7 0.3179166666666667 0.005208333333333333 0.010833333333333334
0 0.71640625 0.31666666666666665 0.005729166666666666 0.01
0 0.6692708333333334 0.30416666666666664 0.005208333333333333 0.011666666666666667
0 0.6802083333333333 0.3075 0.005208333333333333 0.01
0 0.8682291666666667 0.32416666666666666 0.005208333333333333 0.01
0 0.89765625 0.3283333333333333 0.0046875 0.01
0 0.9635416666666666 0.33666666666666667 0.005208333333333333 0.011666666666666667
1 0.9809895833333333 0.335 0.0046875 0.01
1 0.9372395833333333 0.32916666666666666 0.0046875 0.01
1 0.8424479166666666 0.31875 0.0036458333333333334 0.009166666666666667
1 0.78125 0.3125 0.004166666666666667 0.008333333333333333
0 0.7703125 0.31333333333333335 0.004166666666666667 0.01
0 0.8221354166666667 0.31833333333333336 0.0036458333333333334 0.008333333333333333
0 0.7244791666666667 0.30833333333333335 0.003125 0.008333333333333333
1 0.7299479166666667 0.30791666666666667 0.0036458333333333334 0.0075
1 0.6106770833333334 0.2991666666666667 0.0036458333333333334 0.008333333333333333
1 0.6171875 0.3020833333333333 0.004166666666666667 0.009166666666666667
1 0.6408854166666667 0.2991666666666667 0.0036458333333333334 0.008333333333333333
0 0.6846354166666667 0.305 0.0036458333333333334 0.008333333333333333
0 0.6973958333333333 0.3120833333333333 0.003125 0.009166666666666667