1 0.053125 0.7375 0.09479166666666666 0.145
1 0.5244791666666667 0.5545833333333333 0.025 0.05416666666666667
1 0.6541666666666667 0.515 0.01875 0.03833333333333333
1 0.6380208333333334 0.49625 0.013541666666666667 0.030833333333333334
1 0.53671875 0.4766666666666667 0.009895833333333333 0.025
1 0.48932291666666666 0.46375 0.008854166666666666 0.019166666666666665
1 0.51015625 0.44958333333333333 0.0046875 0.0125
1 0.5705729166666667 0.44875 0.0046875 0.0125
1 0.9841145833333333 0.45916666666666667 0.008854166666666666 0.013333333333333334
1 0.8971354166666666 0.455 0.0067708333333333336 0.013333333333333334
0 0.9190104166666667 0.46166666666666667 0.008854166666666666 0.016666666666666666
0 0.9052083333333333 0.5058333333333334 0.020833333333333332 0.035
0 0.7526041666666666 0.48583333333333334 0.011458333333333333 0.023333333333333334
0 0.8080729166666667 0.4554166666666667 0.0067708333333333336 0.014166666666666666
0 0.6526041666666667 0.47 0.008333333333333333 0.018333333333333333
0 0.5984375 0.46166666666666667 0.007291666666666667 0.015
1 0.4856770833333333 0.45625 0.005729166666666666 0.015833333333333335
0 0.5997395833333333 0.455 0.005729166666666666 0.013333333333333334
0 0.6557291666666667 0.45375 0.004166666666666667 0.014166666666666666
1 0.6388020833333333 0.4475 0.0036458333333333334 0.013333333333333334
1 0.7106770833333333 0.4479166666666667 0.0036458333333333334 0.0125
0 0.7236979166666667 0.45416666666666666 0.0046875 0.013333333333333334
1 0.8010416666666667 0.4504166666666667 0.005208333333333333 0.0125