0 0.246875 0.6245833333333334 0.10208333333333333 0.22083333333333333
0 0.10755208333333334 0.33958333333333335 0.059895833333333336 0.0975
0 0.12916666666666668 0.26458333333333334 0.03125 0.06416666666666666
0 0.23255208333333333 0.21666666666666667 0.025520833333333333 0.04833333333333333
0 0.35390625 0.18541666666666667 0.0171875 0.035833333333333335
0 0.57265625 0.14166666666666666 0.013020833333333334 0.025
0 0.66015625 0.12791666666666668 0.011979166666666667 0.025833333333333333
0 0.7140625 0.12 0.010416666666666666 0.025
0 0.44765625 0.16166666666666665 0.011979166666666667 0.03333333333333333
1 0.16119791666666666 0.18625 0.016145833333333335 0.034166666666666665
1 0.29791666666666666 0.16208333333333333 0.013541666666666667 0.029166666666666667
1 0.42942708333333335 0.14291666666666666 0.0109375 0.0225
1 0.5200520833333333 0.13041666666666665 0.009895833333333333 0.020833333333333332
1 0.5880208333333333 0.12125 0.009375 0.019166666666666665
1 0.6697916666666667 0.11375 0.009375 0.019166666666666665
1 0.72109375 0.10791666666666666 0.0078125 0.0175
1 0.7671875 0.10333333333333333 0.00625 0.015
1 0.8046875 0.09958333333333333 0.007291666666666667 0.015833333333333335
0 0.8341145833333333 0.10916666666666666 0.009895833333333333 0.021666666666666667
0 0.8734375 0.10125 0.008333333333333333 0.019166666666666665
0 0.9125 0.09416666666666666 0.007291666666666667 0.018333333333333333
1 0.6171875 0.10958333333333334 0.00625 0.014166666666666666
1 0.6828125 0.10375 0.005208333333333333 0.0125
1 0.8619791666666666 0.09166666666666666 0.00625 0.015
1 0.90234375 0.08375 0.0046875 0.010833333333333334
1 0.8473958333333333 0.08958333333333333 0.004166666666666667 0.0125
1 0.9559895833333333 0.0825 0.0046875 0.011666666666666667
0 0.9768229166666667 0.08583333333333333 0.0067708333333333336 0.015
0 0.9330729166666667 0.08 0.005729166666666666 0.011666666666666667
0 0.78671875 0.09375 0.0046875 0.0125
0 0.7815104166666667 0.09166666666666666 0.0036458333333333334 0.008333333333333333
1 0.7528645833333333 0.09416666666666666 0.0036458333333333334 0.008333333333333333
1 0.51328125 0.1175 0.005729166666666666 0.013333333333333334
1 0.5203125 0.11333333333333333 0.004166666666666667 0.008333333333333333
0 0.5330729166666667 0.11625 0.0067708333333333336 0.0125
0 0.5427083333333333 0.11166666666666666 0.004166666666666667 0.01
0 0.60859375 0.10583333333333333 0.0046875 0.01
0 0.6231770833333333 0.10875 0.005729166666666666 0.0125
1 0.5825520833333333 0.10791666666666666 0.0036458333333333334 0.0075
1 0.6473958333333333 0.10291666666666667 0.004166666666666667 0.0075
0 0.678125 0.10041666666666667 0.003125 0.009166666666666667
0 0.7057291666666666 0.10041666666666667 0.005208333333333333 0.0125
1 0.6984375 0.09833333333333333 0.003125 0.008333333333333333
1 0.9921875 0.07583333333333334 0.004166666666666667 0.011666666666666667
1 0.18645833333333334 0.14541666666666667 0.005208333333333333 0.010833333333333334
1 0.1953125 0.14375 0.005208333333333333 0.009166666666666667
1 0.22395833333333334 0.14166666666666666 0.005208333333333333 0.011666666666666667
1 0.24296875 0.13916666666666666 0.0046875 0.01
1 0.2799479166666667 0.13666666666666666 0.0067708333333333336 0.011666666666666667
0 0.26458333333333334 0.13708333333333333 0.00625 0.0125
1 0.2872395833333333 0.13416666666666666 0.0026041666666666665 0.008333333333333333
0 0.32526041666666666 0.13166666666666665 0.0046875 0.01
0 0.36744791666666665 0.12708333333333333 0.0046875 0.009166666666666667
0 0.4630208333333333 0.12125 0.005208333333333333 0.0125
0 0.459375 0.11875 0.004166666666666667 0.010833333333333334
1 0.44114583333333335 0.12041666666666667 0.004166666666666667 0.009166666666666667
1 0.42473958333333334 0.12541666666666668 0.005729166666666666 0.0125
1 0.35520833333333335 0.13166666666666665 0.00625 0.013333333333333334