0 0.16223958333333333 0.44958333333333333 0.08697916666666666 0.15416666666666667
0 0.18411458333333333 0.26375 0.03802083333333333 0.07916666666666666
0 0.23828125 0.20791666666666667 0.028645833333333332 0.0575
0 0.3419270833333333 0.16791666666666666 0.021354166666666667 0.04416666666666667
0 0.46536458333333336 0.13958333333333334 0.018229166666666668 0.03916666666666667
0 0.5622395833333333 0.12125 0.015104166666666667 0.0325
0 0.696875 0.10041666666666667 0.013541666666666667 0.029166666666666667
0 0.7955729166666666 0.08416666666666667 0.0140625 0.03166666666666667
0 0.8598958333333333 0.07583333333333334 0.010416666666666666 0.028333333333333332
1 0.08984375 0.17583333333333334 0.0234375 0.04
1 0.3028645833333333 0.14 0.013020833333333334 0.03166666666666667
1 0.4322916666666667 0.11916666666666667 0.0125 0.028333333333333332
1 0.6580729166666667 0.08916666666666667 0.0109375 0.021666666666666667
1 0.7325520833333333 0.07958333333333334 0.008854166666666666 0.019166666666666665
1 0.81953125 0.07 0.009895833333333333 0.02
0 0.9213541666666667 0.8575 0.15625 0.285
1 0.35911458333333335 0.10041666666666667 0.0046875 0.010833333333333334
1 0.36796875 0.1 0.0046875 0.013333333333333334
1 0.3875 0.0975 0.003125 0.01
1 0.41380208333333335 0.09458333333333334 0.0036458333333333334 0.010833333333333334
1 0.44192708333333336 0.09416666666666666 0.0036458333333333334 0.013333333333333334
1 0.4557291666666667 0.0925 0.005208333333333333 0.013333333333333334
1 0.5114583333333333 0.08833333333333333 0.004166666666666667 0.011666666666666667
1 0.5197916666666667 0.08458333333333333 0.004166666666666667 0.010833333333333334
0 0.5153645833333333 0.08416666666666667 0.0036458333333333334 0.008333333333333333
0 0.5317708333333333 0.0825 0.003125 0.008333333333333333
1 0.5799479166666667 0.08208333333333333 0.005729166666666666 0.014166666666666666
1 0.60625 0.07666666666666666 0.004166666666666667 0.01
1 0.6239583333333333 0.07291666666666667 0.003125 0.0075
0 0.6205729166666667 0.07458333333333333 0.0026041666666666665 0.0075
1 0.66875 0.07458333333333333 0.00625 0.014166666666666666
1 0.68828125 0.06958333333333333 0.0036458333333333334 0.009166666666666667
0 0.6911458333333333 0.06875 0.003125 0.009166666666666667
0 0.7114583333333333 0.0675 0.005208333333333333 0.011666666666666667
1 0.7546875 0.06291666666666666 0.004166666666666667 0.010833333333333334
1 0.7783854166666667 0.06541666666666666 0.005729166666666666 0.014166666666666666
0 0.7877604166666666 0.06375 0.0067708333333333336 0.015833333333333335
1 0.5614583333333333 0.10083333333333333 0.0125 0.023333333333333334
1 0.8260416666666667 0.05708333333333333 0.004166666666666667 0.009166666666666667
1 0.85078125 0.05708333333333333 0.0067708333333333336 0.014166666666666666
0 0.859375 0.0525 0.00625 0.013333333333333334
0 0.8799479166666667 0.0525 0.0067708333333333336 0.015
1 0.8791666666666667 0.06166666666666667 0.008333333333333333 0.021666666666666667
0 0.9109375 0.04666666666666667 0.005208333333333333 0.013333333333333334
1 0.9369791666666667 0.05375 0.009375 0.019166666666666665
1 0.95 0.04583333333333333 0.00625 0.015
0 0.9768229166666667 0.04125 0.005729166666666666 0.014166666666666666