1 0.6072916666666667 0.6458333333333334 0.07604166666666666 0.15166666666666667
1 0.9557291666666666 0.5533333333333333 0.071875 0.10833333333333334
1 0.9744791666666667 0.46875 0.04583333333333333 0.07083333333333333
1 0.8033854166666666 0.41 0.027604166666666666 0.04666666666666667
1 0.6296875 0.3879166666666667 0.01875 0.03916666666666667
1 0.4388020833333333 0.3829166666666667 0.019270833333333334 0.03916666666666667
1 0.1125 0.3770833333333333 0.027083333333333334 0.04583333333333333
1 0.00390625 0.30041666666666667 0.0078125 0.015833333333333335
1 0.15208333333333332 0.30625 0.007291666666666667 0.0125
1 0.27421875 0.3104166666666667 0.0067708333333333336 0.0125
1 0.4588541666666667 0.315 0.00625 0.011666666666666667
1 0.53046875 0.31708333333333333 0.005729166666666666 0.010833333333333334
1 0.6020833333333333 0.31958333333333333 0.005208333333333333 0.010833333333333334
1 0.7940104166666667 0.32625 0.005729166666666666 0.009166666666666667
1 0.9583333333333334 0.33166666666666667 0.00625 0.01
0 0.765625 0.36875 0.016666666666666666 0.029166666666666667
0 0.55078125 0.35833333333333334 0.0140625 0.02666666666666667
0 0.40625 0.3516666666666667 0.0125 0.028333333333333332
0 0.16822916666666668 0.3466666666666667 0.014583333333333334 0.03
0 0.1203125 0.3075 0.008333333333333333 0.016666666666666666
0 0.2638020833333333 0.31333333333333335 0.0067708333333333336 0.013333333333333334
0 0.47213541666666664 0.3179166666666667 0.005729166666666666 0.0125
0 0.6239583333333333 0.3225 0.00625 0.011666666666666667
0 0.9458333333333333 0.3325 0.00625 0.011666666666666667
0 0.7052083333333333 0.32625 0.005208333333333333 0.010833333333333334
1 0.6747395833333333 0.3225 0.0067708333333333336 0.01
1 0.7385416666666667 0.32458333333333333 0.00625 0.010833333333333334
1 0.0328125 0.7129166666666666 0.065625 0.16583333333333333
1 0.8473958333333333 0.3279166666666667 0.004166666666666667 0.009166666666666667
0 0.89296875 0.33125 0.0036458333333333334 0.009166666666666667
0 0.7841145833333333 0.3283333333333333 0.0046875 0.011666666666666667
0 0.36640625 0.31708333333333333 0.008854166666666666 0.019166666666666665
0 0.53828125 0.3204166666666667 0.005729166666666666 0.0125
0 0.84140625 0.3304166666666667 0.005729166666666666 0.010833333333333334