1 0.23125 0.059166666666666666 0.0125 0.028333333333333332
1 0.32734375 0.07375 0.015104166666666667 0.029166666666666667
1 0.47213541666666664 0.09041666666666667 0.0140625 0.0325
1 0.6239583333333333 0.10791666666666666 0.014583333333333334 0.0375
1 0.80234375 0.15041666666666667 0.024479166666666666 0.049166666666666664
1 0.8653645833333333 0.22958333333333333 0.03802083333333333 0.0775
1 0.7416666666666667 0.405 0.078125 0.145
0 0.7947916666666667 0.10625 0.016666666666666666 0.030833333333333334
1 0.12734375 0.04791666666666667 0.013020833333333334 0.024166666666666666
0 0.6466145833333333 0.08625 0.011979166666666667 0.024166666666666666
0 0.5171875 0.07416666666666667 0.010416666666666666 0.025
0 0.396875 0.06333333333333334 0.009375 0.021666666666666667
0 0.3015625 0.05333333333333334 0.009375 0.021666666666666667
0 0.2 0.045 0.010416666666666666 0.021666666666666667
0 0.071875 0.035833333333333335 0.013541666666666667 0.025