1 0.45208333333333334 0.8520833333333333 0.12291666666666666 0.25916666666666666
1 0.8736979166666666 0.5733333333333334 0.0734375 0.115
1 0.8669270833333333 0.4404166666666667 0.0390625 0.0575
1 0.78984375 0.38625 0.022395833333333334 0.0375
1 0.72265625 0.3620833333333333 0.0140625 0.025833333333333333
1 0.6684895833333333 0.35083333333333333 0.011979166666666667 0.023333333333333334
1 0.5778645833333333 0.3433333333333333 0.008854166666666666 0.021666666666666667
1 0.45807291666666666 0.3375 0.0067708333333333336 0.02
1 0.34453125 0.33208333333333334 0.009895833333333333 0.020833333333333332
1 0.23333333333333334 0.32458333333333333 0.010416666666666666 0.019166666666666665
1 0.20442708333333334 0.31666666666666665 0.009895833333333333 0.018333333333333333
1 0.20078125 0.3125 0.0046875 0.015
1 0.23697916666666666 0.3095833333333333 0.007291666666666667 0.0125
0 0.90078125 0.365 0.0140625 0.023333333333333334
0 0.78046875 0.35041666666666665 0.0109375 0.019166666666666665
0 0.68046875 0.34 0.008854166666666666 0.018333333333333333
0 0.5986979166666667 0.335 0.0067708333333333336 0.016666666666666666
0 0.4036458333333333 0.3254166666666667 0.00625 0.0175
0 0.3697916666666667 0.30583333333333335 0.003125 0.01
1 0.29739583333333336 0.30875 0.005208333333333333 0.010833333333333334
1 0.2986979166666667 0.3016666666666667 0.0036458333333333334 0.008333333333333333
1 0.31588541666666664 0.305 0.0036458333333333334 0.008333333333333333
1 0.3143229166666667 0.30125 0.0026041666666666665 0.005833333333333334
1 0.35104166666666664 0.30125 0.003125 0.0075
0 0.39479166666666665 0.30875 0.003125 0.009166666666666667
0 0.41770833333333335 0.31333333333333335 0.003125 0.008333333333333333
0 0.4192708333333333 0.31083333333333335 0.0020833333333333333 0.006666666666666667
0 0.42942708333333335 0.30375 0.0026041666666666665 0.005833333333333334
1 0.43203125 0.305 0.0026041666666666665 0.005
0 0.50078125 0.3304166666666667 0.0046875 0.014166666666666666
0 0.5252604166666667 0.31166666666666665 0.0026041666666666665 0.006666666666666667
0 0.46953125 0.30583333333333335 0.0026041666666666665 0.005
0 0.5671875 0.3145833333333333 0.003125 0.0075
1 0.6059895833333333 0.31625 0.0026041666666666665 0.0075
0 0.6143229166666667 0.3175 0.0026041666666666665 0.008333333333333333
1 0.6721354166666667 0.32 0.0026041666666666665 0.006666666666666667
0 0.70390625 0.32208333333333333 0.0036458333333333334 0.009166666666666667
1 0.7447916666666666 0.32458333333333333 0.0020833333333333333 0.0075
0 0.7864583333333334 0.32708333333333334 0.004166666666666667 0.009166666666666667
1 0.8145833333333333 0.32875 0.003125 0.0075
0 0.8502604166666666 0.3304166666666667 0.0036458333333333334 0.009166666666666667
1 0.87421875 0.3308333333333333 0.0026041666666666665 0.006666666666666667
0 0.8989583333333333 0.3329166666666667 0.004166666666666667 0.009166666666666667
0 0.9546875 0.33541666666666664 0.004166666666666667 0.009166666666666667
1 0.9440104166666666 0.33375 0.0036458333333333334 0.0075
1 0.9971354166666667 0.3358333333333333 0.0036458333333333334 0.008333333333333333