0 0.8263020833333333 0.61375 0.05260416666666667 0.09083333333333334
0 0.5182291666666666 0.5583333333333333 0.030208333333333334 0.06
0 0.27708333333333335 0.53375 0.026041666666666668 0.04583333333333333
0 0.26848958333333334 0.4725 0.009895833333333333 0.021666666666666667
0 0.36380208333333336 0.46375 0.008854166666666666 0.019166666666666665
0 0.4518229166666667 0.4554166666666667 0.0067708333333333336 0.015833333333333335
0 0.4861979166666667 0.44958333333333333 0.0067708333333333336 0.014166666666666666
0 0.4744791666666667 0.4454166666666667 0.00625 0.0125
0 0.46380208333333334 0.44125 0.0046875 0.010833333333333334
1 0.4044270833333333 0.43916666666666665 0.0036458333333333334 0.01
1 0.38359375 0.44666666666666666 0.005729166666666666 0.011666666666666667
1 0.39010416666666664 0.4508333333333333 0.00625 0.013333333333333334
1 0.28880208333333335 0.46166666666666667 0.0078125 0.015
1 0.043229166666666666 0.4866666666666667 0.014583333333333334 0.021666666666666667
0 0.16380208333333332 0.48625 0.013020833333333334 0.024166666666666666
0 0.09296875 0.5045833333333334 0.016145833333333335 0.030833333333333334
0 0.13645833333333332 0.52 0.019791666666666666 0.03833333333333333
1 0.97734375 0.42916666666666664 0.0078125 0.013333333333333334
1 0.8354166666666667 0.43166666666666664 0.005208333333333333 0.011666666666666667
1 0.7703125 0.43166666666666664 0.00625 0.01
1 0.7322916666666667 0.43041666666666667 0.005208333333333333 0.009166666666666667
1 0.4361979166666667 0.43625 0.0046875 0.009166666666666667
0 0.7533854166666667 0.4370833333333333 0.0067708333333333336 0.014166666666666666
0 0.8419270833333333 0.43583333333333335 0.005729166666666666 0.013333333333333334
0 0.6674479166666667 0.43333333333333335 0.0046875 0.011666666666666667
0 0.6932291666666667 0.43583333333333335 0.005208333333333333 0.011666666666666667
0 0.62578125 0.43125 0.0036458333333333334 0.010833333333333334
0 0.575 0.4320833333333333 0.004166666666666667 0.009166666666666667
0 0.52734375 0.43375 0.0046875 0.009166666666666667
0 0.48151041666666666 0.43625 0.0046875 0.010833333333333334
0 0.45807291666666666 0.4395833333333333 0.005729166666666666 0.010833333333333334
1 0.6958333333333333 0.42875 0.003125 0.009166666666666667
1 0.6484375 0.42833333333333334 0.003125 0.008333333333333333
1 0.5901041666666667 0.4295833333333333 0.003125 0.0075
1 0.5380208333333333 0.43125 0.003125 0.0075
1 0.4861979166666667 0.43416666666666665 0.0036458333333333334 0.008333333333333333
1 0.38567708333333334 0.44333333333333336 0.0036458333333333334 0.01
1 0.3671875 0.45458333333333334 0.00625 0.014166666666666666
1 0.16484375 0.47291666666666665 0.008854166666666666 0.019166666666666665