1 0.9213541666666667 0.4425 0.007291666666666667 0.013333333333333334
1 0.84453125 0.4425 0.0067708333333333336 0.013333333333333334
1 0.7486979166666666 0.44375 0.005729166666666666 0.0125
1 0.67578125 0.4475 0.005729166666666666 0.013333333333333334
1 0.6322916666666667 0.45208333333333334 0.007291666666666667 0.015833333333333335
1 0.5763020833333333 0.4608333333333333 0.008854166666666666 0.018333333333333333
1 0.5356770833333333 0.4716666666666667 0.009895833333333333 0.021666666666666667
1 0.4747395833333333 0.49125 0.013020833333333334 0.029166666666666667
1 0.38333333333333336 0.5533333333333333 0.028125 0.055
1 0.004166666666666667 0.465 0.007291666666666667 0.011666666666666667
1 0.01640625 0.46958333333333335 0.0078125 0.014166666666666666
1 0.1953125 0.7216666666666667 0.06666666666666667 0.13166666666666665
0 0.9315104166666667 0.4483333333333333 0.008854166666666666 0.018333333333333333
0 0.8171875 0.44958333333333333 0.007291666666666667 0.0175
0 0.74921875 0.45416666666666666 0.0067708333333333336 0.015
0 0.7122395833333334 0.46041666666666664 0.0078125 0.019166666666666665
0 0.6895833333333333 0.48083333333333333 0.011458333333333333 0.02666666666666667
0 0.6901041666666666 0.5104166666666666 0.016666666666666666 0.0325
0 0.8221354166666667 0.6183333333333333 0.0515625 0.085