1 0.4140625 0.6804166666666667 0.07604166666666666 0.16916666666666666
1 0.8643229166666667 0.56375 0.07135416666666666 0.10416666666666667
1 0.8552083333333333 0.37 0.013541666666666667 0.025
1 0.6684895833333333 0.36125 0.013020833333333334 0.025833333333333333
1 0.5296875 0.3545833333333333 0.011458333333333333 0.025833333333333333
1 0.33098958333333334 0.34375 0.013020833333333334 0.024166666666666666
1 0.20130208333333333 0.3333333333333333 0.011979166666666667 0.021666666666666667
1 0.12109375 0.325 0.011979166666666667 0.021666666666666667
1 0.06822916666666666 0.3154166666666667 0.011458333333333333 0.019166666666666665
1 0.047135416666666666 0.31 0.009895833333333333 0.016666666666666666
0 0.8921875 0.3570833333333333 0.009375 0.019166666666666665
0 0.7388020833333333 0.35208333333333336 0.009895833333333333 0.019166666666666665
0 0.5880208333333333 0.3458333333333333 0.008333333333333333 0.023333333333333334
0 0.43515625 0.33875 0.0078125 0.019166666666666665
0 0.33697916666666666 0.33166666666666667 0.009375 0.018333333333333333
0 0.21588541666666666 0.32083333333333336 0.008854166666666666 0.018333333333333333
0 0.16901041666666666 0.31583333333333335 0.0078125 0.015
0 0.1828125 0.3125 0.007291666666666667 0.015
1 0.07421875 0.30625 0.0078125 0.014166666666666666
1 0.14348958333333334 0.30625 0.0067708333333333336 0.0125
1 0.19375 0.3070833333333333 0.005208333333333333 0.0125
1 0.30052083333333335 0.31 0.005208333333333333 0.01
0 0.31171875 0.31333333333333335 0.005729166666666666 0.011666666666666667
0 0.24114583333333334 0.3120833333333333 0.007291666666666667 0.0125
0 0.3640625 0.315 0.004166666666666667 0.011666666666666667
1 0.3736979166666667 0.3120833333333333 0.0046875 0.010833333333333334
0 0.47369791666666666 0.3175 0.005729166666666666 0.011666666666666667
0 0.5744791666666667 0.32208333333333333 0.005208333333333333 0.0125
1 0.5614583333333333 0.31875 0.004166666666666667 0.009166666666666667
1 0.6322916666666667 0.3225 0.004166666666666667 0.01
0 0.65390625 0.3258333333333333 0.0046875 0.011666666666666667
0 0.7395833333333334 0.3304166666666667 0.005208333333333333 0.010833333333333334
1 0.70859375 0.32666666666666666 0.0036458333333333334 0.01
1 0.7697916666666667 0.32958333333333334 0.004166666666666667 0.009166666666666667
1 0.8359375 0.33208333333333334 0.004166666666666667 0.009166666666666667
0 0.79609375 0.33208333333333334 0.005729166666666666 0.010833333333333334
0 0.87265625 0.33541666666666664 0.005729166666666666 0.010833333333333334
0 0.9520833333333333 0.3375 0.004166666666666667 0.011666666666666667
1 0.9059895833333333 0.33458333333333334 0.0046875 0.009166666666666667
1 0.9708333333333333 0.33625 0.00625 0.009166666666666667
1 0.24140625 0.30791666666666667 0.0046875 0.010833333333333334
1 0.4708333333333333 0.31583333333333335 0.005208333333333333 0.011666666666666667