1 0.3255208333333333 0.3491666666666667 0.029166666666666667 0.056666666666666664
1 0.3729166666666667 0.3120833333333333 0.023958333333333335 0.04416666666666667
1 0.4049479166666667 0.29833333333333334 0.0234375 0.02666666666666667
1 0.43385416666666665 0.28375 0.020833333333333332 0.024166666666666666
1 0.6216145833333333 0.33208333333333334 0.022395833333333334 0.029166666666666667
0 0.7348958333333333 0.5708333333333333 0.06770833333333333 0.095
0 0.6973958333333333 0.44083333333333335 0.05 0.058333333333333334
0 0.6450520833333333 0.37083333333333335 0.0234375 0.055
0 0.6203125 0.2825 0.010416666666666666 0.028333333333333332
0 0.634375 0.3120833333333333 0.014583333333333334 0.0375
0 0.6263020833333334 0.3 0.015104166666666667 0.023333333333333334