0 0.6541666666666667 0.37833333333333335 0.065625 0.14833333333333334
0 0.94765625 0.11083333333333334 0.027604166666666666 0.04833333333333333
0 0.9356770833333333 0.06 0.0140625 0.028333333333333332
0 0.8640625 0.06 0.011458333333333333 0.023333333333333334
0 0.6276041666666666 0.13541666666666666 0.021875 0.04583333333333333
0 0.32578125 0.15875 0.021354166666666667 0.04416666666666667
0 0.07552083333333333 0.17458333333333334 0.026041666666666668 0.0425
1 0.8841145833333334 0.04541666666666667 0.009895833333333333 0.015833333333333335
1 0.83125 0.08708333333333333 0.016666666666666666 0.0325
1 0.8049479166666667 0.08083333333333333 0.0140625 0.028333333333333332
1 0.8057291666666667 0.052083333333333336 0.007291666666666667 0.0175
1 0.75703125 0.07416666666666667 0.011979166666666667 0.025
1 0.74921875 0.059166666666666666 0.0078125 0.016666666666666666
1 0.7231770833333333 0.09875 0.015104166666666667 0.0325
1 0.7145833333333333 0.07041666666666667 0.009375 0.020833333333333332
1 0.70859375 0.06541666666666666 0.005729166666666666 0.0175
1 0.5497395833333333 0.11083333333333334 0.016145833333333335 0.03333333333333333
1 0.3723958333333333 0.12625 0.015625 0.0325
1 0.23072916666666668 0.13375 0.015625 0.030833333333333334
1 0.17369791666666667 0.13125 0.0140625 0.029166666666666667
1 0.16015625 0.12541666666666668 0.009895833333333333 0.025833333333333333
1 0.15 0.11916666666666667 0.009375 0.023333333333333334
1 0.13958333333333334 0.11541666666666667 0.010416666666666666 0.020833333333333332
1 0.11328125 0.11333333333333333 0.009895833333333333 0.02
1 0.041666666666666664 0.11416666666666667 0.011458333333333333 0.02
0 0.00390625 0.12958333333333333 0.0078125 0.020833333333333332