1 0.440625 0.57 0.0375 0.065
1 0.69296875 0.5208333333333334 0.0203125 0.043333333333333335
1 0.8143229166666667 0.50375 0.0171875 0.0325
1 0.8020833333333334 0.48875 0.015625 0.029166666666666667
1 0.7078125 0.47041666666666665 0.010416666666666666 0.020833333333333332
1 0.6627604166666666 0.45916666666666667 0.008854166666666666 0.018333333333333333
1 0.6830729166666667 0.44875 0.0067708333333333336 0.014166666666666666
1 0.7458333333333333 0.4479166666666667 0.00625 0.0125
1 0.8221354166666667 0.44875 0.005729166666666666 0.0125
1 0.9135416666666667 0.4508333333333333 0.00625 0.013333333333333334
1 0.6591145833333333 0.45166666666666666 0.005729166666666666 0.015
0 0.9421875 0.485 0.015625 0.028333333333333332
0 0.9263020833333333 0.4554166666666667 0.008854166666666666 0.015833333333333335
0 0.840625 0.4533333333333333 0.007291666666666667 0.015
0 0.82890625 0.46875 0.0109375 0.020833333333333332
0 0.771875 0.45916666666666667 0.008333333333333333 0.018333333333333333
0 0.7765625 0.4533333333333333 0.00625 0.015
1 0.01875 0.7575 0.0375 0.12333333333333334