1 0.028125 0.24541666666666667 0.03333333333333333 0.0575
1 0.28671875 0.195 0.022395833333333334 0.041666666666666664
1 0.48046875 0.1675 0.0171875 0.035
1 0.6286458333333333 0.15125 0.011458333333333333 0.0325
1 0.74375 0.13625 0.011458333333333333 0.0325
1 0.8403645833333333 0.12375 0.013020833333333334 0.0325
0 0.78828125 0.15708333333333332 0.021354166666666667 0.04416666666666667
0 0.5752604166666667 0.18625 0.021354166666666667 0.04416666666666667
0 0.3765625 0.23666666666666666 0.034375 0.06
0 0.07630208333333334 0.3425 0.05572916666666667 0.09833333333333333
0 0.07942708333333333 0.5633333333333334 0.09635416666666667 0.195
0 0.31197916666666664 0.13416666666666666 0.004166666666666667 0.01
0 0.3067708333333333 0.13375 0.004166666666666667 0.009166666666666667
0 0.33880208333333334 0.13166666666666665 0.0036458333333333334 0.01
0 0.34348958333333335 0.13166666666666665 0.0026041666666666665 0.008333333333333333
0 0.37994791666666666 0.12833333333333333 0.0036458333333333334 0.01
0 0.38671875 0.12958333333333333 0.0036458333333333334 0.010833333333333334
0 0.39453125 0.13125 0.0036458333333333334 0.014166666666666666
0 0.4 0.13291666666666666 0.005208333333333333 0.015833333333333335
0 0.4205729166666667 0.12833333333333333 0.0036458333333333334 0.013333333333333334
0 0.4421875 0.12958333333333333 0.005208333333333333 0.0175
0 0.4265625 0.12791666666666668 0.003125 0.0125
0 0.5145833333333333 0.12458333333333334 0.004166666666666667 0.0175
0 0.6739583333333333 0.11333333333333333 0.004166666666666667 0.015
0 0.7393229166666667 0.10958333333333334 0.0046875 0.0175
0 0.9856770833333334 0.13125 0.025520833333333333 0.03916666666666667
0 0.8994791666666667 0.09875 0.00625 0.019166666666666665
1 0.24479166666666666 0.13916666666666666 0.005208333333333333 0.01
1 0.2609375 0.13833333333333334 0.005208333333333333 0.01
1 0.3067708333333333 0.14166666666666666 0.00625 0.013333333333333334
1 0.30104166666666665 0.14041666666666666 0.004166666666666667 0.0125
1 0.33046875 0.13666666666666666 0.005729166666666666 0.011666666666666667
1 0.34791666666666665 0.13958333333333334 0.00625 0.014166666666666666
1 0.3533854166666667 0.13375 0.0046875 0.010833333333333334
1 0.40625 0.13583333333333333 0.007291666666666667 0.016666666666666666
1 0.5114583333333333 0.12791666666666668 0.00625 0.0175
1 0.59765625 0.12208333333333334 0.005729166666666666 0.0175
0 0.59453125 0.11875 0.0036458333333333334 0.014166666666666666
1 0.6846354166666667 0.11541666666666667 0.0067708333333333336 0.015833333333333335
1 0.7505208333333333 0.1125 0.00625 0.015
1 0.796875 0.10958333333333334 0.007291666666666667 0.015833333333333335
1 0.8864583333333333 0.11666666666666667 0.011458333333333333 0.02666666666666667
1 0.8809895833333333 0.11083333333333334 0.008854166666666666 0.021666666666666667
0 0.9713541666666666 0.09458333333333334 0.011458333333333333 0.0225
1 0.29765625 0.13708333333333333 0.0036458333333333334 0.010833333333333334
1 0.8434895833333333 0.10791666666666666 0.0067708333333333336 0.0175
1 0.6697916666666667 0.11041666666666666 0.003125 0.009166666666666667
1 0.32421875 0.13208333333333333 0.0026041666666666665 0.0075
1 0.3734375 0.12916666666666668 0.003125 0.008333333333333333
1 0.3455729166666667 0.13458333333333333 0.0026041666666666665 0.009166666666666667
1 0.2796875 0.13583333333333333 0.003125 0.008333333333333333
1 0.5494791666666666 0.11833333333333333 0.003125 0.008333333333333333
0 0.5591145833333333 0.11708333333333333 0.0036458333333333334 0.010833333333333334
0 0.6122395833333333 0.11375 0.0036458333333333334 0.010833333333333334
0 0.7096354166666666 0.10666666666666667 0.0026041666666666665 0.008333333333333333
1 0.7481770833333333 0.105 0.0036458333333333334 0.008333333333333333
0 0.8184895833333333 0.105 0.005729166666666666 0.013333333333333334
0 0.50703125 0.12166666666666667 0.0036458333333333334 0.011666666666666667