0 0.25104166666666666 0.22875 0.010416666666666666 0.020833333333333332
1 0.2903645833333333 0.24208333333333334 0.0140625 0.025833333333333333
0 0.32864583333333336 0.21916666666666668 0.008333333333333333 0.018333333333333333
0 0.38984375 0.20833333333333334 0.0078125 0.015
1 0.4041666666666667 0.22916666666666666 0.009375 0.02
0 0.42864583333333334 0.20166666666666666 0.004166666666666667 0.011666666666666667
1 0.44088541666666664 0.21791666666666668 0.0078125 0.0175
0 0.45364583333333336 0.19708333333333333 0.005208333333333333 0.010833333333333334
0 0.4708333333333333 0.19458333333333333 0.004166666666666667 0.009166666666666667
1 0.48072916666666665 0.20458333333333334 0.007291666666666667 0.014166666666666666
1 0.5028645833333333 0.19833333333333333 0.005729166666666666 0.011666666666666667
1 0.5151041666666667 0.19541666666666666 0.004166666666666667 0.010833333333333334
1 0.51171875 0.20875 0.0067708333333333336 0.015833333333333335
1 0.52265625 0.19333333333333333 0.0046875 0.01
1 0.5236979166666667 0.20375 0.0078125 0.015833333333333335
1 0.54453125 0.21416666666666667 0.008854166666666666 0.016666666666666666
1 0.5442708333333334 0.19916666666666666 0.00625 0.011666666666666667
1 0.5578125 0.19708333333333333 0.005208333333333333 0.0125
1 0.5669270833333333 0.19541666666666666 0.0046875 0.010833333333333334
1 0.5796875 0.19333333333333333 0.003125 0.01
0 0.6197916666666666 0.19416666666666665 0.0020833333333333333 0.01
0 0.6177083333333333 0.19791666666666666 0.0020833333333333333 0.009166666666666667
0 0.6130208333333333 0.20458333333333334 0.00625 0.0175
1 0.6083333333333333 0.21916666666666668 0.008333333333333333 0.02
0 0.6450520833333333 0.20916666666666667 0.0067708333333333336 0.016666666666666666
0 0.7197916666666667 0.21375 0.008333333333333333 0.020833333333333332
1 0.7002604166666667 0.22625 0.011979166666666667 0.024166666666666666
0 0.79609375 0.21791666666666668 0.009895833333333333 0.024166666666666666
0 0.9614583333333333 0.22541666666666665 0.017708333333333333 0.029166666666666667
1 0.80703125 0.23666666666666666 0.016145833333333335 0.028333333333333332
1 0.7838541666666666 0.3545833333333333 0.042708333333333334 0.0725
1 0.9520833333333333 0.2966666666666667 0.03854166666666667 0.055
1 0.98359375 0.25875 0.0265625 0.03916666666666667
1 0.3619791666666667 0.5216666666666666 0.05416666666666667 0.13833333333333334
0 0.378125 0.16708333333333333 0.004166666666666667 0.0125
0 0.3734375 0.17 0.003125 0.011666666666666667