1 0.4479166666666667 0.6725 0.096875 0.19
1 0.225 0.28625 0.011458333333333333 0.020833333333333332
1 0.2830729166666667 0.29875 0.0109375 0.025833333333333333
1 0.3125 0.31125 0.014583333333333334 0.0325
1 0.44765625 0.3304166666666667 0.0171875 0.03916666666666667
1 0.71015625 0.3308333333333333 0.021354166666666667 0.043333333333333335
1 0.9729166666666667 0.4479166666666667 0.05416666666666667 0.1025
0 0.9927083333333333 0.28208333333333335 0.014583333333333334 0.029166666666666667
0 0.6658854166666667 0.28958333333333336 0.015104166666666667 0.0275
0 0.07083333333333333 0.28125 0.010416666666666666 0.0175
0 0.5192708333333333 0.285 0.011458333333333333 0.023333333333333334
0 0.44973958333333336 0.27958333333333335 0.009895833333333333 0.019166666666666665
0 0.38828125 0.27375 0.0078125 0.020833333333333332
0 0.30911458333333336 0.2708333333333333 0.0067708333333333336 0.018333333333333333