0 0.49921875 0.4608333333333333 0.08802083333333334 0.17166666666666666
1 0.20911458333333333 0.13375 0.0140625 0.030833333333333334
1 0.35520833333333335 0.11958333333333333 0.014583333333333334 0.029166666666666667
1 0.4942708333333333 0.10708333333333334 0.014583333333333334 0.030833333333333334
1 0.6309895833333333 0.09083333333333334 0.0140625 0.028333333333333332
1 0.76875 0.06875 0.0125 0.025833333333333333
0 0.8002604166666667 0.08625 0.015104166666666667 0.034166666666666665
0 0.6893229166666667 0.10833333333333334 0.018229166666666668 0.03833333333333333
0 0.4796875 0.13083333333333333 0.017708333333333333 0.03833333333333333
0 0.3145833333333333 0.14375 0.019791666666666666 0.03916666666666667
0 0.05572916666666667 0.16833333333333333 0.026041666666666668 0.041666666666666664
0 0.9458333333333333 0.05291666666666667 0.014583333333333334 0.029166666666666667
1 0.8731770833333333 0.050416666666666665 0.0109375 0.020833333333333332