1 0.9666666666666667 0.4483333333333333 0.010416666666666666 0.016666666666666666
1 0.86015625 0.44875 0.009895833333333333 0.0175
1 0.7515625 0.45125 0.008333333333333333 0.0175
1 0.6494791666666667 0.4558333333333333 0.009375 0.018333333333333333
1 0.5703125 0.4683333333333333 0.010416666666666666 0.023333333333333334
1 0.5010416666666667 0.49166666666666664 0.017708333333333333 0.03166666666666667
1 0.36223958333333334 0.5616666666666666 0.034895833333333334 0.058333333333333334
0 0.7424479166666667 0.47625 0.013020833333333334 0.0275
0 0.9434895833333333 0.46 0.013020833333333334 0.023333333333333334
0 0.8106770833333333 0.46625 0.013020833333333334 0.0225
0 0.74140625 0.505 0.018229166666666668 0.035
0 0.82421875 0.5875 0.044270833333333336 0.075