0 0.859375 0.31666666666666665 0.022916666666666665 0.028333333333333332
0 0.7091145833333333 0.3175 0.016145833333333335 0.025
0 0.5825520833333333 0.31625 0.0171875 0.030833333333333334
0 0.40338541666666666 0.31583333333333335 0.013020833333333334 0.02666666666666667
0 0.34869791666666666 0.32 0.0171875 0.02
0 0.2747395833333333 0.3175 0.009895833333333333 0.025
1 0.21536458333333333 0.34625 0.0203125 0.019166666666666665
1 0.2872395833333333 0.34708333333333335 0.016145833333333335 0.025833333333333333
1 0.36744791666666665 0.34541666666666665 0.015104166666666667 0.034166666666666665
1 0.4583333333333333 0.32083333333333336 0.013541666666666667 0.021666666666666667
1 0.49609375 0.3466666666666667 0.022395833333333334 0.03833333333333333