1 0.9341145833333333 0.44416666666666665 0.0067708333333333336 0.013333333333333334
1 0.8388020833333333 0.44166666666666665 0.0046875 0.011666666666666667
1 0.7731770833333333 0.4395833333333333 0.0046875 0.010833333333333334
1 0.7236979166666667 0.43916666666666665 0.0046875 0.011666666666666667
1 0.6755208333333333 0.43916666666666665 0.004166666666666667 0.01
1 0.6088541666666667 0.4404166666666667 0.004166666666666667 0.010833333333333334
1 0.553125 0.4425 0.005208333333333333 0.011666666666666667
1 0.5184895833333333 0.4454166666666667 0.005729166666666666 0.010833333333333334
1 0.47630208333333335 0.4508333333333333 0.005729166666666666 0.013333333333333334
1 0.44583333333333336 0.45625 0.007291666666666667 0.014166666666666666
1 0.4075520833333333 0.465 0.008854166666666666 0.018333333333333333
1 0.37109375 0.48375 0.011979166666666667 0.024166666666666666
1 0.3421875 0.5058333333333334 0.015625 0.03333333333333333
1 0.24401041666666667 0.5825 0.03802083333333333 0.065
0 0.8520833333333333 0.44666666666666666 0.00625 0.015
0 0.7947916666666667 0.44416666666666665 0.005208333333333333 0.013333333333333334
0 0.7190104166666667 0.44166666666666665 0.005729166666666666 0.013333333333333334
0 0.64921875 0.44333333333333336 0.0046875 0.011666666666666667
0 0.6005208333333333 0.445 0.005208333333333333 0.013333333333333334
0 0.5690104166666666 0.44958333333333333 0.005729166666666666 0.014166666666666666
0 0.5421875 0.45875 0.007291666666666667 0.0175
0 0.5302083333333333 0.46875 0.008333333333333333 0.020833333333333332
0 0.5458333333333333 0.49 0.0125 0.028333333333333332
0 0.6390625 0.5370833333333334 0.025 0.049166666666666664