0 0.5802083333333333 0.5575 0.030208333333333334 0.05333333333333334
0 0.4197916666666667 0.5283333333333333 0.017708333333333333 0.035
0 0.27630208333333334 0.5266666666666666 0.015104166666666667 0.028333333333333332
0 0.11588541666666667 0.5370833333333334 0.022395833333333334 0.034166666666666665
0 0.9963541666666667 0.42041666666666666 0.004166666666666667 0.009166666666666667
0 0.9466145833333334 0.42333333333333334 0.0036458333333333334 0.008333333333333333
0 0.9010416666666666 0.4266666666666667 0.004166666666666667 0.01
0 0.8393229166666667 0.43083333333333335 0.0036458333333333334 0.008333333333333333
0 0.7958333333333333 0.43416666666666665 0.004166666666666667 0.008333333333333333
1 0.05703125 0.6058333333333333 0.03697916666666667 0.06166666666666667
1 0.8622395833333333 0.42791666666666667 0.0026041666666666665 0.005833333333333334
0 0.971875 0.8145833333333333 0.05520833333333333 0.1825
1 0.009114583333333334 0.7270833333333333 0.018229166666666668 0.019166666666666665
1 0.7856770833333333 0.4325 0.0026041666666666665 0.006666666666666667
1 0.7390625 0.43625 0.0020833333333333333 0.0075
1 0.6966145833333334 0.4395833333333333 0.0015625 0.005833333333333334
1 0.6372395833333333 0.44416666666666665 0.0015625 0.006666666666666667
1 0.5817708333333333 0.4475 0.0020833333333333333 0.006666666666666667
1 0.5104166666666666 0.4529166666666667 0.0020833333333333333 0.005833333333333334
1 0.42890625 0.4579166666666667 0.0015625 0.005833333333333334
1 0.190625 0.47291666666666665 0.0020833333333333333 0.005833333333333334
1 0.12057291666666667 0.4766666666666667 0.0026041666666666665 0.006666666666666667
1 0.04869791666666667 0.4820833333333333 0.0026041666666666665 0.0075
0 0.034895833333333334 0.48541666666666666 0.003125 0.009166666666666667
0 0.10338541666666666 0.4795833333333333 0.0036458333333333334 0.009166666666666667
0 0.16744791666666667 0.475 0.0026041666666666665 0.008333333333333333
0 0.21171875 0.47375 0.0026041666666666665 0.009166666666666667
0 0.23671875 0.4741666666666667 0.0026041666666666665 0.008333333333333333
0 0.3497395833333333 0.46708333333333335 0.0036458333333333334 0.010833333333333334
0 0.459375 0.4575 0.003125 0.008333333333333333
0 0.5497395833333333 0.4508333333333333 0.0026041666666666665 0.008333333333333333
0 0.61328125 0.44708333333333333 0.0026041666666666665 0.0075
0 0.6575520833333334 0.44458333333333333 0.0026041666666666665 0.009166666666666667
0 0.7052083333333333 0.4404166666666667 0.0020833333333333333 0.0075
0 0.7505208333333333 0.4375 0.0020833333333333333 0.006666666666666667
1 0.9559895833333333 0.42125 0.0026041666666666665 0.0075