1 0.27109375 0.705 0.06822916666666666 0.115
1 0.4765625 0.5375 0.022916666666666665 0.04833333333333333
1 0.5690104166666666 0.49083333333333334 0.015104166666666667 0.028333333333333332
1 0.6260416666666667 0.47208333333333335 0.010416666666666666 0.0225
1 0.6989583333333333 0.46041666666666664 0.008333333333333333 0.019166666666666665
1 0.7984375 0.455 0.007291666666666667 0.016666666666666666
1 0.9075520833333334 0.4508333333333333 0.009895833333333333 0.018333333333333333
0 0.9869791666666666 0.45958333333333334 0.014583333333333334 0.0225
0 0.8541666666666666 0.4666666666666667 0.014583333333333334 0.023333333333333334
0 0.8307291666666666 0.5470833333333334 0.03333333333333333 0.05583333333333333
0 0.7875 0.47541666666666665 0.009375 0.025833333333333333
0 0.7809895833333333 0.4975 0.016145833333333335 0.03333333333333333