1 0.3377604166666667 0.5283333333333333 0.0265625 0.04666666666666667
1 0.428125 0.48041666666666666 0.014583333333333334 0.025833333333333333
1 0.46067708333333335 0.4583333333333333 0.008854166666666666 0.018333333333333333
1 0.4713541666666667 0.4479166666666667 0.00625 0.014166666666666666
1 0.48359375 0.44208333333333333 0.005729166666666666 0.0125
1 0.49296875 0.4375 0.0067708333333333336 0.011666666666666667
1 0.5151041666666667 0.435 0.005208333333333333 0.01
0 0.69375 0.5383333333333333 0.025 0.051666666666666666
0 0.6145833333333334 0.47833333333333333 0.0125 0.028333333333333332
0 0.584375 0.4579166666666667 0.007291666666666667 0.0175
0 0.5677083333333334 0.44625 0.00625 0.014166666666666666
0 0.5901041666666667 0.4345833333333333 0.005208333333333333 0.010833333333333334
1 0.8190104166666666 0.43416666666666665 0.005729166666666666 0.011666666666666667
1 0.8768229166666667 0.4345833333333333 0.005729166666666666 0.0125
0 0.9247395833333333 0.44125 0.0078125 0.014166666666666666
0 0.8333333333333334 0.4375 0.007291666666666667 0.013333333333333334
0 0.76796875 0.43583333333333335 0.005729166666666666 0.011666666666666667
0 0.6328125 0.43333333333333335 0.004166666666666667 0.011666666666666667
1 0.5552083333333333 0.4325 0.004166666666666667 0.01
1 0.6 0.4320833333333333 0.004166666666666667 0.009166666666666667
1 0.6401041666666667 0.43125 0.004166666666666667 0.009166666666666667
1 0.759375 0.43291666666666667 0.005208333333333333 0.009166666666666667
1 0.9421875 0.43666666666666665 0.00625 0.011666666666666667
0 0.9770833333333333 0.7833333333333333 0.04479166666666667 0.12
0 0.69453125 0.4345833333333333 0.0046875 0.009166666666666667
1 0.6924479166666667 0.43166666666666664 0.0026041666666666665 0.008333333333333333
0 0.5653645833333333 0.44125 0.0026041666666666665 0.0075
0 0.5635416666666667 0.4370833333333333 0.0020833333333333333 0.009166666666666667