0 0.68828125 0.6558333333333334 0.12864583333333332 0.25333333333333335
0 0.18645833333333334 0.15625 0.015625 0.030833333333333334
0 0.8588541666666667 0.1025 0.0125 0.02666666666666667
1 0.24140625 0.13666666666666666 0.0109375 0.023333333333333334
1 0.40520833333333334 0.12166666666666667 0.009375 0.021666666666666667
1 0.5294270833333333 0.11208333333333333 0.009895833333333333 0.020833333333333332
1 0.7880208333333333 0.09875 0.009375 0.019166666666666665
1 0.67109375 0.10416666666666667 0.008854166666666666 0.02
0 0.31536458333333334 0.14166666666666666 0.0140625 0.028333333333333332
0 0.7192708333333333 0.11083333333333334 0.011458333333333333 0.023333333333333334
0 0.0546875 0.1725 0.022916666666666665 0.03833333333333333
1 0.08151041666666667 0.15208333333333332 0.016145833333333335 0.025833333333333333
0 0.44166666666666665 0.13041666666666665 0.013541666666666667 0.025833333333333333
0 0.553125 0.12166666666666667 0.0125 0.025
1 0.7161458333333334 0.08916666666666667 0.005208333333333333 0.011666666666666667
1 0.7302083333333333 0.08833333333333333 0.005208333333333333 0.013333333333333334
1 0.7390625 0.08708333333333333 0.005208333333333333 0.010833333333333334
1 0.7669270833333334 0.08708333333333333 0.005729166666666666 0.014166666666666666
0 0.78828125 0.08416666666666667 0.0046875 0.01
0 0.7986979166666667 0.08583333333333333 0.0067708333333333336 0.013333333333333334
0 0.8174479166666667 0.08375 0.005729166666666666 0.0125
1 0.8229166666666666 0.08541666666666667 0.00625 0.014166666666666666
0 0.85 0.08333333333333333 0.007291666666666667 0.015
0 0.8731770833333333 0.08166666666666667 0.0067708333333333336 0.013333333333333334
1 0.8869791666666667 0.0825 0.008333333333333333 0.013333333333333334
1 0.9018229166666667 0.09 0.009895833333333333 0.02
0 0.9239583333333333 0.0775 0.007291666666666667 0.013333333333333334
0 0.9591145833333333 0.07625 0.009895833333333333 0.0175
0 0.9669270833333333 0.09375 0.016145833333333335 0.029166666666666667
1 0.9861979166666667 0.07541666666666667 0.0109375 0.0175