1 0.1515625 0.68625 0.07604166666666666 0.1175
1 0.43645833333333334 0.5479166666666667 0.028125 0.05583333333333333
1 0.5278645833333333 0.5033333333333333 0.016145833333333335 0.03666666666666667
1 0.5763020833333333 0.4816666666666667 0.0140625 0.028333333333333332
1 0.5684895833333333 0.46875 0.008854166666666666 0.0225
1 0.5247395833333334 0.45958333333333334 0.008854166666666666 0.019166666666666665
1 0.46848958333333335 0.45458333333333334 0.0067708333333333336 0.015833333333333335
1 0.41380208333333335 0.4533333333333333 0.005729166666666666 0.015
1 0.36614583333333334 0.4533333333333333 0.007291666666666667 0.016666666666666666
1 0.3078125 0.45708333333333334 0.007291666666666667 0.014166666666666666
1 0.2171875 0.46375 0.009375 0.0175
1 0.10364583333333334 0.4716666666666667 0.010416666666666666 0.018333333333333333
0 0.8346354166666666 0.57625 0.04114583333333333 0.07083333333333333
0 0.8171875 0.5029166666666667 0.021875 0.0375
0 0.7872395833333333 0.4791666666666667 0.013020833333333334 0.028333333333333332
0 0.6932291666666667 0.45916666666666667 0.010416666666666666 0.02
0 0.6111979166666667 0.4525 0.0078125 0.016666666666666666
0 0.5395833333333333 0.4475 0.00625 0.015
0 0.6278645833333333 0.43875 0.005729166666666666 0.010833333333333334
0 0.66484375 0.44 0.0067708333333333336 0.013333333333333334
0 0.72734375 0.44166666666666665 0.0067708333333333336 0.013333333333333334
0 0.8203125 0.4425 0.007291666666666667 0.015
0 0.8916666666666667 0.44125 0.008333333333333333 0.014166666666666666
0 0.9208333333333333 0.4379166666666667 0.007291666666666667 0.014166666666666666
0 0.9502604166666667 0.4354166666666667 0.005729166666666666 0.010833333333333334
0 0.9692708333333333 0.43375 0.005208333333333333 0.010833333333333334
0 0.9979166666666667 0.4320833333333333 0.004166666666666667 0.009166666666666667
0 0.69140625 0.43375 0.0036458333333333334 0.009166666666666667
0 0.6505208333333333 0.43625 0.004166666666666667 0.010833333333333334
0 0.6333333333333333 0.4379166666666667 0.004166666666666667 0.010833333333333334
0 0.6721354166666667 0.4354166666666667 0.0046875 0.010833333333333334
0 0.47317708333333336 0.44666666666666666 0.0067708333333333336 0.013333333333333334
0 0.40651041666666665 0.44875 0.005729166666666666 0.014166666666666666
0 0.340625 0.45166666666666666 0.00625 0.013333333333333334
0 0.2828125 0.45375 0.007291666666666667 0.015833333333333335
0 0.203125 0.45875 0.008333333333333333 0.0175
1 0.7109375 0.43666666666666665 0.004166666666666667 0.01
1 0.715625 0.4370833333333333 0.004166666666666667 0.009166666666666667
1 0.7229166666666667 0.4354166666666667 0.004166666666666667 0.009166666666666667
1 0.73984375 0.4345833333333333 0.0036458333333333334 0.009166666666666667
1 0.7546875 0.43916666666666665 0.005208333333333333 0.01
1 0.7604166666666666 0.43166666666666664 0.003125 0.008333333333333333
0 0.7065104166666667 0.4320833333333333 0.0036458333333333334 0.009166666666666667
1 0.80078125 0.43833333333333335 0.005729166666666666 0.011666666666666667
1 0.8296875 0.4375 0.005208333333333333 0.01
1 0.8611979166666667 0.4345833333333333 0.0046875 0.010833333333333334
1 0.9083333333333333 0.43166666666666664 0.004166666666666667 0.01
1 0.93984375 0.43041666666666667 0.0046875 0.009166666666666667
0 0.035416666666666666 0.4554166666666667 0.004166666666666667 0.0075
0 0.07447916666666667 0.4533333333333333 0.005208333333333333 0.008333333333333333
0 0.09869791666666666 0.46541666666666665 0.0046875 0.0175
1 0.08203125 0.4525 0.0036458333333333334 0.008333333333333333
1 0.12317708333333334 0.45166666666666666 0.0036458333333333334 0.006666666666666667
0 0.1359375 0.4529166666666667 0.004166666666666667 0.009166666666666667
0 0.19140625 0.45 0.0046875 0.008333333333333333
1 0.17265625 0.44958333333333333 0.0036458333333333334 0.0075
1 0.24166666666666667 0.44625 0.003125 0.005833333333333334
0 0.27708333333333335 0.445 0.003125 0.006666666666666667
1 0.30390625 0.44375 0.0026041666666666665 0.005833333333333334
0 0.33984375 0.44208333333333333 0.0026041666666666665 0.005833333333333334
1 0.3536458333333333 0.44125 0.003125 0.005833333333333334
0 0.38046875 0.44083333333333335 0.0026041666666666665 0.006666666666666667
0 0.4075520833333333 0.43916666666666665 0.0026041666666666665 0.006666666666666667
1 0.42734375 0.43833333333333335 0.0026041666666666665 0.005
1 0.4518229166666667 0.43666666666666665 0.0026041666666666665 0.005
0 0.46171875 0.4370833333333333 0.0026041666666666665 0.005833333333333334
1 0.4786458333333333 0.4354166666666667 0.0020833333333333333 0.005833333333333334
0 0.4856770833333333 0.4354166666666667 0.0026041666666666665 0.005833333333333334
0 0.5075520833333333 0.43375 0.0026041666666666665 0.005833333333333334
1 0.51875 0.43333333333333335 0.0020833333333333333 0.005
0 0.5377604166666666 0.43291666666666667 0.0026041666666666665 0.005833333333333334
0 0.5583333333333333 0.4320833333333333 0.0020833333333333333 0.004166666666666667
0 0.5796875 0.4320833333333333 0.0020833333333333333 0.005833333333333334
1 0.56328125 0.4325 0.0026041666666666665 0.005
1 0.590625 0.43125 0.0020833333333333333 0.004166666666666667
0 0.6033854166666667 0.43125 0.0026041666666666665 0.005833333333333334
0 0.6252604166666667 0.43 0.0026041666666666665 0.005
0 0.6471354166666666 0.4295833333333333 0.0026041666666666665 0.005833333333333334
1 0.6421875 0.42916666666666664 0.0020833333333333333 0.005
1 0.66875 0.42916666666666664 0.0020833333333333333 0.005
1 0.6932291666666667 0.42916666666666664 0.0020833333333333333 0.005
0 0.7140625 0.42875 0.0020833333333333333 0.005833333333333334
0 0.7200520833333334 0.42833333333333334 0.0026041666666666665 0.005
0 0.725 0.43041666666666667 0.0020833333333333333 0.005833333333333334
1 0.7361979166666667 0.42791666666666667 0.0026041666666666665 0.005833333333333334
1 0.7682291666666666 0.42875 0.003125 0.005833333333333334
1 0.7752604166666667 0.42916666666666664 0.0026041666666666665 0.006666666666666667
1 0.7546875 0.43291666666666667 0.003125 0.0075
1 0.7627604166666667 0.43083333333333335 0.0026041666666666665 0.006666666666666667
1 0.75859375 0.42791666666666667 0.0026041666666666665 0.005833333333333334
1 0.8893229166666666 0.43291666666666667 0.0036458333333333334 0.009166666666666667
1 0.9760416666666667 0.42833333333333334 0.004166666666666667 0.008333333333333333