1 0.41458333333333336 0.5641666666666667 0.034375 0.058333333333333334
1 0.646875 0.5145833333333333 0.019791666666666666 0.03916666666666667
1 0.771875 0.49833333333333335 0.017708333333333333 0.03166666666666667
1 0.8807291666666667 0.48833333333333334 0.017708333333333333 0.028333333333333332
1 0.9192708333333334 0.47583333333333333 0.014583333333333334 0.023333333333333334
1 0.8953125 0.45875 0.010416666666666666 0.0175
1 0.8747395833333333 0.44958333333333333 0.0078125 0.014166666666666666
1 0.8627604166666667 0.44458333333333333 0.0046875 0.0125
1 0.8546875 0.44083333333333335 0.005208333333333333 0.011666666666666667
0 0.9231770833333334 0.6441666666666667 0.059895833333333336 0.09833333333333333
0 0.9783854166666667 0.4479166666666667 0.0078125 0.014166666666666666
0 0.9528645833333333 0.44375 0.0067708333333333336 0.0125
0 0.93828125 0.44083333333333335 0.005729166666666666 0.011666666666666667
0 0.925 0.43833333333333335 0.005208333333333333 0.011666666666666667
0 0.91328125 0.43583333333333335 0.0046875 0.01
0 0.9036458333333334 0.43416666666666665 0.005208333333333333 0.01
1 0.8494791666666667 0.4370833333333333 0.003125 0.009166666666666667
1 0.8450520833333334 0.4354166666666667 0.0036458333333333334 0.009166666666666667
1 0.8419270833333333 0.43291666666666667 0.0036458333333333334 0.009166666666666667
1 0.8388020833333333 0.43041666666666667 0.0026041666666666665 0.0075
1 0.8572916666666667 0.42833333333333334 0.003125 0.006666666666666667
1 0.8736979166666666 0.4275 0.0026041666666666665 0.006666666666666667
0 0.8971354166666666 0.43333333333333335 0.0036458333333333334 0.008333333333333333
0 0.8921875 0.43083333333333335 0.003125 0.008333333333333333
0 0.9138020833333333 0.42916666666666664 0.0036458333333333334 0.008333333333333333
0 0.9416666666666667 0.4275 0.003125 0.006666666666666667
0 0.9854166666666667 0.42583333333333334 0.003125 0.008333333333333333