0 0.18463541666666666 0.5704166666666667 0.1140625 0.19583333333333333
0 0.051041666666666666 0.26625 0.041666666666666664 0.07083333333333333
0 0.10807291666666667 0.21916666666666668 0.025520833333333333 0.05333333333333334
0 0.19713541666666667 0.18041666666666667 0.019270833333333334 0.0375
0 0.2546875 0.16 0.016666666666666666 0.03166666666666667
0 0.2859375 0.14958333333333335 0.0125 0.0275
0 0.37942708333333336 0.135 0.009895833333333333 0.021666666666666667
0 0.39036458333333335 0.12666666666666668 0.008854166666666666 0.02
0 0.40338541666666666 0.12083333333333333 0.0067708333333333336 0.018333333333333333
0 0.43854166666666666 0.11416666666666667 0.00625 0.015
0 0.47213541666666664 0.10958333333333334 0.0067708333333333336 0.015833333333333335
0 0.5020833333333333 0.10541666666666667 0.005208333333333333 0.0125
0 0.5130208333333334 0.10083333333333333 0.003125 0.01
0 0.5171875 0.10333333333333333 0.004166666666666667 0.013333333333333334
1 0.03177083333333333 0.17041666666666666 0.01875 0.0325
1 0.09765625 0.1575 0.015104166666666667 0.02666666666666667
1 0.18776041666666668 0.14541666666666667 0.008854166666666666 0.020833333333333332
1 0.23072916666666668 0.13666666666666666 0.009375 0.023333333333333334
1 0.26588541666666665 0.13125 0.008854166666666666 0.019166666666666665
1 0.3299479166666667 0.11916666666666667 0.0067708333333333336 0.015
1 0.28932291666666665 0.12666666666666668 0.005729166666666666 0.016666666666666666
1 0.3653645833333333 0.11333333333333333 0.005729166666666666 0.015
1 0.37838541666666664 0.10958333333333334 0.0046875 0.0125
1 0.6078125 0.08875 0.003125 0.0075
1 0.5627604166666667 0.09125 0.0046875 0.0075
0 0.6119791666666666 0.09041666666666667 0.004166666666666667 0.009166666666666667
0 0.8213541666666667 0.07541666666666667 0.004166666666666667 0.009166666666666667
0 0.8578125 0.07416666666666667 0.004166666666666667 0.01
1 0.8140625 0.07583333333333334 0.004166666666666667 0.008333333333333333
1 0.7708333333333334 0.07791666666666666 0.003125 0.0075
0 0.7791666666666667 0.07833333333333334 0.004166666666666667 0.01
1 0.7020833333333333 0.0825 0.003125 0.008333333333333333
0 0.7106770833333333 0.08583333333333333 0.0046875 0.011666666666666667
0 0.7229166666666667 0.08458333333333333 0.004166666666666667 0.010833333333333334
0 0.7268229166666667 0.08208333333333333 0.0036458333333333334 0.010833333333333334
0 0.7330729166666666 0.08166666666666667 0.0046875 0.01
0 0.746875 0.08 0.004166666666666667 0.01
1 0.67890625 0.08416666666666667 0.0036458333333333334 0.008333333333333333
1 0.6591145833333333 0.08666666666666667 0.0026041666666666665 0.008333333333333333
0 0.6697916666666667 0.08833333333333333 0.004166666666666667 0.011666666666666667
0 0.54609375 0.09375 0.0036458333333333334 0.010833333333333334
0 0.49192708333333335 0.09666666666666666 0.0036458333333333334 0.01
0 0.446875 0.10041666666666667 0.003125 0.009166666666666667
0 0.44140625 0.09958333333333333 0.0036458333333333334 0.009166666666666667
1 0.48072916666666665 0.09583333333333334 0.003125 0.01
1 0.1234375 0.1375 0.007291666666666667 0.015
1 0.21145833333333333 0.1275 0.007291666666666667 0.015
1 0.396875 0.11166666666666666 0.005208333333333333 0.013333333333333334
1 0.41848958333333336 0.10875 0.0046875 0.0125
0 0.46927083333333336 0.09958333333333333 0.003125 0.009166666666666667
1 0.4578125 0.09708333333333333 0.003125 0.0075
1 0.43385416666666665 0.09875 0.0020833333333333333 0.005833333333333334
1 0.284375 0.11916666666666667 0.004166666666666667 0.011666666666666667
0 0.3458333333333333 0.11166666666666666 0.004166666666666667 0.011666666666666667
1 0.8677083333333333 0.07291666666666667 0.003125 0.0075
0 0.9057291666666667 0.0725 0.003125 0.008333333333333333
1 0.409375 0.10083333333333333 0.003125 0.006666666666666667
0 0.40130208333333334 0.10125 0.0026041666666666665 0.0075
0 0.4231770833333333 0.10208333333333333 0.0036458333333333334 0.009166666666666667