1 0.496875 0.47125 0.06458333333333334 0.1325
1 0.8596354166666667 0.3545833333333333 0.0421875 0.0825
1 0.7145833333333333 0.25916666666666666 0.026041666666666668 0.045
1 0.62890625 0.22708333333333333 0.015104166666666667 0.0325
1 0.5565104166666667 0.20875 0.011979166666666667 0.024166666666666666
1 0.31328125 0.205 0.011979166666666667 0.023333333333333334
1 0.3984375 0.19458333333333333 0.009375 0.019166666666666665
1 0.5169270833333334 0.19625 0.009895833333333333 0.020833333333333332
1 0.50859375 0.18833333333333332 0.008854166666666666 0.016666666666666666
1 0.49375 0.18083333333333335 0.007291666666666667 0.015
1 0.5395833333333333 0.1825 0.008333333333333333 0.016666666666666666
1 0.5846354166666666 0.17791666666666667 0.005729166666666666 0.014166666666666666
1 0.6111979166666667 0.17625 0.005729166666666666 0.014166666666666666
0 0.8002604166666667 0.22458333333333333 0.016145833333333335 0.0325
0 0.7244791666666667 0.21083333333333334 0.011458333333333333 0.025
0 0.6536458333333334 0.19708333333333333 0.009375 0.020833333333333332
0 0.6286458333333333 0.19166666666666668 0.010416666666666666 0.018333333333333333
0 0.2911458333333333 0.18916666666666668 0.010416666666666666 0.02
0 0.18385416666666668 0.19375 0.011458333333333333 0.024166666666666666
0 0.05572916666666667 0.19333333333333333 0.013541666666666667 0.023333333333333334
1 0.14088541666666668 0.205 0.0067708333333333336 0.015
0 0.6645833333333333 0.18166666666666667 0.004166666666666667 0.013333333333333334
0 0.6809895833333334 0.17958333333333334 0.0026041666666666665 0.0125
0 0.6966145833333334 0.17666666666666667 0.0036458333333333334 0.011666666666666667
1 0.5466145833333333 0.175 0.0036458333333333334 0.01
1 0.5502604166666667 0.175 0.0036458333333333334 0.011666666666666667
1 0.57578125 0.17166666666666666 0.0036458333333333334 0.01
1 0.5924479166666666 0.17041666666666666 0.0036458333333333334 0.009166666666666667
1 0.6307291666666667 0.17541666666666667 0.004166666666666667 0.010833333333333334
1 0.6533854166666667 0.17333333333333334 0.0036458333333333334 0.011666666666666667
0 0.3932291666666667 0.18083333333333335 0.005208333333333333 0.013333333333333334
0 0.4627604166666667 0.17416666666666666 0.0046875 0.013333333333333334
0 0.5057291666666667 0.17083333333333334 0.003125 0.01
0 0.5091145833333334 0.17083333333333334 0.0036458333333333334 0.01
0 0.5377604166666666 0.16958333333333334 0.0036458333333333334 0.0075
0 0.64921875 0.18875 0.0046875 0.014166666666666666