0 0.6932291666666667 0.43583333333333335 0.046875 0.08833333333333333
0 0.9557291666666666 0.36291666666666667 0.042708333333333334 0.0675
0 0.9348958333333334 0.2658333333333333 0.015625 0.028333333333333332
0 0.8955729166666667 0.24916666666666668 0.0109375 0.021666666666666667
0 0.8630208333333333 0.23625 0.007291666666666667 0.015833333333333335
0 0.8744791666666667 0.2425 0.00625 0.015
1 0.9747395833333333 0.2275 0.0078125 0.015
1 0.9971354166666667 0.23125 0.0046875 0.014166666666666666
0 0.8794270833333333 0.24208333333333334 0.0026041666666666665 0.0175
0 0.7322916666666667 0.2075 0.005208333333333333 0.015
0 0.74140625 0.20458333333333334 0.0046875 0.015833333333333335
0 0.73828125 0.20333333333333334 0.0036458333333333334 0.013333333333333334