0 0.5817708333333333 0.7195833333333334 0.11354166666666667 0.2725
0 0.79453125 0.09083333333333334 0.008854166666666666 0.02
0 0.7044270833333334 0.09333333333333334 0.008854166666666666 0.018333333333333333
0 0.59921875 0.095 0.0067708333333333336 0.016666666666666666
1 0.8416666666666667 0.08375 0.00625 0.015833333333333335
1 0.7265625 0.08833333333333333 0.007291666666666667 0.015
1 0.61015625 0.09166666666666666 0.0067708333333333336 0.013333333333333334
1 0.5044270833333333 0.095 0.005729166666666666 0.013333333333333334
1 0.4234375 0.09833333333333333 0.00625 0.013333333333333334
1 0.99765625 0.07541666666666667 0.0046875 0.014166666666666666
0 0.47942708333333334 0.09916666666666667 0.0078125 0.015
1 0.39479166666666665 0.09833333333333333 0.004166666666666667 0.011666666666666667
1 0.3885416666666667 0.09708333333333333 0.004166666666666667 0.010833333333333334
1 0.37734375 0.09625 0.0036458333333333334 0.009166666666666667
0 0.3684895833333333 0.10458333333333333 0.0078125 0.015833333333333335
1 0.3536458333333333 0.09541666666666666 0.004166666666666667 0.010833333333333334
0 0.3184895833333333 0.10583333333333333 0.005729166666666666 0.015
0 0.30807291666666664 0.1025 0.0046875 0.013333333333333334
0 0.303125 0.10583333333333333 0.005208333333333333 0.013333333333333334
0 0.25677083333333334 0.10291666666666667 0.004166666666666667 0.0125
1 0.2453125 0.10208333333333333 0.004166666666666667 0.009166666666666667
0 0.20677083333333332 0.10625 0.005208333333333333 0.0125
1 0.18463541666666666 0.10583333333333333 0.0046875 0.01
0 0.15052083333333333 0.10875 0.00625 0.0125
1 0.11822916666666666 0.10916666666666666 0.00625 0.01
0 0.1015625 0.11208333333333333 0.007291666666666667 0.0125
0 0.08229166666666667 0.11541666666666667 0.008333333333333333 0.015833333333333335
0 0.05755208333333333 0.11916666666666667 0.0078125 0.015
1 0.0625 0.11458333333333333 0.007291666666666667 0.010833333333333334
1 0.017708333333333333 0.11666666666666667 0.007291666666666667 0.011666666666666667
0 0.03046875 0.1225 0.0078125 0.015
0 0.29973958333333334 0.1 0.0046875 0.013333333333333334