0 0.8354166666666667 0.6125 0.052083333333333336 0.085
0 0.7372395833333333 0.5216666666666666 0.025520833333333333 0.043333333333333335
0 0.7052083333333333 0.49375 0.01875 0.030833333333333334
0 0.7518229166666667 0.4725 0.013020833333333334 0.023333333333333334
0 0.7223958333333333 0.46208333333333335 0.008333333333333333 0.019166666666666665
0 0.7057291666666666 0.4533333333333333 0.007291666666666667 0.016666666666666666
0 0.7169270833333333 0.4479166666666667 0.0067708333333333336 0.014166666666666666
0 0.7333333333333333 0.44416666666666665 0.005208333333333333 0.011666666666666667
0 0.7489583333333333 0.44083333333333335 0.005208333333333333 0.013333333333333334
0 0.7372395833333333 0.4370833333333333 0.005729166666666666 0.010833333333333334
0 0.7395833333333334 0.43166666666666664 0.004166666666666667 0.008333333333333333
1 0.7453125 0.43083333333333335 0.004166666666666667 0.01
1 0.29583333333333334 0.5933333333333334 0.04375 0.07333333333333333
1 0.43463541666666666 0.5170833333333333 0.021354166666666667 0.03916666666666667
1 0.4765625 0.48625 0.0125 0.0275
1 0.5497395833333333 0.47208333333333335 0.009895833333333333 0.0225
1 0.5729166666666666 0.4633333333333333 0.010416666666666666 0.018333333333333333
1 0.5903645833333333 0.45666666666666667 0.0067708333333333336 0.016666666666666666
1 0.5984375 0.45208333333333334 0.00625 0.014166666666666666
1 0.6166666666666667 0.44625 0.005208333333333333 0.0125
1 0.6385416666666667 0.44333333333333336 0.005208333333333333 0.011666666666666667
1 0.3919270833333333 0.45458333333333334 0.005729166666666666 0.0125
0 0.3848958333333333 0.4425 0.004166666666666667 0.008333333333333333
0 0.4161458333333333 0.44083333333333335 0.003125 0.008333333333333333
0 0.29192708333333334 0.4579166666666667 0.0067708333333333336 0.014166666666666666
0 0.27369791666666665 0.44916666666666666 0.005729166666666666 0.01
0 0.20963541666666666 0.46208333333333335 0.0078125 0.015833333333333335
1 0.16276041666666666 0.47 0.008854166666666666 0.015
1 0.04791666666666667 0.47541666666666665 0.008333333333333333 0.015833333333333335
1 0.44765625 0.4504166666666667 0.0046875 0.010833333333333334
1 0.51015625 0.4454166666666667 0.0046875 0.010833333333333334
1 0.5604166666666667 0.44125 0.003125 0.009166666666666667
1 0.6283854166666667 0.4379166666666667 0.0036458333333333334 0.010833333333333334
1 0.66875 0.43916666666666665 0.004166666666666667 0.01
1 0.6583333333333333 0.44166666666666665 0.004166666666666667 0.01
0 0.6481770833333333 0.4354166666666667 0.0036458333333333334 0.009166666666666667
0 0.69296875 0.43375 0.0036458333333333334 0.010833333333333334
0 0.7971354166666667 0.4320833333333333 0.0036458333333333334 0.009166666666666667
0 0.8473958333333333 0.4320833333333333 0.004166666666666667 0.009166666666666667
1 0.8161458333333333 0.43041666666666667 0.003125 0.0075
1 0.28203125 0.4625 0.0067708333333333336 0.013333333333333334
0 0.007552083333333333 0.4658333333333333 0.0078125 0.011666666666666667
0 0.5049479166666667 0.44208333333333333 0.0036458333333333334 0.009166666666666667
0 0.053385416666666664 0.4708333333333333 0.0067708333333333336 0.015
0 0.07291666666666667 0.46166666666666667 0.00625 0.011666666666666667
1 0.16536458333333334 0.45416666666666666 0.0046875 0.008333333333333333
0 0.18854166666666666 0.455 0.005208333333333333 0.01
1 0.2484375 0.44958333333333333 0.003125 0.0075
1 0.30520833333333336 0.44625 0.004166666666666667 0.005833333333333334
0 0.33098958333333334 0.44625 0.0046875 0.0075
0 0.38177083333333334 0.45208333333333334 0.005208333333333333 0.010833333333333334
0 0.39453125 0.44125 0.0026041666666666665 0.005833333333333334
1 0.4309895833333333 0.43916666666666665 0.0026041666666666665 0.005
0 0.4546875 0.43875 0.003125 0.005833333333333334
1 0.46536458333333336 0.4375 0.0026041666666666665 0.005
0 0.4890625 0.4370833333333333 0.003125 0.005833333333333334
1 0.49296875 0.4354166666666667 0.0026041666666666665 0.005833333333333334
1 0.51640625 0.4345833333333333 0.0026041666666666665 0.005833333333333334
0 0.5200520833333333 0.435 0.0026041666666666665 0.005
0 0.5408854166666667 0.44083333333333335 0.0046875 0.008333333333333333
0 0.5606770833333333 0.43333333333333335 0.0026041666666666665 0.005
1 0.5565104166666667 0.4325 0.0026041666666666665 0.005
1 0.5822916666666667 0.43125 0.0020833333333333333 0.004166666666666667
0 0.5802083333333333 0.4320833333333333 0.0020833333333333333 0.005833333333333334
1 0.59140625 0.44 0.0046875 0.01
0 0.5942708333333333 0.4375 0.003125 0.01
0 0.6033854166666667 0.43083333333333335 0.0026041666666666665 0.005
0 0.6205729166666667 0.43083333333333335 0.0026041666666666665 0.005
1 0.6065104166666667 0.43083333333333335 0.0026041666666666665 0.005
1 0.6247395833333333 0.43041666666666667 0.0026041666666666665 0.004166666666666667
0 0.6315104166666666 0.4320833333333333 0.0026041666666666665 0.005833333333333334
0 0.63515625 0.43166666666666664 0.0026041666666666665 0.006666666666666667
1 0.6432291666666666 0.43041666666666667 0.0020833333333333333 0.004166666666666667
0 0.6557291666666667 0.43291666666666667 0.003125 0.0075
1 0.66171875 0.43875 0.0036458333333333334 0.0075
1 0.6734375 0.43125 0.0020833333333333333 0.005833333333333334
1 0.66796875 0.43 0.0026041666666666665 0.005
1 0.6841145833333333 0.43166666666666664 0.0026041666666666665 0.006666666666666667
1 0.7104166666666667 0.43125 0.003125 0.005833333333333334
1 0.6611979166666667 0.43041666666666667 0.0026041666666666665 0.005833333333333334
1 0.5377604166666666 0.43416666666666665 0.0026041666666666665 0.005
0 0.5424479166666667 0.43416666666666665 0.0026041666666666665 0.005
1 0.3572916666666667 0.44375 0.003125 0.005833333333333334
1 0.7846354166666667 0.43083333333333335 0.0036458333333333334 0.006666666666666667
1 0.8236979166666667 0.43 0.0026041666666666665 0.006666666666666667
1 0.828125 0.42916666666666664 0.003125 0.006666666666666667
1 0.8440104166666667 0.42833333333333334 0.0026041666666666665 0.005
1 0.8682291666666667 0.4275 0.003125 0.005
0 0.8807291666666667 0.4320833333333333 0.003125 0.0075
0 0.8859375 0.43041666666666667 0.003125 0.0075
0 0.91484375 0.4275 0.0036458333333333334 0.006666666666666667
0 0.9549479166666667 0.4266666666666667 0.0036458333333333334 0.006666666666666667
0 0.9953125 0.4266666666666667 0.004166666666666667 0.006666666666666667
1 0.90078125 0.4266666666666667 0.0026041666666666665 0.005
1 0.9403645833333333 0.42625 0.0026041666666666665 0.005833333333333334
0 0.4471354166666667 0.44625 0.005729166666666666 0.010833333333333334
1 0.052083333333333336 0.4608333333333333 0.00625 0.011666666666666667