1 0.12083333333333333 0.5183333333333333 0.014583333333333334 0.025
1 0.29322916666666665 0.4925 0.009375 0.02
1 0.19088541666666667 0.7145833333333333 0.07552083333333333 0.1175
0 0.184375 0.4975 0.010416666666666666 0.018333333333333333
0 0.3125 0.48 0.007291666666666667 0.015
0 0.37864583333333335 0.4708333333333333 0.005208333333333333 0.013333333333333334
1 0.4005208333333333 0.47583333333333333 0.007291666666666667 0.016666666666666666
1 0.45677083333333335 0.4675 0.007291666666666667 0.013333333333333334
0 0.46484375 0.46125 0.0046875 0.0125
1 0.4875 0.49166666666666664 0.0125 0.025
1 0.5145833333333333 0.4625 0.007291666666666667 0.013333333333333334
1 0.53125 0.47791666666666666 0.010416666666666666 0.020833333333333332
1 0.5653645833333333 0.47208333333333335 0.008854166666666666 0.015833333333333335
1 0.5799479166666667 0.46416666666666667 0.008854166666666666 0.016666666666666666
0 0.54375 0.455 0.005208333333333333 0.011666666666666667
0 0.55078125 0.4479166666666667 0.0046875 0.009166666666666667
0 0.6067708333333334 0.45125 0.007291666666666667 0.0125
0 0.67421875 0.45208333333333334 0.0067708333333333336 0.014166666666666666
0 0.69921875 0.4558333333333333 0.0067708333333333336 0.016666666666666666
0 0.7151041666666667 0.46375 0.009375 0.019166666666666665
0 0.7033854166666667 0.47291666666666665 0.009895833333333333 0.0225
0 0.6901041666666666 0.4870833333333333 0.014583333333333334 0.0275
0 0.70703125 0.5191666666666667 0.0203125 0.04
0 0.871875 0.5983333333333334 0.052083333333333336 0.07666666666666666
1 0.37890625 0.5754166666666667 0.0328125 0.05583333333333333
1 0.4322916666666667 0.52625 0.020833333333333332 0.03916666666666667
1 0.5658854166666667 0.46 0.0078125 0.015
1 0.005729166666666666 0.49416666666666664 0.005208333333333333 0.01
0 0.04453125 0.49291666666666667 0.0067708333333333336 0.010833333333333334
1 0.11901041666666666 0.48333333333333334 0.0046875 0.008333333333333333
0 0.159375 0.48125 0.005208333333333333 0.010833333333333334
1 0.18958333333333333 0.47583333333333333 0.003125 0.006666666666666667
0 0.21770833333333334 0.475 0.003125 0.008333333333333333
1 0.2518229166666667 0.47 0.0026041666666666665 0.006666666666666667
0 0.28229166666666666 0.4675 0.004166666666666667 0.008333333333333333
1 0.3046875 0.46375 0.003125 0.005833333333333334
0 0.33567708333333335 0.46125 0.0036458333333333334 0.0075
1 0.3458333333333333 0.45958333333333334 0.0020833333333333333 0.005833333333333334
1 0.37838541666666664 0.45625 0.0026041666666666665 0.005833333333333334
0 0.38125 0.45666666666666667 0.003125 0.006666666666666667
1 0.40625 0.45375 0.003125 0.004166666666666667
0 0.41067708333333336 0.45375 0.0026041666666666665 0.005833333333333334
1 0.43125 0.4508333333333333 0.0020833333333333333 0.005
0 0.43411458333333336 0.45125 0.0015625 0.005833333333333334
0 0.4588541666666667 0.44875 0.0020833333333333333 0.005833333333333334
1 0.46197916666666666 0.4483333333333333 0.0020833333333333333 0.005
0 0.48671875 0.44666666666666666 0.0026041666666666665 0.005
1 0.4908854166666667 0.4454166666666667 0.0026041666666666665 0.005833333333333334
0 0.5072916666666667 0.44583333333333336 0.0020833333333333333 0.006666666666666667
1 0.5119791666666667 0.445 0.0020833333333333333 0.005
0 0.5197916666666667 0.4479166666666667 0.004166666666666667 0.0075
0 0.525 0.44583333333333336 0.003125 0.006666666666666667
1 0.5338541666666666 0.44416666666666665 0.003125 0.005
1 0.56328125 0.4429166666666667 0.0015625 0.005833333333333334
1 0.5661458333333333 0.44333333333333336 0.0020833333333333333 0.006666666666666667
1 0.56875 0.44333333333333336 0.0020833333333333333 0.006666666666666667
1 0.5713541666666667 0.44375 0.003125 0.0075
1 0.5856770833333333 0.44458333333333333 0.0036458333333333334 0.0075
0 0.6 0.4454166666666667 0.005208333333333333 0.009166666666666667
1 0.6192708333333333 0.4425 0.004166666666666667 0.008333333333333333
0 0.6609375 0.4429166666666667 0.005208333333333333 0.010833333333333334
1 0.66328125 0.4395833333333333 0.0036458333333333334 0.009166666666666667
1 0.7111979166666667 0.43875 0.0046875 0.0075
0 0.73515625 0.44 0.005729166666666666 0.011666666666666667
1 0.7479166666666667 0.43666666666666665 0.003125 0.008333333333333333
1 0.7544270833333333 0.43666666666666665 0.0036458333333333334 0.006666666666666667
1 0.7635416666666667 0.4325 0.0020833333333333333 0.006666666666666667
1 0.7872395833333333 0.43125 0.0026041666666666665 0.005833333333333334
0 0.7934895833333333 0.4379166666666667 0.0046875 0.009166666666666667
0 0.8078125 0.43125 0.003125 0.0075
0 0.81171875 0.43 0.0026041666666666665 0.008333333333333333
0 0.8153645833333333 0.43166666666666664 0.0036458333333333334 0.008333333333333333
1 0.8190104166666666 0.42875 0.0026041666666666665 0.005833333333333334
0 0.82734375 0.4345833333333333 0.0046875 0.010833333333333334
0 0.8388020833333333 0.42875 0.0026041666666666665 0.0075
1 0.859375 0.4270833333333333 0.003125 0.005833333333333334
0 0.88125 0.4270833333333333 0.003125 0.0075
1 0.9177083333333333 0.4245833333333333 0.003125 0.0075
0 0.92578125 0.425 0.0036458333333333334 0.008333333333333333
1 0.9658854166666667 0.4225 0.0036458333333333334 0.006666666666666667
0 0.9846354166666667 0.42333333333333334 0.0046875 0.008333333333333333
1 0.9947916666666666 0.4216666666666667 0.003125 0.006666666666666667
1 0.5552083333333333 0.4425 0.0020833333333333333 0.005
1 0.7513020833333334 0.43375 0.0026041666666666665 0.005833333333333334