0 0.4864583333333333 0.7966666666666666 0.15833333333333333 0.31833333333333336
0 0.14791666666666667 0.3720833333333333 0.05625 0.1125
0 0.23072916666666668 0.26666666666666666 0.036458333333333336 0.07333333333333333
0 0.32265625 0.18208333333333335 0.018229166666666668 0.03916666666666667
0 0.375 0.14875 0.013541666666666667 0.0275
0 0.40963541666666664 0.13291666666666666 0.0109375 0.0225
0 0.43515625 0.12208333333333334 0.0078125 0.0175
0 0.4471354166666667 0.11708333333333333 0.0078125 0.015833333333333335
0 0.46197916666666666 0.11083333333333334 0.007291666666666667 0.015
0 0.47369791666666666 0.10625 0.005729166666666666 0.0125
1 0.07239583333333334 0.195 0.019791666666666666 0.03833333333333333
1 0.20338541666666668 0.15916666666666668 0.013020833333333334 0.02666666666666667
1 0.26640625 0.14125 0.009895833333333333 0.020833333333333332
1 0.31276041666666665 0.12958333333333333 0.0078125 0.0175
1 0.3411458333333333 0.1225 0.007291666666666667 0.015
1 0.3736979166666667 0.11625 0.005729166666666666 0.014166666666666666
1 0.3971354166666667 0.11041666666666666 0.005729166666666666 0.0125
1 0.41119791666666666 0.10666666666666667 0.0046875 0.011666666666666667
1 0.42604166666666665 0.10416666666666667 0.004166666666666667 0.01
1 0.4390625 0.10166666666666667 0.004166666666666667 0.01
1 0.4625 0.09875 0.004166666666666667 0.009166666666666667
0 0.4825520833333333 0.10291666666666667 0.005729166666666666 0.0125
0 0.49270833333333336 0.1 0.005208333333333333 0.011666666666666667
0 0.50078125 0.09791666666666667 0.005729166666666666 0.010833333333333334
1 0.5036458333333333 0.09541666666666666 0.004166666666666667 0.009166666666666667
0 0.5283854166666667 0.09541666666666666 0.0046875 0.010833333333333334
1 0.5489583333333333 0.0925 0.004166666666666667 0.008333333333333333
0 0.5700520833333333 0.09208333333333334 0.0046875 0.010833333333333334
1 0.5872395833333334 0.09041666666666667 0.0036458333333333334 0.009166666666666667
0 0.6208333333333333 0.09 0.005208333333333333 0.011666666666666667
1 0.6348958333333333 0.08875 0.004166666666666667 0.009166666666666667
0 0.6770833333333334 0.0875 0.005208333333333333 0.013333333333333334
1 0.6890625 0.08625 0.004166666666666667 0.009166666666666667
0 0.7106770833333333 0.08708333333333333 0.0046875 0.0125
1 0.7283854166666667 0.08458333333333333 0.0046875 0.010833333333333334
0 0.7486979166666666 0.08625 0.0046875 0.0125
1 0.7604166666666666 0.08375 0.004166666666666667 0.010833333333333334
0 0.7877604166666666 0.085 0.0067708333333333336 0.015
1 0.79296875 0.08291666666666667 0.0046875 0.010833333333333334
1 0.8729166666666667 0.07916666666666666 0.007291666666666667 0.013333333333333334
0 0.8848958333333333 0.08041666666666666 0.008333333333333333 0.015833333333333335
1 0.9411458333333333 0.07375 0.007291666666666667 0.014166666666666666
0 0.9791666666666666 0.07208333333333333 0.010416666666666666 0.0175