0 0.058333333333333334 0.5875 0.11458333333333333 0.20666666666666667
0 0.013020833333333334 0.16291666666666665 0.013541666666666667 0.030833333333333334
0 0.14713541666666666 0.15041666666666667 0.011979166666666667 0.025833333333333333
0 0.26927083333333335 0.13875 0.009375 0.0225
1 0.10234375 0.14375 0.0109375 0.0225
0 0.37473958333333335 0.13 0.0109375 0.02
1 0.3796875 0.12041666666666667 0.007291666666666667 0.0175
1 0.51328125 0.11083333333333334 0.0078125 0.016666666666666666
0 0.5299479166666666 0.12083333333333333 0.008854166666666666 0.018333333333333333
1 0.62109375 0.10458333333333333 0.0067708333333333336 0.0175
1 0.64375 0.09333333333333334 0.005208333333333333 0.011666666666666667
1 0.6645833333333333 0.09166666666666666 0.004166666666666667 0.01
1 0.7184895833333333 0.09083333333333334 0.0046875 0.011666666666666667
1 0.7286458333333333 0.09791666666666667 0.007291666666666667 0.015833333333333335
0 0.75625 0.10625 0.007291666666666667 0.019166666666666665
1 0.771875 0.08875 0.004166666666666667 0.010833333333333334
1 0.82578125 0.0925 0.0078125 0.016666666666666666
1 0.8518229166666667 0.08583333333333333 0.0046875 0.011666666666666667
1 0.9184895833333333 0.08791666666666667 0.009895833333333333 0.0175
1 0.97734375 0.0775 0.0046875 0.011666666666666667
0 0.9291666666666667 0.09833333333333333 0.011458333333333333 0.023333333333333334
0 0.91328125 0.08208333333333333 0.0067708333333333336 0.0125
0 0.79140625 0.08666666666666667 0.0046875 0.01
0 0.7518229166666667 0.08833333333333333 0.005729166666666666 0.013333333333333334
0 0.7372395833333333 0.08875 0.0046875 0.010833333333333334
0 0.7096354166666666 0.09041666666666667 0.0036458333333333334 0.010833333333333334
0 0.7052083333333333 0.09 0.004166666666666667 0.01
1 0.6927083333333334 0.08958333333333333 0.004166666666666667 0.009166666666666667
1 0.6723958333333333 0.09166666666666666 0.004166666666666667 0.01
1 0.26119791666666664 0.13083333333333333 0.008854166666666666 0.018333333333333333
1 0.6375 0.09375 0.004166666666666667 0.010833333333333334
0 0.6575520833333334 0.11041666666666666 0.0067708333333333336 0.015833333333333335