1 0.9763020833333333 0.38458333333333333 0.04635416666666667 0.07916666666666666
1 0.8703125 0.29375 0.023958333333333335 0.0375
1 0.9763020833333333 0.2758333333333333 0.021354166666666667 0.03666666666666667
1 0.7283854166666667 0.31083333333333335 0.024479166666666666 0.03833333333333333
0 0.66796875 0.2920833333333333 0.0140625 0.0325
0 0.8 0.2733333333333333 0.015625 0.028333333333333332
0 0.8825520833333333 0.26166666666666666 0.015104166666666667 0.028333333333333332
0 0.9182291666666667 0.22791666666666666 0.007291666666666667 0.014166666666666666
0 0.92421875 0.225 0.005729166666666666 0.013333333333333334
0 0.9440104166666666 0.23 0.008854166666666666 0.016666666666666666
0 0.9544270833333334 0.25 0.0140625 0.023333333333333334
0 0.9559895833333333 0.23416666666666666 0.0109375 0.018333333333333333
0 0.9671875 0.21875 0.00625 0.014166666666666666
0 0.9953125 0.2375 0.008333333333333333 0.02