1 0.9770833333333333 0.44625 0.008333333333333333 0.014166666666666666
0 0.9044270833333333 0.45125 0.008854166666666666 0.019166666666666665
1 0.8622395833333333 0.44625 0.0078125 0.014166666666666666
0 0.8192708333333333 0.45125 0.008333333333333333 0.019166666666666665
1 0.7825520833333334 0.44625 0.0067708333333333336 0.014166666666666666
1 0.7005208333333334 0.4479166666666667 0.00625 0.014166666666666666
1 0.62265625 0.45125 0.0067708333333333336 0.014166666666666666
1 0.56171875 0.4575 0.0078125 0.016666666666666666
1 0.51484375 0.4683333333333333 0.008854166666666666 0.02
1 0.4513020833333333 0.48791666666666667 0.0140625 0.0275
1 0.37213541666666666 0.5275 0.0234375 0.043333333333333335
1 0.21770833333333334 0.6425 0.058333333333333334 0.09333333333333334
0 0.7260416666666667 0.4558333333333333 0.008333333333333333 0.016666666666666666
0 0.67109375 0.4608333333333333 0.0078125 0.018333333333333333
0 0.6520833333333333 0.47041666666666665 0.010416666666666666 0.020833333333333332
0 0.65 0.49125 0.013541666666666667 0.029166666666666667
0 0.69375 0.5304166666666666 0.023958333333333335 0.0475
0 0.8114583333333333 0.6479166666666667 0.053125 0.09916666666666667