0 0.6247395833333333 0.61625 0.049479166666666664 0.0875
0 0.3734375 0.5441666666666667 0.030208333333333334 0.05333333333333334
0 0.20729166666666668 0.5054166666666666 0.01875 0.034166666666666665
0 0.11171875 0.49041666666666667 0.015104166666666667 0.024166666666666666
0 0.09192708333333334 0.46708333333333335 0.0109375 0.0175
0 0.08229166666666667 0.47625 0.0125 0.020833333333333332
0 0.1234375 0.4579166666666667 0.009375 0.014166666666666666
0 0.1609375 0.45208333333333334 0.008333333333333333 0.0125
0 0.21770833333333334 0.4479166666666667 0.00625 0.0125
0 0.2869791666666667 0.44375 0.005208333333333333 0.0125
0 0.3489583333333333 0.44333333333333336 0.005208333333333333 0.01
0 0.3880208333333333 0.4429166666666667 0.004166666666666667 0.010833333333333334
0 0.6005208333333333 0.44458333333333333 0.007291666666666667 0.015833333333333335
0 0.71640625 0.44625 0.008854166666666666 0.0175
0 0.8932291666666666 0.44916666666666666 0.011458333333333333 0.018333333333333333
1 0.049479166666666664 0.45708333333333334 0.007291666666666667 0.014166666666666666
1 0.09869791666666666 0.4525 0.005729166666666666 0.011666666666666667
1 0.17083333333333334 0.4475 0.005208333333333333 0.01
1 0.24505208333333334 0.44333333333333336 0.0036458333333333334 0.01
1 0.2916666666666667 0.44125 0.003125 0.009166666666666667
1 0.3346354166666667 0.4404166666666667 0.0036458333333333334 0.009166666666666667
1 0.38255208333333335 0.4395833333333333 0.0036458333333333334 0.009166666666666667
1 0.4395833333333333 0.43875 0.0020833333333333333 0.0075
1 0.52890625 0.43916666666666665 0.0046875 0.011666666666666667
1 0.6328125 0.4395833333333333 0.005208333333333333 0.014166666666666666
1 0.740625 0.44 0.00625 0.013333333333333334
1 0.8895833333333333 0.44166666666666665 0.00625 0.015