1 0.33697916666666666 0.7770833333333333 0.096875 0.23083333333333333
1 0.9307291666666667 0.59625 0.071875 0.13583333333333333
1 0.175 0.29041666666666666 0.007291666666666667 0.014166666666666666
1 0.18958333333333333 0.28708333333333336 0.008333333333333333 0.0125
1 0.203125 0.29625 0.007291666666666667 0.0175
1 0.24244791666666668 0.2866666666666667 0.005729166666666666 0.011666666666666667
1 0.2591145833333333 0.30541666666666667 0.009895833333333333 0.019166666666666665
1 0.33828125 0.31416666666666665 0.008854166666666666 0.02
1 0.46536458333333336 0.325 0.009895833333333333 0.023333333333333334
1 0.4484375 0.29375 0.004166666666666667 0.009166666666666667
1 0.6572916666666667 0.33958333333333335 0.010416666666666666 0.024166666666666666
1 0.6296875 0.30333333333333334 0.004166666666666667 0.01
1 0.7020833333333333 0.30833333333333335 0.004166666666666667 0.01
1 0.7950520833333333 0.34791666666666665 0.011979166666666667 0.024166666666666666
1 0.7794270833333333 0.3129166666666667 0.0036458333333333334 0.0075
1 0.8434895833333333 0.31583333333333335 0.0036458333333333334 0.008333333333333333
1 0.9903645833333333 0.35833333333333334 0.013020833333333334 0.025
1 0.9911458333333333 0.3225 0.004166666666666667 0.008333333333333333
0 0.54453125 0.32 0.008854166666666666 0.02
0 0.4484375 0.3125 0.009375 0.018333333333333333
0 0.4427083333333333 0.295 0.005208333333333333 0.011666666666666667
0 0.27786458333333336 0.29541666666666666 0.0067708333333333336 0.014166666666666666
0 0.2838541666666667 0.29125 0.00625 0.0125
0 0.8479166666666667 0.3383333333333333 0.008333333333333333 0.02
0 0.8151041666666666 0.31625 0.004166666666666667 0.010833333333333334
0 0.6953125 0.33208333333333334 0.008333333333333333 0.020833333333333332
0 0.7268229166666667 0.31125 0.0046875 0.010833333333333334
0 0.39401041666666664 0.2941666666666667 0.0046875 0.01
0 0.32786458333333335 0.3025 0.005729166666666666 0.015
0 0.3307291666666667 0.2925 0.004166666666666667 0.011666666666666667
1 0.37916666666666665 0.29125 0.004166666666666667 0.009166666666666667
0 0.8747395833333333 0.31916666666666665 0.0046875 0.01
0 0.9583333333333334 0.3225 0.005208333333333333 0.01