0 0.14973958333333334 0.4820833333333333 0.07447916666666667 0.1625
0 0.24088541666666666 0.2866666666666667 0.044270833333333336 0.07833333333333334
0 0.37526041666666665 0.22333333333333333 0.0296875 0.058333333333333334
0 0.5341145833333333 0.16083333333333333 0.0171875 0.03666666666666667
0 0.6200520833333333 0.13291666666666666 0.0140625 0.0275
0 0.6734375 0.11958333333333333 0.011458333333333333 0.0225
0 0.7143229166666667 0.10875 0.009895833333333333 0.019166666666666665
0 0.734375 0.10208333333333333 0.008333333333333333 0.019166666666666665
0 0.7588541666666667 0.09708333333333333 0.008333333333333333 0.015833333333333335
0 0.778125 0.09208333333333334 0.00625 0.014166666666666666
0 0.7947916666666667 0.08833333333333333 0.00625 0.013333333333333334
1 0.0921875 0.22 0.027083333333333334 0.04666666666666667
1 0.34375 0.165 0.015625 0.03166666666666667
1 0.47265625 0.13791666666666666 0.0109375 0.024166666666666666
1 0.5427083333333333 0.12333333333333334 0.009375 0.021666666666666667
1 0.5979166666666667 0.11291666666666667 0.007291666666666667 0.0175
1 0.6325520833333333 0.10625 0.0067708333333333336 0.015833333333333335
1 0.67109375 0.10083333333333333 0.0078125 0.015
1 0.7 0.09458333333333334 0.00625 0.014166666666666666
1 0.7190104166666667 0.09208333333333334 0.0067708333333333336 0.014166666666666666
0 0.8096354166666667 0.085 0.005729166666666666 0.013333333333333334
1 0.7380208333333333 0.08833333333333333 0.004166666666666667 0.011666666666666667
1 0.7546875 0.08625 0.005208333333333333 0.010833333333333334
1 0.7817708333333333 0.08458333333333333 0.004166666666666667 0.009166666666666667
1 0.8270833333333333 0.08041666666666666 0.003125 0.009166666666666667
0 0.8205729166666667 0.08291666666666667 0.005729166666666666 0.0125
0 0.85390625 0.07958333333333334 0.005729166666666666 0.0125
0 0.9036458333333334 0.075 0.00625 0.011666666666666667
1 0.8802083333333334 0.07708333333333334 0.005208333333333333 0.009166666666666667