1 0.74296875 0.5129166666666667 0.04739583333333333 0.09916666666666667
1 0.35651041666666666 0.28833333333333333 0.005729166666666666 0.011666666666666667
1 0.36223958333333334 0.2920833333333333 0.0067708333333333336 0.014166666666666666
1 0.3893229166666667 0.28625 0.0046875 0.010833333333333334
1 0.4005208333333333 0.2966666666666667 0.008333333333333333 0.015
1 0.41901041666666666 0.2866666666666667 0.0046875 0.01
0 0.43723958333333335 0.2916666666666667 0.005729166666666666 0.011666666666666667
0 0.44505208333333335 0.29541666666666666 0.005729166666666666 0.014166666666666666
1 0.45260416666666664 0.2875 0.004166666666666667 0.01
1 0.4674479166666667 0.30416666666666664 0.0078125 0.018333333333333333
0 0.46848958333333335 0.29041666666666666 0.0067708333333333336 0.010833333333333334
0 0.5010416666666667 0.30125 0.007291666666666667 0.015833333333333335
1 0.49895833333333334 0.28958333333333336 0.004166666666666667 0.010833333333333334
0 0.5216145833333333 0.29333333333333333 0.005729166666666666 0.011666666666666667
1 0.5502604166666667 0.3129166666666667 0.008854166666666666 0.019166666666666665
1 0.5627604166666667 0.29291666666666666 0.0036458333333333334 0.009166666666666667
0 0.5666666666666667 0.29541666666666666 0.004166666666666667 0.010833333333333334
0 0.6252604166666667 0.3120833333333333 0.0067708333333333336 0.0175
1 0.65234375 0.29791666666666666 0.0036458333333333334 0.010833333333333334
0 0.6651041666666667 0.30083333333333334 0.005208333333333333 0.011666666666666667
1 0.6768229166666667 0.32458333333333333 0.009895833333333333 0.020833333333333332
0 0.7203125 0.32125 0.009375 0.019166666666666665
1 0.7380208333333333 0.30291666666666667 0.004166666666666667 0.009166666666666667
0 0.7609375 0.30541666666666667 0.005208333333333333 0.010833333333333334
1 0.8104166666666667 0.30625 0.004166666666666667 0.009166666666666667
0 0.8416666666666667 0.3095833333333333 0.005208333333333333 0.010833333333333334
1 0.8606770833333334 0.33666666666666667 0.011979166666666667 0.021666666666666667
0 0.86953125 0.33 0.0078125 0.02
1 0.89140625 0.31083333333333335 0.0036458333333333334 0.008333333333333333
0 0.9364583333333333 0.31416666666666665 0.005208333333333333 0.01
1 0.96015625 0.31375 0.0046875 0.009166666666666667
1 0.9963541666666667 0.34708333333333335 0.00625 0.015833333333333335