1 0.6622395833333333 0.4533333333333333 0.0078125 0.015
0 0.6630208333333333 0.46416666666666667 0.009375 0.018333333333333333
0 0.7388020833333333 0.45916666666666667 0.008854166666666666 0.018333333333333333
1 0.9809895833333333 0.4558333333333333 0.0109375 0.018333333333333333
1 0.834375 0.45375 0.008333333333333333 0.015833333333333335
1 0.73203125 0.4529166666666667 0.0067708333333333336 0.014166666666666666
1 0.5838541666666667 0.45708333333333334 0.007291666666666667 0.015833333333333335
0 0.87421875 0.46125 0.0109375 0.020833333333333332
1 0.5122395833333333 0.46416666666666667 0.008854166666666666 0.018333333333333333
0 0.62109375 0.47208333333333335 0.009895833333333333 0.0225
1 0.4669270833333333 0.47458333333333336 0.009895833333333333 0.020833333333333332
0 0.6463541666666667 0.49166666666666664 0.014583333333333334 0.03
1 0.43359375 0.4979166666666667 0.016145833333333335 0.030833333333333334
0 0.7130208333333333 0.5416666666666666 0.027083333333333334 0.05
1 0.3580729166666667 0.5583333333333333 0.0328125 0.055