0 0.9614583333333333 0.7895833333333333 0.07708333333333334 0.17416666666666666
0 0.7236979166666667 0.5404166666666667 0.0296875 0.050833333333333335
0 0.653125 0.5 0.016666666666666666 0.035
0 0.5322916666666667 0.47458333333333336 0.010416666666666666 0.0225
0 0.5549479166666667 0.44958333333333333 0.0067708333333333336 0.014166666666666666
0 0.47291666666666665 0.4454166666666667 0.003125 0.009166666666666667
0 0.45546875 0.4479166666666667 0.0036458333333333334 0.010833333333333334
0 0.44921875 0.44958333333333333 0.0046875 0.010833333333333334
0 0.43255208333333334 0.4675 0.008854166666666666 0.018333333333333333
0 0.34713541666666664 0.46416666666666667 0.008854166666666666 0.016666666666666666
0 0.2604166666666667 0.46541666666666665 0.007291666666666667 0.015833333333333335
0 0.05807291666666667 0.4766666666666667 0.0109375 0.016666666666666666
1 0.0921875 0.48041666666666666 0.011458333333333333 0.019166666666666665
1 0.16796875 0.4775 0.011979166666666667 0.02
1 0.24661458333333333 0.47708333333333336 0.0109375 0.020833333333333332
1 0.3234375 0.48333333333333334 0.0125 0.025
1 0.31015625 0.5804166666666667 0.03697916666666667 0.06416666666666666
1 0.38359375 0.49625 0.013020833333333334 0.030833333333333334
1 0.3927083333333333 0.5208333333333334 0.020833333333333332 0.04
1 0.6208333333333333 0.44416666666666665 0.005208333333333333 0.011666666666666667
1 0.5786458333333333 0.4454166666666667 0.005208333333333333 0.010833333333333334
1 0.5401041666666667 0.445 0.004166666666666667 0.01
0 0.64140625 0.44916666666666666 0.0067708333333333336 0.015
1 0.6674479166666667 0.4395833333333333 0.0046875 0.009166666666666667
1 0.6877604166666667 0.4375 0.0036458333333333334 0.008333333333333333
1 0.7002604166666667 0.43625 0.0036458333333333334 0.009166666666666667
1 0.7216145833333333 0.4345833333333333 0.0026041666666666665 0.0075
1 0.76796875 0.4325 0.0026041666666666665 0.006666666666666667
1 0.8002604166666667 0.43166666666666664 0.0026041666666666665 0.006666666666666667
1 0.8302083333333333 0.43041666666666667 0.003125 0.0075
1 0.8794270833333333 0.4295833333333333 0.0036458333333333334 0.0075
0 0.9471354166666667 0.43 0.0036458333333333334 0.008333333333333333
0 0.8932291666666666 0.43041666666666667 0.003125 0.0075
0 0.8515625 0.43125 0.003125 0.0075
0 0.8184895833333333 0.4325 0.0036458333333333334 0.008333333333333333
0 0.7830729166666667 0.43375 0.0036458333333333334 0.009166666666666667
0 0.746875 0.4375 0.004166666666666667 0.01
0 0.7364583333333333 0.4395833333333333 0.004166666666666667 0.010833333333333334
0 0.6984375 0.44583333333333336 0.005208333333333333 0.011666666666666667
0 0.7182291666666667 0.44208333333333333 0.005208333333333333 0.0125
0 0.5130208333333334 0.44208333333333333 0.003125 0.009166666666666667
1 0.53515625 0.44416666666666665 0.0046875 0.01
1 0.97578125 0.4295833333333333 0.0036458333333333334 0.0075
0 0.9919270833333333 0.4320833333333333 0.0036458333333333334 0.009166666666666667
1 0.016145833333333335 0.8541666666666666 0.03229166666666667 0.08166666666666667
1 0.7453125 0.43375 0.003125 0.0075
0 0.7640625 0.4354166666666667 0.004166666666666667 0.009166666666666667
1 0.9356770833333333 0.42916666666666664 0.0036458333333333334 0.008333333333333333
1 0.64453125 0.4425 0.0036458333333333334 0.01
0 0.08255208333333333 0.4608333333333333 0.0046875 0.01
0 0.14661458333333333 0.45708333333333334 0.0036458333333333334 0.009166666666666667
1 0.16276041666666666 0.455 0.0026041666666666665 0.006666666666666667
1 0.10755208333333334 0.4583333333333333 0.0026041666666666665 0.006666666666666667
0 0.18619791666666666 0.455 0.0026041666666666665 0.008333333333333333
0 0.22447916666666667 0.45208333333333334 0.004166666666666667 0.0075
1 0.21458333333333332 0.45208333333333334 0.003125 0.0075
1 0.24739583333333334 0.45 0.003125 0.006666666666666667
0 0.25833333333333336 0.45 0.003125 0.008333333333333333
1 0.28046875 0.4479166666666667 0.0026041666666666665 0.005833333333333334
0 0.28854166666666664 0.4483333333333333 0.003125 0.006666666666666667
0 0.31484375 0.44583333333333336 0.0026041666666666665 0.006666666666666667
1 0.32838541666666665 0.44458333333333333 0.0026041666666666665 0.005833333333333334
0 0.3502604166666667 0.44333333333333336 0.0026041666666666665 0.006666666666666667
0 0.37265625 0.4425 0.0026041666666666665 0.006666666666666667
1 0.37838541666666664 0.4425 0.0026041666666666665 0.005
0 0.3963541666666667 0.44083333333333335 0.0020833333333333333 0.006666666666666667
0 0.4434895833333333 0.43875 0.0026041666666666665 0.005833333333333334
1 0.4328125 0.43833333333333335 0.0020833333333333333 0.005
1 0.5455729166666666 0.4429166666666667 0.0036458333333333334 0.009166666666666667
0 0.46536458333333336 0.4370833333333333 0.0026041666666666665 0.005833333333333334
0 0.4942708333333333 0.44333333333333336 0.003125 0.01
0 0.4901041666666667 0.43583333333333335 0.0020833333333333333 0.005
1 0.4864583333333333 0.43583333333333335 0.0020833333333333333 0.005
0 0.48984375 0.4504166666666667 0.005729166666666666 0.0125
0 0.5229166666666667 0.435 0.0020833333333333333 0.006666666666666667
0 0.5309895833333333 0.435 0.0026041666666666665 0.006666666666666667
0 0.53671875 0.435 0.0026041666666666665 0.006666666666666667
0 0.5411458333333333 0.43583333333333335 0.003125 0.008333333333333333
1 0.55078125 0.43375 0.0026041666666666665 0.005833333333333334
1 0.5609375 0.44083333333333335 0.004166666666666667 0.008333333333333333
1 0.5630208333333333 0.43375 0.0020833333333333333 0.005833333333333334
1 0.571875 0.43375 0.0020833333333333333 0.005833333333333334
1 0.5736979166666667 0.4395833333333333 0.0036458333333333334 0.0075
1 0.578125 0.4370833333333333 0.004166666666666667 0.010833333333333334
1 0.58125 0.4345833333333333 0.0020833333333333333 0.005833333333333334
1 0.58828125 0.4354166666666667 0.0026041666666666665 0.005833333333333334
0 0.5091145833333334 0.43625 0.0026041666666666665 0.004166666666666667
1 0.4609375 0.4375 0.0020833333333333333 0.005
0 0.5260416666666666 0.4404166666666667 0.003125 0.009166666666666667
0 0.16536458333333334 0.47041666666666665 0.0067708333333333336 0.0175