1 0.09869791666666666 0.72875 0.08489583333333334 0.1425
1 0.43515625 0.5645833333333333 0.0296875 0.0625
1 0.5591145833333333 0.51375 0.0234375 0.03916666666666667
1 0.575 0.48375 0.014583333333333334 0.0275
1 0.5354166666666667 0.46 0.008333333333333333 0.018333333333333333
1 0.50859375 0.4479166666666667 0.0067708333333333336 0.014166666666666666
1 0.49375 0.44208333333333333 0.005208333333333333 0.010833333333333334
1 0.48489583333333336 0.4379166666666667 0.004166666666666667 0.009166666666666667
1 0.47734375 0.43416666666666665 0.0036458333333333334 0.01
1 0.4734375 0.4325 0.003125 0.008333333333333333
1 0.46979166666666666 0.43041666666666667 0.0020833333333333333 0.0075
0 0.9838541666666667 0.5654166666666667 0.03229166666666667 0.06416666666666666
0 0.8716145833333333 0.5033333333333333 0.024479166666666666 0.03666666666666667
0 0.7442708333333333 0.4766666666666667 0.0125 0.02666666666666667
0 0.6338541666666667 0.4533333333333333 0.007291666666666667 0.016666666666666666
0 0.5846354166666666 0.44416666666666665 0.005729166666666666 0.011666666666666667
0 0.5619791666666667 0.4395833333333333 0.005208333333333333 0.0125
0 0.5486979166666667 0.4370833333333333 0.0046875 0.010833333333333334
0 0.5263020833333333 0.4320833333333333 0.0036458333333333334 0.009166666666666667
0 0.51796875 0.43083333333333335 0.0036458333333333334 0.008333333333333333
0 0.5125 0.43 0.003125 0.006666666666666667
0 0.91640625 0.42875 0.0046875 0.009166666666666667
0 0.79609375 0.4275 0.0026041666666666665 0.006666666666666667
0 0.76171875 0.4266666666666667 0.0036458333333333334 0.006666666666666667
0 0.6854166666666667 0.42375 0.003125 0.005833333333333334
0 0.7119791666666667 0.4241666666666667 0.003125 0.006666666666666667
0 0.6549479166666666 0.42375 0.0026041666666666665 0.005833333333333334
0 0.634375 0.42375 0.003125 0.005833333333333334
1 0.7822916666666667 0.425 0.0020833333333333333 0.006666666666666667
1 0.86640625 0.42625 0.0036458333333333334 0.0075
1 0.47890625 0.42541666666666667 0.0026041666666666665 0.005833333333333334
1 0.4908854166666667 0.4245833333333333 0.0026041666666666665 0.005833333333333334
0 0.5203125 0.42375 0.0020833333333333333 0.005833333333333334
0 0.53828125 0.42375 0.0026041666666666665 0.005833333333333334
0 0.565625 0.42375 0.0020833333333333333 0.005833333333333334
0 0.5885416666666666 0.42375 0.0020833333333333333 0.005833333333333334
0 0.6125 0.42375 0.0020833333333333333 0.005833333333333334
1 0.6497395833333334 0.4225 0.0026041666666666665 0.005
1 0.6763020833333333 0.4225 0.0026041666666666665 0.005
1 0.70703125 0.42375 0.0026041666666666665 0.005833333333333334
0 0.7348958333333333 0.425 0.003125 0.006666666666666667
1 0.7643229166666666 0.4241666666666667 0.0026041666666666665 0.005
1 0.8080729166666667 0.425 0.0026041666666666665 0.006666666666666667
1 0.83515625 0.4266666666666667 0.0026041666666666665 0.006666666666666667
0 0.8377604166666667 0.4270833333333333 0.0026041666666666665 0.0075
1 0.8723958333333334 0.4245833333333333 0.0020833333333333333 0.005833333333333334
1 0.89375 0.42625 0.003125 0.005833333333333334
0 0.9098958333333333 0.42625 0.004166666666666667 0.0075
1 0.9244791666666666 0.42625 0.0020833333333333333 0.005833333333333334
0 0.9270833333333334 0.4266666666666667 0.003125 0.006666666666666667
0 0.953125 0.43 0.005208333333333333 0.01
0 0.9815104166666667 0.42791666666666667 0.0026041666666666665 0.005833333333333334
1 0.9783854166666667 0.42875 0.0036458333333333334 0.009166666666666667
1 0.9973958333333334 0.42791666666666667 0.003125 0.0075
0 0.96015625 0.4275 0.0036458333333333334 0.006666666666666667
1 0.53671875 0.4220833333333333 0.0015625 0.004166666666666667
1 0.6190104166666667 0.4225 0.0015625 0.005