0 0.2265625 0.16125 0.014583333333333334 0.029166666666666667
0 0.41901041666666666 0.14708333333333334 0.015104166666666667 0.029166666666666667
0 0.63125 0.13666666666666666 0.013541666666666667 0.03166666666666667
0 0.78359375 0.12458333333333334 0.008854166666666666 0.0275
1 0.12682291666666667 0.15708333333333332 0.011979166666666667 0.024166666666666666
1 0.2859375 0.14416666666666667 0.011458333333333333 0.025
1 0.5408854166666667 0.12666666666666668 0.0109375 0.025
1 0.66015625 0.11916666666666667 0.0078125 0.023333333333333334
1 0.7549479166666667 0.11166666666666666 0.0078125 0.021666666666666667
1 0.4635416666666667 0.10875 0.005208333333333333 0.0125
1 0.47708333333333336 0.10916666666666666 0.005208333333333333 0.013333333333333334
1 0.5075520833333333 0.10916666666666666 0.005729166666666666 0.013333333333333334
1 0.503125 0.10208333333333333 0.003125 0.009166666666666667
1 0.4796875 0.10625 0.003125 0.010833333333333334
1 0.5145833333333333 0.10125 0.004166666666666667 0.009166666666666667
1 0.50703125 0.1025 0.0036458333333333334 0.01
1 0.5221354166666666 0.10333333333333333 0.0046875 0.01
1 0.52734375 0.10166666666666667 0.0036458333333333334 0.01
1 0.5526041666666667 0.09875 0.003125 0.009166666666666667
1 0.5565104166666667 0.10166666666666667 0.0036458333333333334 0.01
0 0.5458333333333333 0.1025 0.004166666666666667 0.015
0 0.5596354166666667 0.10125 0.0036458333333333334 0.014166666666666666
0 0.5671875 0.10291666666666667 0.004166666666666667 0.014166666666666666
0 0.56484375 0.09875 0.0026041666666666665 0.009166666666666667
0 0.5794270833333334 0.09875 0.0036458333333333334 0.010833333333333334
1 0.58671875 0.10458333333333333 0.005729166666666666 0.014166666666666666
0 0.6333333333333333 0.09708333333333333 0.005208333333333333 0.010833333333333334
1 0.66796875 0.10083333333333333 0.005729166666666666 0.015
0 0.7036458333333333 0.09541666666666666 0.004166666666666667 0.014166666666666666
1 0.7536458333333333 0.09625 0.004166666666666667 0.014166666666666666
1 0.82265625 0.1025 0.0067708333333333336 0.018333333333333333
1 0.8203125 0.09208333333333334 0.004166666666666667 0.014166666666666666
1 0.8416666666666667 0.09541666666666666 0.00625 0.0175