1 0.23828125 0.67125 0.07760416666666667 0.0825
1 0.7208333333333333 0.3575 0.04583333333333333 0.09333333333333334
1 0.8981770833333333 0.2675 0.03697916666666667 0.056666666666666664
1 0.9846354166666667 0.2325 0.0296875 0.045
1 0.9846354166666667 0.20583333333333334 0.0234375 0.03333333333333333
0 0.9424479166666667 0.18 0.015104166666666667 0.02666666666666667
1 0.8213541666666667 0.18416666666666667 0.014583333333333334 0.02666666666666667
0 0.79453125 0.16875 0.009895833333333333 0.020833333333333332
1 0.7166666666666667 0.17208333333333334 0.010416666666666666 0.0225
0 0.7213541666666666 0.16333333333333333 0.005208333333333333 0.018333333333333333
0 0.64453125 0.15625 0.005729166666666666 0.015833333333333335
1 0.6231770833333333 0.16375 0.008854166666666666 0.019166666666666665
1 0.5541666666666667 0.15625 0.007291666666666667 0.0175
1 0.5611979166666666 0.13791666666666666 0.0036458333333333334 0.010833333333333334
1 0.5510416666666667 0.13958333333333334 0.005208333333333333 0.010833333333333334
1 0.5447916666666667 0.14041666666666666 0.005208333333333333 0.0125
1 0.53515625 0.14208333333333334 0.0046875 0.0125
1 0.5208333333333334 0.14541666666666667 0.00625 0.014166666666666666
1 0.51484375 0.15 0.0067708333333333336 0.015
1 0.43463541666666666 0.165 0.009895833333333333 0.02
1 0.45598958333333334 0.15583333333333332 0.0078125 0.016666666666666666
1 0.4783854166666667 0.145 0.0067708333333333336 0.013333333333333334
1 0.4908854166666667 0.13958333333333334 0.005729166666666666 0.010833333333333334
1 0.49895833333333334 0.13666666666666666 0.004166666666666667 0.01
1 0.5028645833333333 0.13541666666666666 0.0036458333333333334 0.009166666666666667
1 0.3421875 0.17333333333333334 0.0125 0.025
1 0.22734375 0.17833333333333334 0.0140625 0.028333333333333332
0 0.029427083333333333 0.16333333333333333 0.015104166666666667 0.028333333333333332
0 0.16848958333333333 0.16041666666666668 0.011979166666666667 0.024166666666666666
0 0.2760416666666667 0.15833333333333333 0.009375 0.021666666666666667
0 0.34375 0.1525 0.008333333333333333 0.018333333333333333
0 0.39036458333333335 0.145 0.0067708333333333336 0.015
0 0.4192708333333333 0.13958333333333334 0.005208333333333333 0.0125
0 0.43802083333333336 0.135 0.005208333333333333 0.013333333333333334
0 0.4505208333333333 0.13458333333333333 0.004166666666666667 0.009166666666666667
0 0.6106770833333334 0.15166666666666667 0.005729166666666666 0.015
0 0.6059895833333333 0.14875 0.0046875 0.0125
0 0.6013020833333333 0.14458333333333334 0.0036458333333333334 0.010833333333333334
0 0.6 0.13833333333333334 0.003125 0.008333333333333333
0 0.35572916666666665 0.10291666666666667 0.005208333333333333 0.010833333333333334
0 0.3606770833333333 0.10208333333333333 0.0046875 0.0125