1 0.9604166666666667 0.44708333333333333 0.009375 0.0175
1 0.8669270833333333 0.44708333333333333 0.0078125 0.015833333333333335
1 0.753125 0.45 0.007291666666666667 0.015
1 0.6690104166666667 0.4554166666666667 0.0067708333333333336 0.0175
1 0.6192708333333333 0.46375 0.009375 0.020833333333333332
1 0.5484375 0.48 0.011458333333333333 0.02666666666666667
1 0.48802083333333335 0.5033333333333333 0.014583333333333334 0.035
1 0.36015625 0.5691666666666667 0.0265625 0.06
0 0.9958333333333333 0.45666666666666667 0.008333333333333333 0.021666666666666667
0 0.8513020833333333 0.4575 0.009895833333333333 0.021666666666666667
0 0.7723958333333333 0.4633333333333333 0.010416666666666666 0.021666666666666667
0 0.7411458333333333 0.4775 0.013541666666666667 0.028333333333333332
0 0.7591145833333334 0.52875 0.0234375 0.0475
0 0.8731770833333333 0.6483333333333333 0.05572916666666667 0.1