0 0.659375 0.5708333333333333 0.029166666666666667 0.065
0 0.6552083333333333 0.47291666666666665 0.009375 0.020833333333333332
0 0.7747395833333334 0.46166666666666667 0.0109375 0.021666666666666667
0 0.9385416666666667 0.4575 0.015625 0.025
1 0.035416666666666666 0.7775 0.07083333333333333 0.155
1 0.17864583333333334 0.57125 0.03125 0.0575
1 0.2869791666666667 0.5133333333333333 0.016666666666666666 0.03333333333333333
1 0.3875 0.48291666666666666 0.009375 0.0225
1 0.509375 0.4658333333333333 0.007291666666666667 0.023333333333333334
1 0.6247395833333333 0.45625 0.0067708333333333336 0.019166666666666665
1 0.73984375 0.45 0.0046875 0.018333333333333333
1 0.8911458333333333 0.44458333333333333 0.007291666666666667 0.019166666666666665