0 0.190625 0.27708333333333335 0.041666666666666664 0.0775
0 0.21328125 0.14791666666666667 0.015104166666666667 0.0275
0 0.3359375 0.12958333333333333 0.0125 0.024166666666666666
0 0.6111979166666667 0.08916666666666667 0.008854166666666666 0.018333333333333333
1 0.38359375 0.1125 0.008854166666666666 0.018333333333333333
1 0.49895833333333334 0.09708333333333333 0.005208333333333333 0.015833333333333335
0 0.503125 0.10333333333333333 0.009375 0.02
1 0.23723958333333334 0.13291666666666666 0.009895833333333333 0.020833333333333332
1 0.1125 0.14541666666666667 0.011458333333333333 0.0225
0 0.03359375 0.16375 0.018229166666666668 0.029166666666666667
0 0.6760416666666667 0.08125 0.007291666666666667 0.014166666666666666
0 0.7166666666666667 0.07625 0.007291666666666667 0.014166666666666666
0 0.75625 0.07 0.005208333333333333 0.011666666666666667
0 0.7908854166666667 0.06458333333333334 0.0046875 0.0125
1 0.5861979166666667 0.08708333333333333 0.005729166666666666 0.0125
1 0.6442708333333333 0.07958333333333334 0.005208333333333333 0.0125
1 0.6997395833333333 0.0725 0.0046875 0.011666666666666667
1 0.7364583333333333 0.06666666666666667 0.00625 0.013333333333333334
1 0.7731770833333333 0.06166666666666667 0.005729166666666666 0.011666666666666667
1 0.8283854166666667 0.05416666666666667 0.0046875 0.01
0 0.8221354166666667 0.059583333333333335 0.005729166666666666 0.014166666666666666
0 0.85078125 0.05541666666666667 0.005729166666666666 0.014166666666666666
0 0.89140625 0.04833333333333333 0.0067708333333333336 0.015
0 0.9197916666666667 0.04666666666666667 0.004166666666666667 0.01
0 0.9505208333333334 0.0425 0.004166666666666667 0.01
1 0.9372395833333333 0.04083333333333333 0.0046875 0.01
0 0.98984375 0.03666666666666667 0.0036458333333333334 0.008333333333333333
1 0.9825520833333333 0.035 0.0036458333333333334 0.008333333333333333
1 0.8549479166666667 0.050416666666666665 0.0036458333333333334 0.009166666666666667