1 0.19609375 0.665 0.050520833333333334 0.1
1 0.36171875 0.555 0.027604166666666666 0.05
1 0.42526041666666664 0.5158333333333334 0.019270833333333334 0.035
1 0.4518229166666667 0.49333333333333335 0.0140625 0.028333333333333332
1 0.48854166666666665 0.47375 0.010416666666666666 0.020833333333333332
1 0.4109375 0.465 0.007291666666666667 0.015
1 0.4583333333333333 0.4583333333333333 0.007291666666666667 0.013333333333333334
1 0.3260416666666667 0.4775 0.008333333333333333 0.016666666666666666
1 0.05625 0.5158333333333334 0.016666666666666666 0.025
1 0.2 0.4945833333333333 0.0125 0.020833333333333332
0 0.084375 0.5029166666666667 0.0125 0.020833333333333332
0 0.23125 0.4820833333333333 0.010416666666666666 0.015833333333333335
0 0.3333333333333333 0.4691666666666667 0.00625 0.013333333333333334
0 0.3890625 0.46208333333333335 0.005208333333333333 0.0125
0 0.46432291666666664 0.4533333333333333 0.0046875 0.011666666666666667
0 0.5341145833333333 0.4479166666666667 0.005729166666666666 0.010833333333333334
0 0.5903645833333333 0.445 0.0067708333333333336 0.011666666666666667
0 0.5859375 0.44 0.005208333333333333 0.01
1 0.50859375 0.45375 0.005729166666666666 0.0125
1 0.52265625 0.46458333333333335 0.008854166666666666 0.0175
1 0.5510416666666667 0.46 0.007291666666666667 0.015
1 0.5533854166666666 0.45208333333333334 0.0046875 0.0125
1 0.5638020833333334 0.45458333333333334 0.0067708333333333336 0.014166666666666666
0 0.6440104166666667 0.48833333333333334 0.0140625 0.02666666666666667
0 0.6450520833333333 0.46958333333333335 0.0109375 0.020833333333333332
0 0.6611979166666667 0.46041666666666664 0.008854166666666666 0.019166666666666665
0 0.675 0.45375 0.007291666666666667 0.015833333333333335
0 0.6674479166666667 0.4479166666666667 0.0067708333333333336 0.014166666666666666
0 0.6473958333333333 0.4454166666666667 0.007291666666666667 0.0125
0 0.6408854166666667 0.4370833333333333 0.0046875 0.009166666666666667
0 0.7067708333333333 0.435 0.005208333333333333 0.01
0 0.7080729166666667 0.5170833333333333 0.022395833333333334 0.0425
1 0.6041666666666666 0.4375 0.004166666666666667 0.008333333333333333
1 0.5736979166666667 0.43875 0.0036458333333333334 0.0075
1 0.6872395833333333 0.43375 0.0046875 0.009166666666666667
1 0.7213541666666666 0.4320833333333333 0.005208333333333333 0.009166666666666667
0 0.8739583333333333 0.5925 0.053125 0.07833333333333334
1 0.046875 0.48375 0.005208333333333333 0.009166666666666667
0 0.08463541666666667 0.4825 0.0067708333333333336 0.011666666666666667
0 0.1828125 0.4716666666666667 0.005208333333333333 0.01
0 0.23411458333333332 0.4666666666666667 0.0046875 0.008333333333333333
0 0.29192708333333334 0.4608333333333333 0.0036458333333333334 0.008333333333333333
0 0.5127604166666667 0.44208333333333333 0.0036458333333333334 0.0075
0 0.5411458333333333 0.44166666666666665 0.004166666666666667 0.008333333333333333
0 0.75859375 0.43333333333333335 0.005729166666666666 0.01
0 0.77734375 0.4270833333333333 0.0046875 0.009166666666666667
0 0.7825520833333334 0.4270833333333333 0.0036458333333333334 0.009166666666666667
0 0.7895833333333333 0.43041666666666667 0.004166666666666667 0.009166666666666667
0 0.7921875 0.42916666666666664 0.003125 0.008333333333333333
0 0.8453125 0.42291666666666666 0.004166666666666667 0.009166666666666667
0 0.884375 0.4220833333333333 0.004166666666666667 0.0075
0 0.9354166666666667 0.42083333333333334 0.004166666666666667 0.008333333333333333
1 0.9479166666666666 0.41833333333333333 0.004166666666666667 0.006666666666666667
0 0.984375 0.41875 0.005208333333333333 0.009166666666666667
1 0.14453125 0.47458333333333336 0.0046875 0.009166666666666667
1 0.20703125 0.46875 0.0036458333333333334 0.0075
1 0.2630208333333333 0.4625 0.003125 0.006666666666666667
1 0.3109375 0.45708333333333334 0.003125 0.005833333333333334
1 0.6440104166666667 0.435 0.0036458333333333334 0.008333333333333333
1 0.7270833333333333 0.43083333333333335 0.003125 0.008333333333333333
1 0.7286458333333333 0.43 0.0020833333333333333 0.006666666666666667
1 0.7393229166666667 0.42833333333333334 0.0036458333333333334 0.006666666666666667
1 0.8276041666666667 0.42333333333333334 0.003125 0.006666666666666667
1 0.9221354166666667 0.4195833333333333 0.0036458333333333334 0.0075
1 0.9716145833333333 0.4166666666666667 0.0036458333333333334 0.006666666666666667
1 0.99765625 0.4141666666666667 0.0036458333333333334 0.006666666666666667
1 0.8796875 0.4216666666666667 0.003125 0.006666666666666667
0 0.8072916666666666 0.4245833333333333 0.003125 0.0075
1 0.76171875 0.4266666666666667 0.0026041666666666665 0.006666666666666667
0 0.51796875 0.44083333333333335 0.0036458333333333334 0.008333333333333333
0 0.50078125 0.4404166666666667 0.0026041666666666665 0.005833333333333334
0 0.48151041666666666 0.44166666666666665 0.0026041666666666665 0.006666666666666667
0 0.43203125 0.4454166666666667 0.0026041666666666665 0.005833333333333334
0 0.409375 0.4479166666666667 0.003125 0.005833333333333334
0 0.38229166666666664 0.4504166666666667 0.0020833333333333333 0.005833333333333334
0 0.34010416666666665 0.4558333333333333 0.003125 0.006666666666666667
1 0.34869791666666666 0.4533333333333333 0.0026041666666666665 0.006666666666666667
1 0.37890625 0.4504166666666667 0.0026041666666666665 0.005833333333333334
1 0.4283854166666667 0.445 0.0026041666666666665 0.006666666666666667
1 0.45755208333333336 0.4429166666666667 0.0026041666666666665 0.004166666666666667
0 0.4549479166666667 0.44375 0.0026041666666666665 0.005833333333333334
1 0.48515625 0.44083333333333335 0.0026041666666666665 0.005
1 0.5263020833333333 0.43875 0.0026041666666666665 0.005833333333333334
1 0.5458333333333333 0.4379166666666667 0.0020833333333333333 0.005833333333333334
1 0.5533854166666666 0.4379166666666667 0.0026041666666666665 0.005833333333333334
1 0.5559895833333334 0.43833333333333335 0.0026041666666666665 0.006666666666666667
1 0.5583333333333333 0.43875 0.0020833333333333333 0.0075
1 0.5606770833333333 0.43916666666666665 0.0026041666666666665 0.006666666666666667
1 0.50546875 0.44 0.0015625 0.005