1 0.9432291666666667 0.43083333333333335 0.005208333333333333 0.01
0 0.9283854166666666 0.43333333333333335 0.0046875 0.011666666666666667
1 0.8703125 0.4325 0.004166666666666667 0.01
0 0.8658854166666666 0.43416666666666665 0.005729166666666666 0.011666666666666667
1 0.81640625 0.43375 0.0046875 0.009166666666666667
0 0.8065104166666667 0.43666666666666665 0.0046875 0.011666666666666667
1 0.7552083333333334 0.43583333333333335 0.004166666666666667 0.01
0 0.73828125 0.43916666666666665 0.0046875 0.011666666666666667
1 0.6890625 0.4379166666666667 0.004166666666666667 0.009166666666666667
0 0.6416666666666667 0.44333333333333336 0.005208333333333333 0.011666666666666667
1 0.6125 0.4404166666666667 0.004166666666666667 0.010833333333333334
0 0.53984375 0.44708333333333333 0.005729166666666666 0.0125
1 0.5247395833333334 0.44375 0.005729166666666666 0.010833333333333334
1 0.43723958333333335 0.44708333333333333 0.0046875 0.010833333333333334
0 0.4315104166666667 0.45125 0.005729166666666666 0.0125
1 0.3484375 0.4508333333333333 0.005208333333333333 0.011666666666666667
0 0.346875 0.4558333333333333 0.00625 0.013333333333333334
1 0.23177083333333334 0.4554166666666667 0.00625 0.0125
0 0.20833333333333334 0.46041666666666664 0.008333333333333333 0.015833333333333335
1 0.11067708333333333 0.46041666666666664 0.0067708333333333336 0.0125
0 0.06744791666666666 0.46708333333333335 0.009895833333333333 0.015833333333333335
0 0.134375 0.5516666666666666 0.028125 0.05
0 0.5294270833333333 0.5541666666666667 0.0296875 0.056666666666666664