0 0.6575520833333334 0.7133333333333334 0.12552083333333333 0.2866666666666667
0 0.17838541666666666 0.34958333333333336 0.05572916666666667 0.11583333333333333
0 0.13151041666666666 0.26166666666666666 0.0421875 0.075
0 0.20755208333333333 0.20291666666666666 0.028645833333333332 0.05583333333333333
0 0.321875 0.16416666666666666 0.019791666666666666 0.04
0 0.4080729166666667 0.13875 0.019270833333333334 0.035833333333333335
0 0.5239583333333333 0.11375 0.014583333333333334 0.0275
0 0.6033854166666667 0.09708333333333333 0.011979166666666667 0.0275
1 0.0984375 0.17375 0.01875 0.0375
1 0.23854166666666668 0.14416666666666667 0.014583333333333334 0.03166666666666667
1 0.36822916666666666 0.12 0.011458333333333333 0.025
1 0.45729166666666665 0.10541666666666667 0.009375 0.020833333333333332
1 0.07604166666666666 0.12875 0.004166666666666667 0.0125
1 0.08333333333333333 0.1275 0.004166666666666667 0.01
1 0.10598958333333333 0.12541666666666668 0.0036458333333333334 0.009166666666666667
1 0.12005208333333334 0.12625 0.0046875 0.010833333333333334
1 0.13515625 0.12166666666666667 0.0036458333333333334 0.008333333333333333
1 0.1828125 0.11916666666666667 0.004166666666666667 0.011666666666666667
1 0.25338541666666664 0.10958333333333334 0.0026041666666666665 0.010833333333333334
1 0.2640625 0.11291666666666667 0.004166666666666667 0.009166666666666667
1 0.3377604166666667 0.10291666666666667 0.0046875 0.0125
1 0.34375 0.09833333333333333 0.003125 0.01
1 0.42916666666666664 0.09333333333333334 0.004166666666666667 0.01
1 0.425 0.08833333333333333 0.003125 0.008333333333333333
1 0.4875 0.08166666666666667 0.003125 0.008333333333333333
1 0.5197916666666667 0.09291666666666666 0.005208333333333333 0.019166666666666665
1 0.53359375 0.08125 0.0036458333333333334 0.0125
1 0.5510416666666667 0.07458333333333333 0.0020833333333333333 0.0075
1 0.5971354166666667 0.08416666666666667 0.0046875 0.016666666666666666
1 0.6450520833333333 0.07791666666666666 0.0046875 0.014166666666666666
1 0.68828125 0.07041666666666667 0.0046875 0.015833333333333335
1 0.6776041666666667 0.06625 0.003125 0.009166666666666667
1 0.6526041666666667 0.06458333333333334 0.0020833333333333333 0.0075
1 0.721875 0.06541666666666666 0.005208333333333333 0.015833333333333335
1 0.7041666666666667 0.059583333333333335 0.0020833333333333333 0.005833333333333334
1 0.7541666666666667 0.05708333333333333 0.004166666666666667 0.010833333333333334
1 0.7744791666666667 0.05875 0.004166666666666667 0.0125
1 0.8049479166666667 0.05125 0.0036458333333333334 0.010833333333333334
1 0.81953125 0.05333333333333334 0.0046875 0.011666666666666667
1 0.8575520833333333 0.0475 0.005729166666666666 0.013333333333333334
1 0.8890625 0.04375 0.004166666666666667 0.010833333333333334
1 0.8934895833333333 0.0425 0.0036458333333333334 0.011666666666666667
0 0.16197916666666667 0.12125 0.004166666666666667 0.010833333333333334
0 0.17630208333333333 0.1175 0.0026041666666666665 0.01
0 0.225 0.11208333333333333 0.003125 0.009166666666666667
0 0.2703125 0.10708333333333334 0.003125 0.009166666666666667
0 0.36484375 0.09625 0.0026041666666666665 0.009166666666666667
0 0.37473958333333335 0.09666666666666666 0.0026041666666666665 0.008333333333333333
0 0.44609375 0.08833333333333333 0.0026041666666666665 0.008333333333333333
0 0.6158854166666666 0.07083333333333333 0.0036458333333333334 0.01
0 0.6247395833333333 0.06708333333333333 0.0026041666666666665 0.0075
0 0.6520833333333333 0.09 0.009375 0.021666666666666667
0 0.7630208333333334 0.07416666666666667 0.008333333333333333 0.023333333333333334
0 0.7947916666666667 0.06541666666666666 0.007291666666666667 0.0225
0 0.8276041666666667 0.058333333333333334 0.007291666666666667 0.021666666666666667
0 0.8822916666666667 0.04958333333333333 0.00625 0.0175
0 0.9322916666666666 0.04375 0.005208333333333333 0.014166666666666666
0 0.9065104166666667 0.03833333333333333 0.0036458333333333334 0.01
0 0.74765625 0.05625 0.0036458333333333334 0.010833333333333334
0 0.7356770833333334 0.05541666666666667 0.0036458333333333334 0.009166666666666667
0 0.69296875 0.06125 0.0026041666666666665 0.009166666666666667
0 0.98046875 0.034583333333333334 0.005729166666666666 0.015833333333333335
0 0.94375 0.03125 0.0020833333333333333 0.009166666666666667
0 0.95 0.030416666666666668 0.003125 0.009166666666666667
0 0.9606770833333333 0.027916666666666666 0.0026041666666666665 0.009166666666666667
0 0.96796875 0.03125 0.0036458333333333334 0.009166666666666667
0 0.5143229166666666 0.07833333333333334 0.0026041666666666665 0.008333333333333333