0 0.45208333333333334 0.615 0.11354166666666667 0.23833333333333334
0 0.021875 0.20083333333333334 0.025 0.04666666666666667
0 0.23463541666666668 0.16416666666666666 0.016145833333333335 0.03
0 0.4440104166666667 0.13916666666666666 0.015104166666666667 0.03166666666666667
0 0.6002604166666666 0.12583333333333332 0.0140625 0.03
0 0.9817708333333334 0.08875 0.01875 0.03916666666666667
1 0.9270833333333334 0.07833333333333334 0.0125 0.028333333333333332
1 0.6234375 0.10458333333333333 0.011458333333333333 0.025833333333333333
1 0.4236979166666667 0.11958333333333333 0.011979166666666667 0.025833333333333333
1 0.2734375 0.1375 0.014583333333333334 0.02666666666666667
1 0.14609375 0.15375 0.0140625 0.0275
1 0.004166666666666667 0.17416666666666666 0.008333333333333333 0.025