0 0.05807291666666667 0.5225 0.09739583333333333 0.19166666666666668
1 0.0734375 0.14 0.015625 0.028333333333333332
0 0.06145833333333333 0.16416666666666666 0.01875 0.041666666666666664
0 0.19557291666666668 0.14375 0.015104166666666667 0.034166666666666665
0 0.32890625 0.12625 0.011979166666666667 0.0275
1 0.24114583333333334 0.12 0.010416666666666666 0.021666666666666667
1 0.41302083333333334 0.10208333333333333 0.011458333333333333 0.0175
0 0.46015625 0.10666666666666667 0.011979166666666667 0.025
0 0.57578125 0.09291666666666666 0.009895833333333333 0.0225
1 0.5416666666666666 0.08791666666666667 0.010416666666666666 0.020833333333333332
1 0.6859375 0.07708333333333334 0.009375 0.0175
0 0.7466145833333333 0.07916666666666666 0.009895833333333333 0.02
1 0.8046875 0.0675 0.009375 0.016666666666666666
1 0.984375 0.03916666666666667 0.011458333333333333 0.016666666666666666
0 0.95234375 0.04041666666666666 0.0109375 0.019166666666666665
1 0.91953125 0.05416666666666667 0.011979166666666667 0.021666666666666667
0 0.8903645833333333 0.06708333333333333 0.013020833333333334 0.029166666666666667
1 0.8828125 0.04833333333333333 0.008333333333333333 0.013333333333333334
0 0.8408854166666667 0.04875 0.0067708333333333336 0.0125
0 0.8578125 0.04666666666666667 0.005208333333333333 0.011666666666666667
0 0.80234375 0.050833333333333335 0.0046875 0.01
0 0.78671875 0.052083333333333336 0.0046875 0.009166666666666667
0 0.77421875 0.05333333333333334 0.0046875 0.008333333333333333
1 0.8307291666666666 0.050416666666666665 0.00625 0.010833333333333334
1 0.81640625 0.051666666666666666 0.0078125 0.015
1 0.7807291666666667 0.0525 0.004166666666666667 0.01
1 0.75625 0.05583333333333333 0.005208333333333333 0.013333333333333334
1 0.7489583333333333 0.05583333333333333 0.005208333333333333 0.011666666666666667
1 0.7010416666666667 0.059583333333333335 0.005208333333333333 0.010833333333333334
1 0.7174479166666666 0.0575 0.0046875 0.01
1 0.7223958333333333 0.05708333333333333 0.005208333333333333 0.010833333333333334