0 0.7669270833333334 0.8775 0.14427083333333332 0.24166666666666667
0 0.23776041666666667 0.45625 0.0765625 0.14416666666666667
0 0.041666666666666664 0.33 0.046875 0.085
0 0.023958333333333335 0.19166666666666668 0.016666666666666666 0.03
0 0.16458333333333333 0.17625 0.010416666666666666 0.025833333333333333
0 0.33984375 0.15208333333333332 0.008854166666666666 0.019166666666666665
0 0.44609375 0.13875 0.0067708333333333336 0.015833333333333335
0 0.5078125 0.13208333333333333 0.005208333333333333 0.015833333333333335
0 0.5453125 0.12791666666666668 0.005208333333333333 0.014166666666666666
0 0.5817708333333333 0.12208333333333334 0.005208333333333333 0.0125
0 0.6130208333333333 0.1175 0.00625 0.013333333333333334
0 0.6411458333333333 0.11458333333333333 0.005208333333333333 0.0125
1 0.050520833333333334 0.17625 0.0125 0.024166666666666666
1 0.21354166666666666 0.15958333333333333 0.008333333333333333 0.019166666666666665
1 0.3338541666666667 0.14541666666666667 0.007291666666666667 0.015833333333333335
1 0.4197916666666667 0.13625 0.00625 0.015833333333333335
1 0.4765625 0.12916666666666668 0.004166666666666667 0.013333333333333334
1 0.5283854166666667 0.12291666666666666 0.0046875 0.0125
1 0.59609375 0.11458333333333333 0.0046875 0.010833333333333334
1 0.5622395833333333 0.11916666666666667 0.005729166666666666 0.011666666666666667