1 0.17994791666666668 0.8466666666666667 0.13489583333333333 0.26166666666666666
1 0.53203125 0.51 0.043229166666666666 0.09166666666666666
1 0.47734375 0.40875 0.025520833333333333 0.050833333333333335
1 0.42890625 0.35541666666666666 0.015104166666666667 0.030833333333333334
1 0.4119791666666667 0.3333333333333333 0.011458333333333333 0.023333333333333334
1 0.4046875 0.32458333333333333 0.008333333333333333 0.019166666666666665
1 0.4083333333333333 0.315 0.00625 0.015
1 0.4270833333333333 0.3104166666666667 0.00625 0.0125
1 0.44557291666666665 0.3075 0.005729166666666666 0.011666666666666667
1 0.9026041666666667 0.3304166666666667 0.007291666666666667 0.0125
1 0.7890625 0.32125 0.007291666666666667 0.010833333333333334
1 0.7260416666666667 0.31625 0.005208333333333333 0.009166666666666667
1 0.6778645833333333 0.3120833333333333 0.0046875 0.009166666666666667
1 0.4752604166666667 0.30541666666666667 0.0046875 0.010833333333333334
1 0.5018229166666667 0.305 0.0046875 0.01
0 0.9471354166666667 0.4666666666666667 0.04739583333333333 0.06666666666666667
0 0.7505208333333333 0.3933333333333333 0.020833333333333332 0.04
0 0.5997395833333333 0.35125 0.009895833333333333 0.0275
0 0.5299479166666666 0.33208333333333334 0.009895833333333333 0.020833333333333332
0 0.5052083333333334 0.32125 0.007291666666666667 0.015833333333333335
0 0.5197916666666667 0.31083333333333335 0.005208333333333333 0.011666666666666667
0 0.84453125 0.3304166666666667 0.0078125 0.014166666666666666
0 0.7325520833333333 0.32 0.005729166666666666 0.011666666666666667
0 0.6934895833333333 0.31666666666666665 0.005729166666666666 0.011666666666666667
0 0.50625 0.3154166666666667 0.00625 0.014166666666666666
0 0.5421875 0.30875 0.004166666666666667 0.010833333333333334
1 0.546875 0.305 0.004166666666666667 0.01
0 0.5815104166666667 0.30916666666666665 0.0046875 0.011666666666666667
1 0.6018229166666667 0.30666666666666664 0.0046875 0.01
1 0.640625 0.31 0.003125 0.01
0 0.6361979166666667 0.3120833333333333 0.0046875 0.010833333333333334
1 0.05130208333333333 0.3045833333333333 0.008854166666666666 0.015833333333333335
1 0.0109375 0.2970833333333333 0.005208333333333333 0.014166666666666666
1 0.025 0.30041666666666667 0.008333333333333333 0.015833333333333335
1 0.007291666666666667 0.3541666666666667 0.014583333333333334 0.03666666666666667
1 0.021875 0.3308333333333333 0.015625 0.02666666666666667
1 0.01171875 0.3229166666666667 0.0078125 0.024166666666666666
1 0.0203125 0.3154166666666667 0.009375 0.0175
1 0.019270833333333334 0.30833333333333335 0.008333333333333333 0.016666666666666666