1 0.28020833333333334 0.63875 0.05416666666666667 0.0925
1 0.38255208333333335 0.5429166666666667 0.024479166666666666 0.050833333333333335
1 0.42604166666666665 0.5058333333333334 0.01875 0.03666666666666667
1 0.44166666666666665 0.48583333333333334 0.0125 0.028333333333333332
1 0.4674479166666667 0.46708333333333335 0.009895833333333333 0.020833333333333332
1 0.38177083333333334 0.46 0.007291666666666667 0.015
1 0.42682291666666666 0.4533333333333333 0.0067708333333333336 0.013333333333333334
1 0.4765625 0.44875 0.007291666666666667 0.0125
1 0.4979166666666667 0.4583333333333333 0.008333333333333333 0.018333333333333333
1 0.5223958333333333 0.45375 0.007291666666666667 0.014166666666666666
1 0.5330729166666667 0.4483333333333333 0.0067708333333333336 0.015
1 0.17083333333333334 0.49125 0.0125 0.0225
0 0.19557291666666668 0.4795833333333333 0.0109375 0.0175
0 0.038802083333333334 0.5016666666666667 0.0140625 0.023333333333333334
1 0.0203125 0.5145833333333333 0.016666666666666666 0.0275
1 0.29791666666666666 0.47333333333333333 0.009375 0.016666666666666666
0 0.3546875 0.4575 0.00625 0.013333333333333334
0 0.86640625 0.5591666666666667 0.0453125 0.06666666666666667
0 0.6989583333333333 0.5029166666666667 0.021875 0.04083333333333333
0 0.62734375 0.4775 0.011979166666666667 0.028333333333333332
0 0.6190104166666667 0.46166666666666667 0.009895833333333333 0.021666666666666667
0 0.6309895833333333 0.4529166666666667 0.008854166666666666 0.0175
0 0.6419270833333334 0.44666666666666666 0.0078125 0.016666666666666666
0 0.6111979166666667 0.43916666666666665 0.0067708333333333336 0.013333333333333334
0 0.5541666666666667 0.43875 0.00625 0.0125
0 0.9549479166666667 0.41041666666666665 0.0036458333333333334 0.0075
0 0.93125 0.41208333333333336 0.004166666666666667 0.009166666666666667
0 0.90859375 0.41375 0.0046875 0.009166666666666667
0 0.86640625 0.41541666666666666 0.0046875 0.009166666666666667
0 0.71171875 0.4270833333333333 0.0046875 0.010833333333333334
0 0.740625 0.4245833333333333 0.005208333333333333 0.010833333333333334
0 0.7333333333333333 0.4225 0.004166666666666667 0.01
0 0.72734375 0.4216666666666667 0.0036458333333333334 0.01
0 0.66328125 0.4295833333333333 0.005729166666666666 0.010833333333333334
0 0.63125 0.44083333333333335 0.007291666666666667 0.015
0 0.60078125 0.43125 0.0036458333333333334 0.010833333333333334
0 0.5471354166666667 0.43416666666666665 0.0046875 0.01
0 0.49947916666666664 0.44208333333333333 0.005208333333333333 0.0125
0 0.47213541666666664 0.4370833333333333 0.0036458333333333334 0.0075
0 0.4747395833333333 0.4370833333333333 0.0026041666666666665 0.0075
0 0.019270833333333334 0.48125 0.008333333333333333 0.0125
0 0.12838541666666667 0.47 0.0067708333333333336 0.011666666666666667
0 0.18385416666666668 0.46416666666666667 0.005208333333333333 0.01
0 0.24583333333333332 0.4575 0.004166666666666667 0.01
0 0.29739583333333336 0.46458333333333335 0.007291666666666667 0.014166666666666666
0 0.4296875 0.4483333333333333 0.004166666666666667 0.013333333333333334
1 0.0828125 0.4725 0.00625 0.01
1 0.15182291666666667 0.46541666666666665 0.005729166666666666 0.009166666666666667
1 0.2125 0.46 0.004166666666666667 0.008333333333333333
1 0.2638020833333333 0.4533333333333333 0.0036458333333333334 0.008333333333333333
1 0.303125 0.44958333333333333 0.003125 0.0075
1 0.3614583333333333 0.44375 0.003125 0.0075
1 0.384375 0.44083333333333335 0.003125 0.006666666666666667
1 0.4427083333333333 0.43583333333333335 0.0020833333333333333 0.006666666666666667
1 0.48333333333333334 0.43333333333333335 0.003125 0.006666666666666667
1 0.5205729166666667 0.43333333333333335 0.0036458333333333334 0.008333333333333333
1 0.5174479166666667 0.4325 0.0026041666666666665 0.008333333333333333
1 0.51484375 0.4320833333333333 0.0036458333333333334 0.0075
1 0.51171875 0.4320833333333333 0.0026041666666666665 0.0075
1 0.5044270833333333 0.4320833333333333 0.0036458333333333334 0.0075
1 0.53359375 0.43291666666666667 0.0036458333333333334 0.009166666666666667
1 0.5635416666666667 0.43166666666666664 0.003125 0.01
1 0.6442708333333333 0.42791666666666667 0.003125 0.009166666666666667
1 0.675 0.42625 0.004166666666666667 0.009166666666666667
1 0.6901041666666666 0.4225 0.003125 0.006666666666666667
1 0.6815104166666667 0.425 0.0026041666666666665 0.008333333333333333
1 0.7716145833333333 0.41833333333333333 0.0036458333333333334 0.006666666666666667
1 0.81640625 0.41625 0.0036458333333333334 0.0075
1 0.8971354166666666 0.41208333333333336 0.0036458333333333334 0.009166666666666667
0 0.2955729166666667 0.45166666666666666 0.0036458333333333334 0.008333333333333333
0 0.36614583333333334 0.44375 0.003125 0.0075
0 0.3888020833333333 0.44166666666666665 0.0026041666666666665 0.006666666666666667
0 0.3385416666666667 0.44708333333333333 0.003125 0.0075
1 0.3341145833333333 0.44666666666666666 0.0026041666666666665 0.006666666666666667
0 0.4390625 0.4370833333333333 0.003125 0.0075
1 0.51953125 0.4454166666666667 0.0046875 0.0125
1 0.9966145833333333 0.4066666666666667 0.0026041666666666665 0.006666666666666667
1 0.9502604166666667 0.4091666666666667 0.0026041666666666665 0.006666666666666667
1 0.9184895833333333 0.41 0.0026041666666666665 0.006666666666666667
1 0.7380208333333333 0.4195833333333333 0.003125 0.005833333333333334
1 0.7106770833333333 0.42125 0.0026041666666666665 0.0075
1 0.6796875 0.42333333333333334 0.0020833333333333333 0.006666666666666667
1 0.6028645833333334 0.43 0.0026041666666666665 0.008333333333333333
0 0.5028645833333333 0.4370833333333333 0.0036458333333333334 0.009166666666666667
0 0.4591145833333333 0.43625 0.0026041666666666665 0.0075
1 0.4627604166666667 0.4345833333333333 0.0026041666666666665 0.005833333333333334
0 0.4125 0.43916666666666665 0.0020833333333333333 0.006666666666666667
1 0.41458333333333336 0.4379166666666667 0.0020833333333333333 0.005833333333333334