0 0.24010416666666667 0.6895833333333333 0.125 0.23916666666666667
0 0.19765625 0.36833333333333335 0.06197916666666667 0.11
0 0.36223958333333334 0.2633333333333333 0.0328125 0.06833333333333333
0 0.4270833333333333 0.2125 0.025 0.04833333333333333
0 0.19609375 0.19166666666666668 0.0171875 0.035
0 0.3419270833333333 0.19416666666666665 0.022395833333333334 0.04
0 0.058854166666666666 0.18708333333333332 0.01875 0.030833333333333334
0 0.084375 0.16416666666666666 0.011458333333333333 0.023333333333333334
0 0.19401041666666666 0.15458333333333332 0.009895833333333333 0.020833333333333332
0 0.30963541666666666 0.14666666666666667 0.009895833333333333 0.018333333333333333
1 0.30703125 0.14125 0.008854166666666666 0.0175
0 0.42630208333333336 0.14291666666666666 0.009895833333333333 0.020833333333333332
0 0.5052083333333334 0.1425 0.011458333333333333 0.021666666666666667
0 0.6354166666666666 0.1375 0.011458333333333333 0.025
0 0.7526041666666666 0.13041666666666665 0.010416666666666666 0.0225
0 0.9526041666666667 0.11333333333333333 0.011458333333333333 0.021666666666666667
1 0.019791666666666666 0.24416666666666667 0.030208333333333334 0.051666666666666666
1 0.009895833333333333 0.22541666666666665 0.01875 0.04583333333333333
1 0.05807291666666667 0.16083333333333333 0.015104166666666667 0.021666666666666667
1 0.18151041666666667 0.14958333333333335 0.0078125 0.015833333333333335
1 0.41484375 0.13583333333333333 0.008854166666666666 0.016666666666666666
1 0.49505208333333334 0.13333333333333333 0.0078125 0.016666666666666666
1 0.57734375 0.13166666666666665 0.0078125 0.018333333333333333
1 0.6796875 0.12708333333333333 0.009375 0.019166666666666665
1 0.8278645833333333 0.11791666666666667 0.008854166666666666 0.0175
1 0.9755208333333333 0.105 0.010416666666666666 0.02