1 0.21223958333333334 0.7004166666666667 0.07447916666666667 0.1225
1 0.4010416666666667 0.51875 0.019791666666666666 0.04083333333333333
1 0.43723958333333335 0.485 0.013020833333333334 0.028333333333333332
1 0.459375 0.46625 0.010416666666666666 0.020833333333333332
1 0.48020833333333335 0.4504166666666667 0.00625 0.014166666666666666
1 0.4864583333333333 0.4454166666666667 0.005208333333333333 0.0125
1 0.5026041666666666 0.4425 0.005208333333333333 0.01
1 0.5270833333333333 0.43833333333333335 0.004166666666666667 0.01
1 0.5513020833333333 0.43583333333333335 0.0036458333333333334 0.008333333333333333
1 0.9955729166666667 0.43291666666666667 0.0067708333333333336 0.010833333333333334
1 0.7796875 0.4320833333333333 0.005208333333333333 0.009166666666666667
0 0.9591145833333333 0.7183333333333334 0.08072916666666667 0.13166666666666665
0 0.7044270833333334 0.5408333333333334 0.0296875 0.051666666666666666
0 0.6294270833333333 0.49375 0.015104166666666667 0.0325
0 0.5966145833333333 0.47291666666666665 0.008854166666666666 0.0225
0 0.5817708333333333 0.46041666666666664 0.007291666666666667 0.019166666666666665
0 0.5723958333333333 0.45 0.005208333333333333 0.015
0 0.9591145833333333 0.4354166666666667 0.0067708333333333336 0.010833333333333334
1 0.5861979166666667 0.43333333333333335 0.0026041666666666665 0.008333333333333333
1 0.6325520833333333 0.4320833333333333 0.0036458333333333334 0.009166666666666667
1 0.6794270833333333 0.4325 0.0036458333333333334 0.008333333333333333
1 0.72421875 0.4325 0.0036458333333333334 0.008333333333333333
1 0.8471354166666667 0.4325 0.0036458333333333334 0.008333333333333333
1 0.91015625 0.43166666666666664 0.0046875 0.01
0 0.8734375 0.435 0.004166666666666667 0.008333333333333333
0 0.8234375 0.435 0.004166666666666667 0.008333333333333333
0 0.7747395833333334 0.435 0.0036458333333333334 0.008333333333333333
0 0.72890625 0.43416666666666665 0.0036458333333333334 0.008333333333333333
0 0.6854166666666667 0.43416666666666665 0.003125 0.008333333333333333
0 0.6361979166666667 0.4354166666666667 0.0026041666666666665 0.0075
0 0.6036458333333333 0.43666666666666665 0.003125 0.008333333333333333
0 0.5875 0.44 0.003125 0.008333333333333333
0 0.2890625 0.41375 0.004166666666666667 0.010833333333333334
0 0.29661458333333335 0.41583333333333333 0.0046875 0.011666666666666667
0 0.29270833333333335 0.4166666666666667 0.004166666666666667 0.01