0 0.8033854166666666 0.7595833333333334 0.16197916666666667 0.2975
0 0.08697916666666666 0.47791666666666666 0.090625 0.15416666666666667
0 0.159375 0.31375 0.04375 0.09083333333333334
0 0.365625 0.23583333333333334 0.029166666666666667 0.06166666666666667
0 0.5690104166666666 0.19916666666666666 0.024479166666666666 0.04833333333333333
0 0.72265625 0.17333333333333334 0.0171875 0.03833333333333333
0 0.715625 0.15541666666666668 0.011458333333333333 0.030833333333333334
0 0.63203125 0.14458333333333334 0.011979166666666667 0.025833333333333333
0 0.5627604166666667 0.13541666666666666 0.0109375 0.025833333333333333
0 0.5213541666666667 0.12958333333333333 0.009375 0.0225
0 0.54453125 0.12291666666666666 0.009895833333333333 0.020833333333333332
0 0.6276041666666666 0.11666666666666667 0.00625 0.018333333333333333
0 0.7208333333333333 0.1125 0.005208333333333333 0.018333333333333333
0 0.8296875 0.10958333333333334 0.004166666666666667 0.019166666666666665
1 0.29453125 0.19416666666666665 0.022395833333333334 0.04
1 0.37916666666666665 0.14 0.009375 0.021666666666666667
1 0.39427083333333335 0.13166666666666665 0.008333333333333333 0.02
1 0.4088541666666667 0.14875 0.010416666666666666 0.025833333333333333
1 0.43802083333333336 0.12416666666666666 0.008333333333333333 0.018333333333333333
1 0.44947916666666665 0.16916666666666666 0.015625 0.035
1 0.47161458333333334 0.15916666666666668 0.013020833333333334 0.03333333333333333
1 0.5276041666666667 0.11708333333333333 0.007291666666666667 0.0175
1 0.6239583333333333 0.1125 0.004166666666666667 0.013333333333333334
1 0.010416666666666666 0.23666666666666666 0.020833333333333332 0.058333333333333334