0 0.17447916666666666 0.6975 0.13958333333333334 0.25
0 0.042708333333333334 0.15 0.011458333333333333 0.025
0 0.14427083333333332 0.14333333333333334 0.010416666666666666 0.021666666666666667
0 0.28489583333333335 0.13333333333333333 0.009375 0.021666666666666667
1 0.39817708333333335 0.11916666666666667 0.009895833333333333 0.016666666666666666
1 0.7388020833333333 0.09833333333333333 0.0067708333333333336 0.016666666666666666
0 0.4861979166666667 0.11916666666666667 0.008854166666666666 0.02
0 0.6236979166666666 0.11375 0.009895833333333333 0.020833333333333332
0 0.7338541666666667 0.10541666666666667 0.009375 0.020833333333333332
0 0.39869791666666665 0.125 0.008854166666666666 0.02
1 0.0640625 0.14375 0.0125 0.0175
1 0.17864583333333334 0.13541666666666666 0.009375 0.0175
1 0.30052083333333335 0.12666666666666668 0.008333333333333333 0.016666666666666666
1 0.4984375 0.1125 0.007291666666666667 0.016666666666666666
1 0.57734375 0.10791666666666666 0.0078125 0.0175
1 0.6580729166666667 0.10291666666666667 0.0078125 0.0175
1 0.5606770833333333 0.10166666666666667 0.0046875 0.011666666666666667
1 0.51171875 0.10375 0.0036458333333333334 0.010833333333333334
1 0.50859375 0.10333333333333333 0.0026041666666666665 0.011666666666666667
1 0.5278645833333333 0.10333333333333333 0.0036458333333333334 0.011666666666666667
1 0.54453125 0.10125 0.0036458333333333334 0.009166666666666667
1 0.6018229166666667 0.09958333333333333 0.0036458333333333334 0.0125
0 0.5703125 0.10041666666666667 0.004166666666666667 0.0125
0 0.5736979166666667 0.1 0.0036458333333333334 0.011666666666666667
0 0.609375 0.0975 0.004166666666666667 0.011666666666666667
0 0.6723958333333333 0.09625 0.005208333333333333 0.014166666666666666
0 0.6614583333333334 0.095 0.003125 0.011666666666666667
1 0.66484375 0.0975 0.0046875 0.013333333333333334
1 0.65390625 0.09583333333333334 0.0036458333333333334 0.01
1 0.7171875 0.09208333333333334 0.003125 0.010833333333333334
1 0.7635416666666667 0.09166666666666666 0.005208333333333333 0.015
0 0.7046875 0.09333333333333334 0.004166666666666667 0.011666666666666667
0 0.7291666666666666 0.09333333333333334 0.00625 0.013333333333333334
0 0.80546875 0.08708333333333333 0.0046875 0.0125
0 0.8252604166666667 0.08833333333333333 0.005729166666666666 0.016666666666666666
1 0.8184895833333333 0.09333333333333334 0.0067708333333333336 0.018333333333333333
1 0.8122395833333333 0.08708333333333333 0.0036458333333333334 0.009166666666666667