0 0.6604166666666667 0.5954166666666667 0.03958333333333333 0.0775
0 0.8307291666666666 0.46416666666666667 0.013541666666666667 0.025
0 0.7606770833333333 0.4525 0.0109375 0.018333333333333333
0 0.3221354166666667 0.5620833333333334 0.0265625 0.050833333333333335
1 0.9557291666666666 0.44916666666666666 0.013541666666666667 0.021666666666666667
1 0.9088541666666666 0.44458333333333333 0.010416666666666666 0.019166666666666665
1 0.90078125 0.4404166666666667 0.0078125 0.015833333333333335
1 0.88828125 0.43291666666666667 0.0067708333333333336 0.0125
1 0.8955729166666667 0.43583333333333335 0.0067708333333333336 0.013333333333333334
0 0.76640625 0.44708333333333333 0.008854166666666666 0.015833333333333335
0 0.7885416666666667 0.4404166666666667 0.007291666666666667 0.014166666666666666
0 0.7981770833333334 0.43583333333333335 0.0067708333333333336 0.013333333333333334
1 0.12942708333333333 0.4816666666666667 0.005729166666666666 0.013333333333333334
0 0.12578125 0.4866666666666667 0.008854166666666666 0.016666666666666666
0 0.2328125 0.47541666666666665 0.005208333333333333 0.014166666666666666
0 0.3533854166666667 0.46458333333333335 0.0046875 0.0125
0 0.45416666666666666 0.4554166666666667 0.005208333333333333 0.0125
0 0.540625 0.44666666666666666 0.004166666666666667 0.011666666666666667
0 0.596875 0.4425 0.004166666666666667 0.01
0 0.6421875 0.4379166666666667 0.004166666666666667 0.009166666666666667
0 0.684375 0.435 0.005208333333333333 0.01
0 0.7322916666666667 0.43291666666666667 0.005208333333333333 0.010833333333333334
0 0.7666666666666667 0.43375 0.00625 0.0125
1 0.8705729166666667 0.43 0.005729166666666666 0.013333333333333334
1 0.8244791666666667 0.43 0.004166666666666667 0.01
1 0.7830729166666667 0.4295833333333333 0.0046875 0.010833333333333334
1 0.7455729166666667 0.43041666666666667 0.005729166666666666 0.009166666666666667
1 0.69609375 0.4325 0.0036458333333333334 0.008333333333333333
1 0.64609375 0.43583333333333335 0.0046875 0.008333333333333333
1 0.6057291666666667 0.43833333333333335 0.005208333333333333 0.01
1 0.49921875 0.4475 0.0046875 0.011666666666666667
1 0.4276041666666667 0.45416666666666666 0.005208333333333333 0.011666666666666667
1 0.33880208333333334 0.4625 0.005729166666666666 0.011666666666666667
1 0.240625 0.4716666666666667 0.007291666666666667 0.013333333333333334
1 0.5559895833333334 0.4429166666666667 0.0046875 0.010833333333333334