1 0.23046875 0.7008333333333333 0.0671875 0.11333333333333333
1 0.50390625 0.5491666666666667 0.0265625 0.05
1 0.6041666666666666 0.5079166666666667 0.016666666666666666 0.034166666666666665
1 0.7244791666666667 0.48541666666666666 0.011458333333333333 0.025833333333333333
1 0.8770833333333333 0.4716666666666667 0.013541666666666667 0.023333333333333334
0 0.9846354166666667 0.5054166666666666 0.0296875 0.0375
0 0.92265625 0.5366666666666666 0.034895833333333334 0.05
0 0.9872395833333333 0.6154166666666666 0.025520833333333333 0.08583333333333333
1 0.9950520833333333 0.46375 0.009895833333333333 0.0225
1 0.84609375 0.44208333333333333 0.0036458333333333334 0.0075
1 0.8505208333333333 0.44125 0.004166666666666667 0.0075
1 0.8653645833333333 0.44125 0.0036458333333333334 0.005833333333333334
1 0.8770833333333333 0.4425 0.004166666666666667 0.008333333333333333
1 0.8875 0.4404166666666667 0.003125 0.0075
1 0.9255208333333333 0.43916666666666665 0.003125 0.006666666666666667
1 0.9286458333333333 0.44166666666666665 0.004166666666666667 0.008333333333333333
0 0.9098958333333333 0.44083333333333335 0.004166666666666667 0.008333333333333333
0 0.9213541666666667 0.44 0.004166666666666667 0.008333333333333333
0 0.9356770833333333 0.44083333333333335 0.0046875 0.01
0 0.9635416666666666 0.43875 0.005208333333333333 0.0075
1 0.9903645833333333 0.4379166666666667 0.0046875 0.0075