1 0.030729166666666665 0.8 0.06145833333333333 0.17
1 0.37838541666666664 0.5191666666666667 0.024479166666666666 0.043333333333333335
1 0.4315104166666667 0.48041666666666666 0.0140625 0.024166666666666666
1 0.4708333333333333 0.4625 0.010416666666666666 0.018333333333333333
1 0.48932291666666666 0.4504166666666667 0.0067708333333333336 0.014166666666666666
1 0.49609375 0.44375 0.0046875 0.0125
1 0.5044270833333333 0.44125 0.005729166666666666 0.010833333333333334
0 0.5830729166666667 0.45125 0.0067708333333333336 0.014166666666666666
0 0.5984375 0.46166666666666667 0.009375 0.02
0 0.6252604166666667 0.48375 0.0140625 0.0275
0 0.6734375 0.5179166666666667 0.019791666666666666 0.04083333333333333
0 0.9333333333333333 0.4429166666666667 0.008333333333333333 0.014166666666666666
0 0.8651041666666667 0.44166666666666665 0.00625 0.011666666666666667
0 0.7979166666666667 0.43875 0.005208333333333333 0.010833333333333334
1 0.9458333333333333 0.4404166666666667 0.007291666666666667 0.0125
1 0.8890625 0.43833333333333335 0.00625 0.011666666666666667
1 0.83828125 0.43666666666666665 0.0046875 0.01
1 0.7932291666666667 0.43583333333333335 0.004166666666666667 0.01
0 0.7473958333333334 0.4375 0.004166666666666667 0.01
0 0.6854166666666667 0.4354166666666667 0.004166666666666667 0.009166666666666667
1 0.5661458333333333 0.43416666666666665 0.004166666666666667 0.008333333333333333
1 0.5309895833333333 0.43583333333333335 0.0036458333333333334 0.008333333333333333
1 0.5114583333333333 0.4370833333333333 0.004166666666666667 0.009166666666666667
1 0.6057291666666667 0.43375 0.003125 0.0075
1 0.6408854166666667 0.43375 0.0036458333333333334 0.0075
0 0.5734375 0.44416666666666665 0.005208333333333333 0.01
0 0.5955729166666667 0.43583333333333335 0.0036458333333333334 0.008333333333333333
0 0.6333333333333333 0.435 0.003125 0.008333333333333333
1 0.6880208333333333 0.4345833333333333 0.003125 0.0075
1 0.7442708333333333 0.4354166666666667 0.003125 0.0075