0 0.834375 0.7308333333333333 0.08333333333333333 0.14
0 0.8182291666666667 0.5429166666666667 0.035416666666666666 0.0575
0 0.83203125 0.49166666666666664 0.0171875 0.03333333333333333
0 0.8135416666666667 0.4725 0.0125 0.02666666666666667
0 0.9770833333333333 0.43666666666666665 0.00625 0.013333333333333334
0 0.9434895833333333 0.4395833333333333 0.0078125 0.014166666666666666
0 0.865625 0.44125 0.00625 0.0125
0 0.7700520833333333 0.4395833333333333 0.0078125 0.014166666666666666
0 0.73046875 0.45625 0.008854166666666666 0.019166666666666665
0 0.6520833333333333 0.4483333333333333 0.007291666666666667 0.015
0 0.6713541666666667 0.43666666666666665 0.005208333333333333 0.011666666666666667
0 0.6776041666666667 0.43625 0.004166666666666667 0.010833333333333334
0 0.6950520833333333 0.43416666666666665 0.0046875 0.01
0 0.7075520833333333 0.43833333333333335 0.005729166666666666 0.011666666666666667
0 0.7177083333333333 0.43333333333333335 0.005208333333333333 0.01
0 0.7375 0.4320833333333333 0.004166666666666667 0.009166666666666667
1 0.9684895833333333 0.43 0.0046875 0.01
1 0.9481770833333333 0.43125 0.0036458333333333334 0.009166666666666667
1 0.91484375 0.43291666666666667 0.005729166666666666 0.010833333333333334
1 0.8794270833333333 0.435 0.0067708333333333336 0.011666666666666667
1 0.8484375 0.43666666666666665 0.00625 0.011666666666666667
1 0.7997395833333333 0.43666666666666665 0.005729166666666666 0.011666666666666667
1 0.7864583333333334 0.43166666666666664 0.004166666666666667 0.011666666666666667
1 0.7598958333333333 0.4354166666666667 0.004166666666666667 0.010833333333333334
1 0.32057291666666665 0.5891666666666666 0.04114583333333333 0.07166666666666667
1 0.49713541666666666 0.52 0.021354166666666667 0.043333333333333335
1 0.5721354166666667 0.49 0.0140625 0.03166666666666667
1 0.615625 0.47333333333333333 0.0125 0.025
1 0.6098958333333333 0.46208333333333335 0.007291666666666667 0.020833333333333332
1 0.5697916666666667 0.45458333333333334 0.007291666666666667 0.0175
1 0.51796875 0.44916666666666666 0.0067708333333333336 0.016666666666666666
1 0.4666666666666667 0.4483333333333333 0.00625 0.015
1 0.42291666666666666 0.44875 0.005208333333333333 0.0125
1 0.37057291666666664 0.45166666666666666 0.005729166666666666 0.013333333333333334
1 0.29296875 0.45708333333333334 0.0078125 0.015833333333333335
1 0.20104166666666667 0.4633333333333333 0.008333333333333333 0.016666666666666666
1 0.05677083333333333 0.47041666666666665 0.011458333333333333 0.019166666666666665
0 0.584375 0.44416666666666665 0.00625 0.015
0 0.5223958333333333 0.44333333333333336 0.005208333333333333 0.013333333333333334
0 0.4588541666666667 0.445 0.00625 0.013333333333333334
0 0.39765625 0.44666666666666666 0.005729166666666666 0.011666666666666667
0 0.34661458333333334 0.44875 0.005729166666666666 0.0125
0 0.278125 0.4525 0.00625 0.013333333333333334
0 0.19453125 0.4575 0.0067708333333333336 0.015
0 0.10572916666666667 0.46208333333333335 0.009375 0.0175
0 0.04348958333333333 0.4633333333333333 0.009895833333333333 0.018333333333333333
0 0.06875 0.4575 0.007291666666666667 0.013333333333333334
0 0.033854166666666664 0.46041666666666664 0.008333333333333333 0.015833333333333335
1 0.7559895833333333 0.4345833333333333 0.0036458333333333334 0.009166666666666667
0 0.07421875 0.4558333333333333 0.0046875 0.01
0 0.09557291666666666 0.4558333333333333 0.0067708333333333336 0.011666666666666667
0 0.16119791666666666 0.44958333333333333 0.0036458333333333334 0.0075
1 0.165625 0.4479166666666667 0.003125 0.005833333333333334
1 0.20104166666666667 0.4475 0.003125 0.006666666666666667
0 0.21276041666666667 0.44708333333333333 0.0036458333333333334 0.0075
1 0.24322916666666666 0.445 0.003125 0.006666666666666667
0 0.2598958333333333 0.445 0.004166666666666667 0.008333333333333333
1 0.30364583333333334 0.4425 0.003125 0.006666666666666667
1 0.35989583333333336 0.4404166666666667 0.003125 0.005833333333333334
0 0.3359375 0.44125 0.003125 0.0075
0 0.3932291666666667 0.43916666666666665 0.003125 0.006666666666666667
1 0.40598958333333335 0.43833333333333335 0.0026041666666666665 0.005
0 0.4317708333333333 0.4375 0.003125 0.006666666666666667
1 0.47578125 0.4345833333333333 0.0026041666666666665 0.005833333333333334
1 0.49973958333333335 0.43416666666666665 0.0026041666666666665 0.005
0 0.5091145833333334 0.43416666666666665 0.0026041666666666665 0.005
1 0.5255208333333333 0.43291666666666667 0.0020833333333333333 0.004166666666666667
0 0.55390625 0.4320833333333333 0.0026041666666666665 0.005833333333333334
1 0.5651041666666666 0.43166666666666664 0.0020833333333333333 0.005
0 0.58359375 0.43166666666666664 0.0026041666666666665 0.005
0 0.6044270833333333 0.43041666666666667 0.0026041666666666665 0.005833333333333334
0 0.62578125 0.43041666666666667 0.0026041666666666665 0.005833333333333334
1 0.63671875 0.4295833333333333 0.0026041666666666665 0.004166666666666667
0 0.64921875 0.4295833333333333 0.0026041666666666665 0.005833333333333334
1 0.66171875 0.42916666666666664 0.0026041666666666665 0.005
0 0.6721354166666667 0.42875 0.0026041666666666665 0.005833333333333334
0 0.753125 0.43166666666666664 0.003125 0.006666666666666667
0 0.7734375 0.42833333333333334 0.003125 0.006666666666666667
1 0.7684895833333333 0.4345833333333333 0.0026041666666666665 0.0075
1 0.7416666666666667 0.4266666666666667 0.0020833333333333333 0.005
0 0.7635416666666667 0.4270833333333333 0.0020833333333333333 0.005833333333333334
0 0.7697916666666667 0.4275 0.003125 0.005
0 0.7552083333333334 0.4270833333333333 0.003125 0.005833333333333334
1 0.8028645833333333 0.4320833333333333 0.0026041666666666665 0.0075
1 0.8096354166666667 0.43041666666666667 0.0036458333333333334 0.0075
1 0.8125 0.42916666666666664 0.003125 0.006666666666666667
1 0.8145833333333333 0.42833333333333334 0.0020833333333333333 0.006666666666666667
1 0.8200520833333333 0.4275 0.0026041666666666665 0.006666666666666667
1 0.8270833333333333 0.42833333333333334 0.003125 0.006666666666666667
1 0.8002604166666667 0.4266666666666667 0.0026041666666666665 0.005
0 0.019270833333333334 0.45625 0.007291666666666667 0.0125
0 0.008854166666666666 0.4529166666666667 0.00625 0.0125