1 0.058854166666666666 0.8679166666666667 0.11354166666666667 0.19416666666666665
1 0.32395833333333335 0.60375 0.041666666666666664 0.07416666666666667
1 0.44088541666666664 0.5158333333333334 0.019270833333333334 0.03833333333333333
1 0.33984375 0.48375 0.0109375 0.020833333333333332
1 0.4125 0.4708333333333333 0.009375 0.018333333333333333
1 0.5013020833333334 0.49125 0.0140625 0.029166666666666667
1 0.4825520833333333 0.46458333333333335 0.0078125 0.0175
1 0.5450520833333333 0.47875 0.0109375 0.0225
1 0.5611979166666666 0.4683333333333333 0.008854166666666666 0.021666666666666667
1 0.54296875 0.46208333333333335 0.008854166666666666 0.019166666666666665
1 0.18541666666666667 0.50875 0.014583333333333334 0.0275
0 0.23307291666666666 0.48791666666666667 0.011979166666666667 0.019166666666666665
0 0.32057291666666665 0.47583333333333333 0.0078125 0.016666666666666666
0 0.041666666666666664 0.5158333333333334 0.01875 0.02666666666666667
0 0.42526041666666664 0.46166666666666667 0.0067708333333333336 0.016666666666666666
0 0.58984375 0.45125 0.0078125 0.015833333333333335
0 0.66953125 0.4525 0.0078125 0.016666666666666666
0 0.8130208333333333 0.59125 0.04479166666666667 0.0775
0 0.72734375 0.51125 0.021354166666666667 0.03916666666666667
0 0.7265625 0.48333333333333334 0.014583333333333334 0.03
0 0.7328125 0.4683333333333333 0.008333333333333333 0.023333333333333334
0 0.7046875 0.4579166666666667 0.0125 0.020833333333333332
1 0.9846354166666667 0.4175 0.0036458333333333334 0.008333333333333333
1 0.9557291666666666 0.41833333333333333 0.004166666666666667 0.008333333333333333
1 0.9057291666666667 0.42 0.003125 0.008333333333333333
1 0.7372395833333333 0.42875 0.0026041666666666665 0.0075
1 0.73828125 0.43333333333333335 0.0036458333333333334 0.01
1 0.74296875 0.4320833333333333 0.0026041666666666665 0.009166666666666667
1 0.7484375 0.42791666666666667 0.003125 0.0075
1 0.7723958333333333 0.4266666666666667 0.003125 0.006666666666666667
1 0.6984375 0.435 0.004166666666666667 0.01
1 0.5986979166666667 0.43916666666666665 0.0036458333333333334 0.01
1 0.56171875 0.4404166666666667 0.0036458333333333334 0.009166666666666667
1 0.54609375 0.4404166666666667 0.0026041666666666665 0.0075
1 0.54296875 0.4395833333333333 0.0026041666666666665 0.0075
1 0.5403645833333334 0.43875 0.0026041666666666665 0.0075
1 0.53671875 0.43875 0.0026041666666666665 0.0075
1 0.020833333333333332 0.48625 0.005208333333333333 0.009166666666666667
1 0.1125 0.4766666666666667 0.005208333333333333 0.01
1 0.18984375 0.4691666666666667 0.0036458333333333334 0.008333333333333333
1 0.253125 0.46208333333333335 0.003125 0.0075
1 0.528125 0.43833333333333335 0.0020833333333333333 0.006666666666666667
0 0.06770833333333333 0.48375 0.007291666666666667 0.0125
0 0.14375 0.47625 0.00625 0.010833333333333334
0 0.22395833333333334 0.4666666666666667 0.004166666666666667 0.01
0 0.2869791666666667 0.46 0.004166666666666667 0.01
0 0.33932291666666664 0.45458333333333334 0.0026041666666666665 0.0075
0 0.3723958333333333 0.4504166666666667 0.0020833333333333333 0.0075
0 0.39869791666666665 0.4475 0.0026041666666666665 0.006666666666666667
0 0.48932291666666666 0.44375 0.0026041666666666665 0.0075
0 0.49140625 0.445 0.0036458333333333334 0.01
0 0.51640625 0.45458333333333334 0.0067708333333333336 0.015833333333333335
0 0.5239583333333333 0.4454166666666667 0.004166666666666667 0.010833333333333334
0 0.5783854166666667 0.4425 0.005729166666666666 0.011666666666666667
0 0.6463541666666667 0.4395833333333333 0.004166666666666667 0.010833333333333334
0 0.728125 0.4370833333333333 0.005208333333333333 0.0125
0 0.7901041666666667 0.4345833333333333 0.00625 0.0125
0 0.7973958333333333 0.4266666666666667 0.004166666666666667 0.01
0 0.7997395833333333 0.42541666666666667 0.0026041666666666665 0.009166666666666667
0 0.8067708333333333 0.42791666666666667 0.004166666666666667 0.010833333333333334
0 0.8244791666666667 0.4320833333333333 0.005208333333333333 0.0125
0 0.821875 0.4295833333333333 0.004166666666666667 0.010833333333333334
0 0.8705729166666667 0.4225 0.0036458333333333334 0.008333333333333333
0 0.9171875 0.42083333333333334 0.004166666666666667 0.01
0 0.9783854166666667 0.4195833333333333 0.0046875 0.010833333333333334
0 0.82734375 0.4241666666666667 0.0036458333333333334 0.008333333333333333
1 0.84609375 0.42333333333333334 0.0036458333333333334 0.006666666666666667
0 0.49557291666666664 0.4429166666666667 0.0026041666666666665 0.0075
0 0.496875 0.44166666666666665 0.0020833333333333333 0.006666666666666667
1 0.50546875 0.43916666666666665 0.0026041666666666665 0.006666666666666667
1 0.4822916666666667 0.44125 0.0020833333333333333 0.005833333333333334
1 0.45989583333333334 0.4425 0.0020833333333333333 0.005
0 0.47708333333333336 0.44208333333333333 0.003125 0.0075
0 0.4552083333333333 0.4429166666666667 0.003125 0.0075
0 0.42552083333333335 0.4454166666666667 0.0020833333333333333 0.005833333333333334
1 0.42864583333333334 0.44458333333333333 0.0020833333333333333 0.005833333333333334
1 0.3953125 0.44708333333333333 0.0020833333333333333 0.005833333333333334
1 0.36953125 0.45 0.0026041666666666665 0.006666666666666667
1 0.30130208333333336 0.45708333333333334 0.0026041666666666665 0.005833333333333334