1 0.39739583333333334 0.585 0.035416666666666666 0.06833333333333333
1 0.5307291666666667 0.5108333333333334 0.015625 0.03666666666666667
1 0.5890625 0.48583333333333334 0.0125 0.02666666666666667
1 0.6145833333333334 0.47125 0.011458333333333333 0.020833333333333332
1 0.6697916666666667 0.46208333333333335 0.010416666666666666 0.019166666666666665
1 0.690625 0.45625 0.008333333333333333 0.0175
1 0.7078125 0.45166666666666666 0.007291666666666667 0.015
1 0.7174479166666666 0.44875 0.005729166666666666 0.0125
1 0.73671875 0.44375 0.005729166666666666 0.010833333333333334
0 0.8200520833333333 0.4475 0.008854166666666666 0.016666666666666666
0 0.8302083333333333 0.4529166666666667 0.009375 0.019166666666666665
0 0.84765625 0.46 0.009895833333333333 0.021666666666666667
0 0.8359375 0.44208333333333333 0.008333333333333333 0.015833333333333335
0 0.8174479166666667 0.515 0.0234375 0.045
0 0.79140625 0.47333333333333333 0.011979166666666667 0.025
0 0.8015625 0.485 0.014583333333333334 0.03333333333333333
0 0.94140625 0.6266666666666667 0.06614583333333333 0.09833333333333333
1 0.1078125 0.4820833333333333 0.00625 0.0125
1 0.11796875 0.47875 0.005729166666666666 0.010833333333333334
1 0.14140625 0.4766666666666667 0.005729166666666666 0.01
1 0.153125 0.48083333333333333 0.00625 0.013333333333333334
1 0.1703125 0.47375 0.00625 0.010833333333333334
1 0.21432291666666667 0.47 0.0036458333333333334 0.008333333333333333
1 0.21770833333333334 0.4766666666666667 0.00625 0.013333333333333334
1 0.27447916666666666 0.46458333333333335 0.004166666666666667 0.009166666666666667
1 0.29973958333333334 0.47208333333333335 0.005729166666666666 0.014166666666666666
1 0.3697916666666667 0.46708333333333335 0.005208333333333333 0.014166666666666666
1 0.34791666666666665 0.45916666666666667 0.003125 0.008333333333333333
1 0.4083333333333333 0.45416666666666666 0.003125 0.008333333333333333
1 0.45234375 0.46125 0.0046875 0.0125
1 0.5356770833333333 0.45416666666666666 0.0046875 0.011666666666666667
1 0.58203125 0.4504166666666667 0.0036458333333333334 0.009166666666666667
1 0.6369791666666667 0.4454166666666667 0.004166666666666667 0.009166666666666667
1 0.6848958333333334 0.44166666666666665 0.004166666666666667 0.01
0 0.196875 0.475 0.00625 0.013333333333333334
0 0.20963541666666666 0.4725 0.005729166666666666 0.011666666666666667
0 0.22604166666666667 0.47333333333333333 0.007291666666666667 0.013333333333333334
0 0.25234375 0.4683333333333333 0.005729166666666666 0.01
0 0.2903645833333333 0.465 0.0036458333333333334 0.01
0 0.29322916666666665 0.47 0.00625 0.013333333333333334
0 0.3953125 0.4625 0.00625 0.011666666666666667
0 0.4296875 0.4533333333333333 0.003125 0.008333333333333333
0 0.47578125 0.44958333333333333 0.0036458333333333334 0.009166666666666667
0 0.5255208333333333 0.4525 0.005208333333333333 0.011666666666666667
0 0.63125 0.44333333333333336 0.004166666666666667 0.01
0 0.6661458333333333 0.4404166666666667 0.004166666666666667 0.009166666666666667
0 0.7190104166666667 0.4370833333333333 0.0036458333333333334 0.009166666666666667
0 0.7747395833333334 0.43333333333333335 0.0046875 0.01
0 0.8692708333333333 0.43125 0.005208333333333333 0.0125
0 0.8575520833333333 0.43833333333333335 0.005729166666666666 0.013333333333333334
1 0.9950520833333333 0.42 0.0026041666666666665 0.008333333333333333
1 0.9916666666666667 0.42 0.005208333333333333 0.008333333333333333
1 0.9848958333333333 0.4216666666666667 0.005208333333333333 0.01
1 0.9729166666666667 0.4225 0.005208333333333333 0.01
1 0.9338541666666667 0.42375 0.004166666666666667 0.009166666666666667
1 0.8458333333333333 0.4270833333333333 0.004166666666666667 0.009166666666666667
1 0.78046875 0.43875 0.0046875 0.010833333333333334
1 0.7921875 0.43625 0.005208333333333333 0.010833333333333334
1 0.7856770833333333 0.4354166666666667 0.0046875 0.010833333333333334
1 0.759375 0.4404166666666667 0.005208333333333333 0.0125
1 0.7526041666666666 0.43666666666666665 0.004166666666666667 0.01
0 0.9473958333333333 0.4245833333333333 0.005208333333333333 0.010833333333333334
0 0.8778645833333333 0.43583333333333335 0.005729166666666666 0.013333333333333334
0 0.8802083333333334 0.43291666666666667 0.005208333333333333 0.0125
0 0.8221354166666667 0.43125 0.0046875 0.010833333333333334
0 0.8263020833333333 0.42875 0.0036458333333333334 0.009166666666666667
1 0.7153645833333333 0.43833333333333335 0.0036458333333333334 0.008333333333333333
0 0.45546875 0.4579166666666667 0.0036458333333333334 0.010833333333333334
0 0.36666666666666664 0.45875 0.003125 0.009166666666666667
1 0.45234375 0.45 0.0026041666666666665 0.006666666666666667
1 0.49583333333333335 0.4475 0.003125 0.006666666666666667
1 0.5286458333333334 0.445 0.0020833333333333333 0.006666666666666667
1 0.56171875 0.4425 0.0026041666666666665 0.006666666666666667
1 0.5932291666666667 0.4404166666666667 0.0020833333333333333 0.005833333333333334
1 0.6200520833333333 0.4375 0.0026041666666666665 0.006666666666666667
1 0.64296875 0.43625 0.0026041666666666665 0.005833333333333334
1 0.6640625 0.4354166666666667 0.0020833333333333333 0.005833333333333334
1 0.68359375 0.43375 0.0026041666666666665 0.005833333333333334
1 0.7356770833333334 0.43041666666666667 0.0026041666666666665 0.005833333333333334
1 0.8171875 0.42791666666666667 0.003125 0.0075
1 0.8059895833333334 0.42875 0.0026041666666666665 0.0075
1 0.8033854166666666 0.42833333333333334 0.0026041666666666665 0.006666666666666667
1 0.8010416666666667 0.42791666666666667 0.0020833333333333333 0.005833333333333334
1 0.79453125 0.42791666666666667 0.0026041666666666665 0.005833333333333334
1 0.88671875 0.42541666666666667 0.0036458333333333334 0.0075
0 0.87890625 0.42583333333333334 0.0036458333333333334 0.006666666666666667
0 0.7645833333333333 0.43 0.0020833333333333333 0.006666666666666667
0 0.7669270833333334 0.43 0.0026041666666666665 0.006666666666666667
0 0.7502604166666667 0.43 0.0026041666666666665 0.006666666666666667
0 0.7611979166666667 0.43083333333333335 0.0026041666666666665 0.006666666666666667
0 0.759375 0.43083333333333335 0.0020833333333333333 0.006666666666666667
0 0.73203125 0.43125 0.0026041666666666665 0.005833333333333334
0 0.6872395833333333 0.43333333333333335 0.0026041666666666665 0.006666666666666667
0 0.7078125 0.4320833333333333 0.0020833333333333333 0.005833333333333334
0 0.7098958333333333 0.4320833333333333 0.0020833333333333333 0.005833333333333334
0 0.6690104166666667 0.435 0.0026041666666666665 0.006666666666666667
0 0.6471354166666666 0.43666666666666665 0.0026041666666666665 0.006666666666666667
0 0.61640625 0.43875 0.0026041666666666665 0.0075
0 0.5841145833333333 0.44125 0.0026041666666666665 0.0075
0 0.58046875 0.44708333333333333 0.0026041666666666665 0.009166666666666667
0 0.54921875 0.44416666666666665 0.0026041666666666665 0.006666666666666667
0 0.5216145833333333 0.44625 0.0026041666666666665 0.0075
1 0.7549479166666667 0.42916666666666664 0.0026041666666666665 0.005
0 0.7848958333333333 0.4295833333333333 0.0020833333333333333 0.005833333333333334