1 0.35 0.7705078125 0.05 0.080078125
0 0.92734375 0.7578125 0.0578125 0.08203125
1 0.003515625 0.5556640625 0.00703125 0.01171875
1 0.07890625 0.55517578125 0.0078125 0.0126953125
0 0.035546875 0.54736328125 0.00546875 0.0107421875
0 0.12421875 0.54541015625 0.00625 0.0107421875
1 0.15546875 0.5517578125 0.0078125 0.01171875
1 0.225390625 0.54638671875 0.00546875 0.0107421875
0 0.183984375 0.5400390625 0.00546875 0.009765625
0 0.20546875 0.53662109375 0.0046875 0.0087890625
1 0.271484375 0.54052734375 0.00546875 0.0107421875
1 0.297265625 0.53515625 0.00546875 0.009765625
1 0.28125 0.53173828125 0.0046875 0.0087890625
0 0.14140625 0.5341796875 0.0046875 0.0078125
0 0.097265625 0.53271484375 0.00546875 0.0087890625
0 0.0546875 0.5322265625 0.0046875 0.0078125
1 0.04453125 0.5302734375 0.0046875 0.0078125
1 0.1921875 0.52978515625 0.0046875 0.0087890625
1 0.2265625 0.52978515625 0.0046875 0.0087890625
1 0.25234375 0.53125 0.0046875 0.0078125