0 0.021875 0.5732421875 0.021875 0.033203125
0 0.22109375 0.544921875 0.0171875 0.0234375
0 0.41875 0.54296875 0.0171875 0.0234375
0 0.546875 0.556640625 0.01875 0.02734375
0 0.65859375 0.5859375 0.025 0.03515625
0 0.96171875 0.6728515625 0.0328125 0.05859375
1 0.10625 0.666015625 0.040625 0.05859375
1 0.2109375 0.5810546875 0.025 0.033203125
1 0.30859375 0.5654296875 0.01875 0.02734375
1 0.39921875 0.5751953125 0.021875 0.029296875
1 0.471875 0.6083984375 0.025 0.0390625
1 0.6796875 0.7841796875 0.065625 0.091796875