1 0.328125 0.525390625 0.0125 0.01953125
1 0.4390625 0.5302734375 0.0125 0.021484375
1 0.5984375 0.5302734375 0.0125 0.021484375
1 0.74609375 0.525390625 0.0109375 0.01953125
1 0.85859375 0.515625 0.009375 0.01953125
1 0.949609375 0.51220703125 0.01015625 0.0166015625
0 0.911328125 0.50048828125 0.00859375 0.0126953125
0 0.840625 0.501953125 0.0078125 0.013671875
0 0.759765625 0.50341796875 0.00859375 0.0146484375
0 0.6609375 0.5107421875 0.009375 0.015625
0 0.555859375 0.513671875 0.01015625 0.017578125
0 0.43828125 0.51220703125 0.009375 0.0166015625
0 0.371484375 0.50341796875 0.00859375 0.0146484375
0 0.3546875 0.49853515625 0.0078125 0.0126953125
1 0.2609375 0.51806640625 0.0109375 0.0185546875
1 0.234765625 0.5078125 0.01015625 0.015625