1 0.60703125 0.6416015625 0.0390625 0.060546875
1 0.6890625 0.55859375 0.01875 0.03125
1 0.7046875 0.5400390625 0.015625 0.025390625
0 0.88671875 0.560546875 0.021875 0.03125
0 0.834375 0.5361328125 0.015625 0.025390625
0 0.71953125 0.51953125 0.0125 0.01953125
0 0.58203125 0.5166015625 0.0125 0.017578125
1 0.63203125 0.529296875 0.0125 0.01953125
1 0.53515625 0.5341796875 0.0125 0.0234375
1 0.409375 0.5634765625 0.0203125 0.033203125
0 0.42265625 0.525390625 0.0125 0.0234375
0 0.24296875 0.5498046875 0.0203125 0.02734375
1 0.18359375 0.630859375 0.034375 0.0546875