1 0.26484375 0.61083984375 0.0328125 0.0537109375
1 0.40859375 0.5244140625 0.015625 0.02734375
0 0.775 0.548828125 0.01875 0.03515625
0 0.985546875 0.6142578125 0.02734375 0.05859375
0 0.676953125 0.51220703125 0.01328125 0.0224609375
1 0.45390625 0.49560546875 0.0109375 0.0185546875
0 0.6265625 0.4873046875 0.009375 0.017578125
0 0.591015625 0.47607421875 0.00703125 0.0146484375
0 0.542578125 0.4716796875 0.00546875 0.013671875
1 0.460546875 0.47900390625 0.00859375 0.0166015625
1 0.3796875 0.4736328125 0.0078125 0.013671875
0 0.43125 0.46728515625 0.00625 0.0107421875
1 0.289453125 0.4716796875 0.00703125 0.01171875