1 0.29765625 0.685546875 0.0375 0.05078125
1 0.5875 0.6083984375 0.021875 0.033203125
1 0.7125 0.5810546875 0.015625 0.025390625
1 0.81171875 0.5673828125 0.0125 0.021484375
0 0.7109375 0.560546875 0.0125 0.01953125
0 0.5953125 0.5703125 0.015625 0.01953125
0 0.41953125 0.5966796875 0.01875 0.029296875
0 0.1015625 0.6455078125 0.028125 0.041015625
0 0.2140625 0.5888671875 0.015625 0.021484375
1 0.15 0.5791015625 0.009375 0.017578125
1 0.303515625 0.5615234375 0.00859375 0.015625
0 0.39609375 0.56298828125 0.009375 0.0185546875
1 0.54140625 0.52392578125 0.0078125 0.0146484375
1 0.55234375 0.52392578125 0.0078125 0.0146484375