0 0.65 0.6123046875 0.03125 0.052734375
0 0.559375 0.5390625 0.0171875 0.029296875
0 0.5265625 0.51171875 0.0109375 0.01953125
1 0.22734375 0.6240234375 0.0328125 0.052734375
1 0.31953125 0.541015625 0.015625 0.02734375
1 0.3609375 0.509765625 0.0109375 0.01953125
0 0.508203125 0.49462890625 0.00859375 0.0166015625
0 0.484375 0.48193359375 0.00625 0.0126953125
1 0.380859375 0.49462890625 0.00859375 0.0146484375
1 0.388671875 0.48388671875 0.00703125 0.0126953125
0 0.4140625 0.47607421875 0.00625 0.0126953125
1 0.346484375 0.48046875 0.00703125 0.01171875
0 0.2828125 0.47607421875 0.00625 0.0107421875
1 0.269140625 0.47998046875 0.00546875 0.0107421875
1 0.184375 0.48193359375 0.00625 0.0107421875
0 0.142578125 0.47998046875 0.00546875 0.0107421875
1 0.087890625 0.48974609375 0.00703125 0.0126953125
1 0.003125 0.4990234375 0.00625 0.013671875
0 0.03828125 0.486328125 0.0078125 0.01171875