1 0.0875 0.73828125 0.04375 0.0625
1 0.50234375 0.640625 0.0265625 0.0390625
1 0.6671875 0.607421875 0.01875 0.03125
1 0.78828125 0.58984375 0.0140625 0.025390625
0 0.68125 0.576171875 0.0125 0.01953125
0 0.54375 0.58984375 0.0171875 0.025390625
0 0.32734375 0.6181640625 0.021875 0.033203125
0 0.12734375 0.599609375 0.015625 0.025390625
1 0.075 0.587890625 0.0125 0.01953125
1 0.251171875 0.56982421875 0.00859375 0.0166015625
0 0.3421875 0.57470703125 0.0109375 0.0185546875
1 0.49609375 0.53369140625 0.0078125 0.0166015625
1 0.5078125 0.53369140625 0.009375 0.0166015625