1 0.278125 0.6962890625 0.040625 0.076171875
1 0.21328125 0.5869140625 0.021875 0.0390625
1 0.109375 0.55615234375 0.015625 0.0263671875
1 0.028125 0.5458984375 0.0125 0.021484375
0 0.964453125 0.65283203125 0.04765625 0.0751953125
0 0.740625 0.5830078125 0.03125 0.048828125
0 0.45703125 0.5390625 0.015625 0.029296875
0 0.315625 0.52294921875 0.0125 0.0205078125
0 0.19609375 0.515625 0.009375 0.017578125
0 0.091796875 0.517578125 0.00859375 0.015625
0 0.014453125 0.51904296875 0.00859375 0.0146484375