0 0.215625 0.744140625 0.0484375 0.072265625
0 0.028125 0.626953125 0.025 0.0390625
0 0.16796875 0.5751953125 0.0125 0.021484375
1 0.0109375 0.58154296875 0.0125 0.0205078125
0 0.39296875 0.60546875 0.01875 0.03515625
0 0.4609375 0.56787109375 0.0125 0.0224609375
1 0.63671875 0.5517578125 0.0109375 0.017578125
1 0.615625 0.5654296875 0.0140625 0.0234375
1 0.6125 0.59375 0.01875 0.03125
1 0.69453125 0.693359375 0.0375 0.060546875
0 0.51171875 0.552734375 0.009375 0.017578125
1 0.351953125 0.52099609375 0.00859375 0.0166015625
1 0.36484375 0.52099609375 0.0078125 0.0166015625
1 0.011328125 0.54150390625 0.00546875 0.0087890625
1 0.021875 0.537109375 0.0046875 0.0078125
1 0.034375 0.5380859375 0.0046875 0.0078125