1 0.2421875 0.68359375 0.05 0.072265625
1 0.36171875 0.57861328125 0.0265625 0.0400390625
0 0.90078125 0.591796875 0.0359375 0.052734375
0 0.6953125 0.53369140625 0.0171875 0.0302734375
1 0.35703125 0.5322265625 0.0125 0.0234375
0 0.599609375 0.51416015625 0.01328125 0.0205078125
0 0.044140625 0.52685546875 0.01015625 0.0166015625
0 0.585546875 0.50048828125 0.01015625 0.0185546875
1 0.28515625 0.51025390625 0.009375 0.0166015625
1 0.389453125 0.50830078125 0.01015625 0.0185546875
1 0.33125 0.50244140625 0.0078125 0.0146484375
1 0.442578125 0.49365234375 0.00703125 0.0146484375
0 0.6234375 0.4912109375 0.009375 0.015625