1 0.4578125 0.4638671875 0.0046875 0.0078125
0 0.496484375 0.46435546875 0.00390625 0.0068359375
1 0.53515625 0.47265625 0.0046875 0.0078125
1 0.56796875 0.47509765625 0.0046875 0.0087890625
0 0.59453125 0.470703125 0.0046875 0.0078125
0 0.623828125 0.47119140625 0.00546875 0.0087890625
1 0.61796875 0.4765625 0.00625 0.009765625
1 0.678125 0.4765625 0.00625 0.009765625
0 0.696484375 0.47314453125 0.00546875 0.0087890625
0 0.75 0.47216796875 0.0046875 0.0087890625
1 0.75390625 0.4765625 0.0046875 0.009765625
1 0.82578125 0.4765625 0.00625 0.009765625
0 0.812890625 0.47216796875 0.00546875 0.0087890625
0 0.87734375 0.47314453125 0.00625 0.0087890625
1 0.887109375 0.4775390625 0.00546875 0.009765625
1 0.957421875 0.47998046875 0.00703125 0.0107421875
0 0.945703125 0.4755859375 0.00546875 0.009765625