1 0.257421875 0.6083984375 0.03046875 0.048828125
1 0.375 0.54150390625 0.01875 0.0283203125
1 0.328515625 0.52587890625 0.01640625 0.0244140625
1 0.223828125 0.5068359375 0.01015625 0.017578125
0 0.6390625 0.5166015625 0.0125 0.0234375
0 0.69765625 0.533203125 0.0140625 0.029296875
0 0.8125 0.5791015625 0.0265625 0.04296875
0 0.81640625 0.5634765625 0.021875 0.037109375
0 0.986328125 0.65966796875 0.02578125 0.0732421875
1 0.96171875 0.5234375 0.015625 0.02734375
1 0.83125 0.50537109375 0.0125 0.0224609375
1 0.79375 0.49462890625 0.009375 0.0185546875
0 0.5640625 0.50341796875 0.0109375 0.0205078125
0 0.446484375 0.4931640625 0.00859375 0.015625