1 0.475 0.67578125 0.034375 0.05078125
1 0.2890625 0.6220703125 0.01875 0.033203125
1 0.296875 0.5810546875 0.0125 0.021484375
1 0.8953125 0.6689453125 0.03125 0.052734375
0 0.4640625 0.5810546875 0.015625 0.021484375
0 0.52421875 0.5654296875 0.0125 0.017578125
0 0.49921875 0.599609375 0.0203125 0.02734375
0 0.625 0.6083984375 0.01875 0.033203125
0 0.76796875 0.6015625 0.01875 0.03125
0 0.8359375 0.5830078125 0.015625 0.02734375
0 0.89453125 0.55322265625 0.0125 0.0185546875
0 0.969921875 0.53662109375 0.00859375 0.0166015625
0 0.854296875 0.529296875 0.00546875 0.01171875
0 0.806640625 0.53857421875 0.00703125 0.0146484375
0 0.68203125 0.552734375 0.009375 0.017578125
1 0.721875 0.537109375 0.0078125 0.013671875
1 0.76875 0.529296875 0.00625 0.01171875
1 0.615625 0.54638671875 0.00625 0.0146484375
1 0.46328125 0.55810546875 0.009375 0.0166015625