1 0.260546875 0.5048828125 0.01015625 0.015625
1 0.285546875 0.51416015625 0.01171875 0.0185546875
1 0.3515625 0.52294921875 0.0125 0.0205078125
1 0.46015625 0.52734375 0.0140625 0.021484375
1 0.61484375 0.5283203125 0.0125 0.021484375
1 0.76171875 0.5234375 0.0125 0.01953125
1 0.875 0.515625 0.0109375 0.017578125
1 0.96640625 0.5126953125 0.009375 0.015625
0 0.930078125 0.5 0.00859375 0.013671875
0 0.85859375 0.5009765625 0.0078125 0.013671875
0 0.777734375 0.5029296875 0.00859375 0.015625
0 0.678515625 0.50927734375 0.01015625 0.0166015625
0 0.57421875 0.51220703125 0.0109375 0.0185546875
0 0.458984375 0.509765625 0.01015625 0.017578125
0 0.394921875 0.50146484375 0.00859375 0.0146484375
0 0.37734375 0.49609375 0.0078125 0.013671875