0 0.07734375 0.732421875 0.04375 0.06640625
0 0.02578125 0.59375 0.015625 0.0234375
0 0.07578125 0.580078125 0.0109375 0.01953125
0 0.24453125 0.5654296875 0.0109375 0.017578125
0 0.3375 0.5654296875 0.009375 0.017578125
0 0.378125 0.572265625 0.0140625 0.0234375
0 0.29453125 0.609375 0.0171875 0.03125
1 0.52421875 0.564453125 0.0109375 0.01953125
1 0.5109375 0.603515625 0.01875 0.03125
1 0.49609375 0.703125 0.0375 0.060546875
1 0.0171875 0.57275390625 0.009375 0.0166015625
1 0.151171875 0.560546875 0.00703125 0.015625
0 0.15625 0.57177734375 0.0109375 0.0166015625
1 0.283984375 0.5537109375 0.00859375 0.013671875
1 0.4421875 0.55029296875 0.0078125 0.0146484375