0 0.594140625 0.84814453125 0.07109375 0.1123046875
0 0.6875 0.619140625 0.03125 0.04296875
0 0.6890625 0.556640625 0.015625 0.025390625
0 0.882421875 0.53857421875 0.01484375 0.0205078125
1 0.0578125 0.7724609375 0.059375 0.083984375
1 0.4203125 0.6123046875 0.021875 0.037109375
1 0.52265625 0.5634765625 0.0140625 0.025390625
1 0.492578125 0.5419921875 0.01015625 0.015625
0 0.62109375 0.53466796875 0.009375 0.0185546875
0 0.83984375 0.52490234375 0.009375 0.0166015625
0 0.828515625 0.51904296875 0.00703125 0.0146484375
1 0.737109375 0.4931640625 0.00703125 0.01171875
1 0.746484375 0.4931640625 0.00703125 0.01171875
1 0.930859375 0.51708984375 0.00859375 0.0146484375
1 0.95078125 0.5224609375 0.009375 0.015625
1 0.995703125 0.5322265625 0.00703125 0.01953125