0 0.625 0.623046875 0.034375 0.05078125
0 0.51171875 0.5478515625 0.0171875 0.029296875
0 0.43125 0.5166015625 0.0140625 0.021484375
1 0.194140625 0.6435546875 0.03515625 0.056640625
1 0.2703125 0.5576171875 0.01875 0.029296875
1 0.27890625 0.52685546875 0.0140625 0.0205078125
0 0.004296875 0.50732421875 0.00859375 0.0146484375
1 0.02734375 0.5166015625 0.0109375 0.017578125
1 0.135546875 0.51318359375 0.01015625 0.0166015625
0 0.180078125 0.501953125 0.00859375 0.015625
1 0.23359375 0.51513671875 0.009375 0.0185546875
0 0.33828125 0.50439453125 0.009375 0.0166015625
1 0.493359375 0.4853515625 0.00546875 0.009765625
0 0.54765625 0.482421875 0.0046875 0.009765625
1 0.55 0.4892578125 0.00625 0.009765625
0 0.605078125 0.486328125 0.00546875 0.01171875
1 0.618359375 0.49267578125 0.00703125 0.0126953125
0 0.67734375 0.490234375 0.00625 0.01171875
1 0.713671875 0.4990234375 0.00703125 0.013671875
0 0.773046875 0.49609375 0.00703125 0.01171875
1 0.844140625 0.50927734375 0.00859375 0.0146484375
0 0.894140625 0.50341796875 0.00859375 0.0146484375
1 0.9765625 0.51904296875 0.009375 0.0166015625