0 0.46875 0.65234375 0.034375 0.0546875
0 0.5484375 0.5693359375 0.01875 0.029296875
0 0.61953125 0.5390625 0.0125 0.0234375
1 0.759375 0.55078125 0.0140625 0.0234375
1 0.7671875 0.5830078125 0.01875 0.03125
1 0.853125 0.6669921875 0.03125 0.0546875
1 0.95625 0.57421875 0.0171875 0.02734375
1 0.8875 0.556640625 0.015625 0.0234375
1 0.81484375 0.5478515625 0.0140625 0.021484375
0 0.7296875 0.5322265625 0.0125 0.017578125
0 0.879296875 0.5390625 0.01015625 0.017578125
0 0.9890625 0.5537109375 0.0125 0.021484375