0 0.36953125 0.58984375 0.0265625 0.044921875
0 0.1765625 0.5517578125 0.0203125 0.033203125
0 0.214453125 0.525390625 0.01484375 0.0234375
0 0.75234375 0.5625 0.0234375 0.0390625
0 0.86328125 0.529296875 0.0171875 0.029296875
0 0.8921875 0.5078125 0.0125 0.0234375
1 0.61953125 0.5107421875 0.0125 0.021484375
1 0.543359375 0.52294921875 0.01484375 0.0224609375
1 0.48203125 0.5205078125 0.015625 0.0234375
0 0.2859375 0.49853515625 0.009375 0.0166015625
1 0.467578125 0.49462890625 0.00859375 0.0146484375
1 0.407421875 0.48291015625 0.00703125 0.0126953125
1 0.63671875 0.49609375 0.009375 0.017578125
0 0.873828125 0.49560546875 0.01171875 0.0205078125
0 0.8421875 0.48876953125 0.009375 0.0166015625