1 0.2796875 0.513671875 0.0125 0.01953125
1 0.34609375 0.521484375 0.0125 0.0234375
1 0.4546875 0.525390625 0.0125 0.01953125
1 0.6109375 0.525390625 0.0125 0.0234375
1 0.7578125 0.5205078125 0.0125 0.021484375
1 0.8703125 0.51171875 0.009375 0.01953125
1 0.962890625 0.5087890625 0.01015625 0.015625
0 0.92578125 0.49560546875 0.0078125 0.0126953125
0 0.85390625 0.4970703125 0.0078125 0.013671875
0 0.7734375 0.49951171875 0.009375 0.0146484375
0 0.67421875 0.50732421875 0.0109375 0.0166015625
0 0.569921875 0.509765625 0.01015625 0.017578125
0 0.454296875 0.50830078125 0.01015625 0.0166015625
0 0.389453125 0.50048828125 0.00859375 0.0146484375
0 0.371875 0.49560546875 0.0078125 0.0126953125
1 0.25546875 0.5048828125 0.009375 0.015625