1 0.471875 0.6796875 0.03125 0.046875
1 0.271875 0.6298828125 0.01875 0.03125
1 0.275 0.587890625 0.0125 0.01953125
1 0.88671875 0.6640625 0.0296875 0.05078125
1 0.9875 0.623046875 0.021875 0.03515625
0 0.61171875 0.6123046875 0.01875 0.03125
0 0.75078125 0.603515625 0.0171875 0.03125
0 0.815625 0.5830078125 0.015625 0.025390625
0 0.8703125 0.552734375 0.009375 0.01953125
0 0.48359375 0.6044921875 0.0203125 0.029296875
0 0.44609375 0.5859375 0.0140625 0.0234375
0 0.503125 0.5712890625 0.0125 0.021484375
1 0.43984375 0.5634765625 0.009375 0.017578125
1 0.59140625 0.55029296875 0.0078125 0.0146484375
0 0.659765625 0.55517578125 0.00859375 0.0166015625
1 0.696484375 0.54052734375 0.00703125 0.0126953125
1 0.74140625 0.5322265625 0.00625 0.01171875
0 0.780859375 0.54052734375 0.00703125 0.0146484375
0 0.826171875 0.53076171875 0.00703125 0.0126953125
0 0.941015625 0.537109375 0.00859375 0.015625