0 0.87109375 0.71484375 0.0421875 0.06640625
0 0.49765625 0.685546875 0.0390625 0.056640625
0 0.35703125 0.6318359375 0.0265625 0.037109375
0 0.27578125 0.5908203125 0.0171875 0.025390625
0 0.9296875 0.5791015625 0.01875 0.02734375
0 0.76171875 0.55859375 0.0109375 0.01953125
1 0.65859375 0.6240234375 0.01875 0.037109375
1 0.7921875 0.62109375 0.0203125 0.03515625
1 0.7875 0.5966796875 0.0171875 0.03125
1 0.6484375 0.572265625 0.0125 0.0234375
1 0.53125 0.603515625 0.0171875 0.03125
1 0.4296875 0.5751953125 0.0125 0.021484375
0 0.637109375 0.548828125 0.01015625 0.017578125
1 0.53984375 0.56005859375 0.0109375 0.0185546875
0 0.535546875 0.54248046875 0.00859375 0.0146484375
1 0.45703125 0.5498046875 0.0078125 0.015625
0 0.429296875 0.5390625 0.00703125 0.01171875
1 0.3609375 0.56005859375 0.009375 0.0166015625
1 0.368359375 0.54541015625 0.00703125 0.0126953125
1 0.27734375 0.5556640625 0.0078125 0.015625
0 0.318359375 0.53759765625 0.00703125 0.0126953125
1 0.273046875 0.544921875 0.00703125 0.01171875
1 0.205078125 0.54541015625 0.00703125 0.0126953125
0 0.23984375 0.53955078125 0.00625 0.0126953125
0 0.15 0.54345703125 0.00625 0.0107421875
1 0.13515625 0.5478515625 0.00625 0.01171875