0 0.35703125 0.6875 0.040625 0.05859375
0 0.21875 0.6103515625 0.021875 0.03125
0 0.10703125 0.5869140625 0.0125 0.0234375
0 0.09296875 0.578125 0.0109375 0.01953125
0 0.43046875 0.5673828125 0.0125 0.021484375
0 0.584375 0.5947265625 0.0203125 0.03125
1 0.553125 0.5537109375 0.0125 0.017578125
1 0.68671875 0.568359375 0.0140625 0.0234375
1 0.991796875 0.576171875 0.01484375 0.029296875
0 0.825390625 0.9580078125 0.04453125 0.08203125
1 0.071875 0.56396484375 0.0078125 0.0146484375
0 0.13984375 0.5673828125 0.0109375 0.017578125
1 0.195703125 0.5517578125 0.00859375 0.013671875
0 0.2109375 0.5595703125 0.009375 0.015625
0 0.303125 0.552734375 0.009375 0.015625
1 0.3453125 0.5419921875 0.0078125 0.013671875
0 0.372265625 0.552734375 0.01015625 0.015625
1 0.467578125 0.54296875 0.00859375 0.015625