1 0.224609375 0.6787109375 0.03984375 0.068359375
1 0.373046875 0.55908203125 0.01640625 0.0302734375
1 0.253515625 0.54052734375 0.01484375 0.0224609375
0 0.773046875 0.59033203125 0.02890625 0.0478515625
0 0.6578125 0.53369140625 0.01875 0.0283203125
0 0.560546875 0.52392578125 0.01328125 0.0244140625
1 0.128125 0.5361328125 0.0109375 0.01953125
1 0.028515625 0.5361328125 0.01015625 0.017578125
0 0.023828125 0.521484375 0.00703125 0.013671875
0 0.13046875 0.515625 0.0078125 0.013671875
0 0.251171875 0.51416015625 0.00859375 0.0166015625
0 0.3765625 0.51611328125 0.009375 0.0185546875