1 0.409375 0.5283203125 0.0140625 0.025390625
1 0.451171875 0.501953125 0.01015625 0.01953125
0 0.62109375 0.5263671875 0.015625 0.025390625
0 0.598046875 0.5009765625 0.01171875 0.017578125
1 0.126953125 0.8994140625 0.09609375 0.14453125
1 0.45234375 0.48828125 0.0078125 0.013671875
1 0.446875 0.4794921875 0.00625 0.01171875
1 0.433984375 0.47509765625 0.00546875 0.0107421875
1 0.401171875 0.47216796875 0.00546875 0.0107421875
1 0.3453125 0.47265625 0.0046875 0.009765625
1 0.290625 0.4736328125 0.00625 0.009765625
1 0.234375 0.4765625 0.00625 0.009765625
1 0.180859375 0.48291015625 0.00703125 0.0107421875
1 0.1203125 0.48974609375 0.0078125 0.0126953125
1 0.032421875 0.50146484375 0.00859375 0.0166015625
0 0.0234375 0.4912109375 0.0078125 0.013671875
0 0.103515625 0.482421875 0.00703125 0.01171875
0 0.178515625 0.4755859375 0.00546875 0.009765625
0 0.25859375 0.4716796875 0.00625 0.009765625
0 0.355078125 0.46923828125 0.00546875 0.0087890625
0 0.448828125 0.4697265625 0.00546875 0.009765625
0 0.502734375 0.47216796875 0.00703125 0.0107421875
0 0.539453125 0.47802734375 0.00703125 0.0126953125
0 0.5671875 0.48583984375 0.0078125 0.0146484375
0 0.914453125 0.47705078125 0.00546875 0.0107421875
0 0.84921875 0.48388671875 0.00625 0.0126953125
1 0.79453125 0.47509765625 0.00625 0.0107421875
0 0.83828125 0.47265625 0.00625 0.009765625
1 0.730078125 0.4716796875 0.00703125 0.009765625
0 0.7734375 0.4697265625 0.00625 0.009765625