0 0.7265625 0.63330078125 0.04375 0.0654296875
0 0.69921875 0.5341796875 0.021875 0.033203125
0 0.57265625 0.515625 0.015625 0.02734375
1 0.015234375 0.6513671875 0.03046875 0.05859375
1 0.184375 0.5869140625 0.025 0.0390625
1 0.29375 0.5419921875 0.0171875 0.029296875
0 0.946875 0.9345703125 0.096875 0.12890625
1 0.29453125 0.51953125 0.0125 0.021484375
1 0.248828125 0.51025390625 0.01015625 0.0166015625
1 0.176953125 0.5068359375 0.00859375 0.013671875
1 0.075 0.51220703125 0.0078125 0.0146484375
0 0.11484375 0.49951171875 0.00625 0.0126953125
0 0.233984375 0.49462890625 0.00703125 0.0126953125
0 0.4 0.4931640625 0.0078125 0.013671875
0 0.531640625 0.505859375 0.01171875 0.021484375
0 0.49296875 0.49755859375 0.009375 0.0166015625
0 0.506640625 0.494140625 0.00859375 0.015625
1 0.840234375 0.50048828125 0.01328125 0.0224609375
1 0.73984375 0.49462890625 0.0109375 0.0185546875
1 0.684765625 0.4833984375 0.00859375 0.015625
1 0.654296875 0.4775390625 0.00703125 0.01171875