1 0.60703125 0.677734375 0.03125 0.05078125
1 0.33125 0.6318359375 0.021875 0.033203125
1 0.29140625 0.5859375 0.0125 0.0234375
0 0.478125 0.5810546875 0.0140625 0.0234375
0 0.52421875 0.5634765625 0.0125 0.021484375
0 0.5375 0.59765625 0.01875 0.029296875
0 0.679296875 0.60205078125 0.02109375 0.0302734375
0 0.8125 0.59033203125 0.0203125 0.0302734375
0 0.855859375 0.56982421875 0.01796875 0.0263671875
0 0.88125 0.541015625 0.009375 0.01953125
0 0.67109375 0.544921875 0.0109375 0.01953125
1 0.448828125 0.55712890625 0.00859375 0.0166015625
1 0.59453125 0.54248046875 0.0078125 0.0146484375
1 0.6921875 0.53125 0.0078125 0.013671875
1 0.728125 0.52294921875 0.0046875 0.0107421875
0 0.778515625 0.53076171875 0.00703125 0.0146484375
0 0.812109375 0.52099609375 0.00703125 0.0126953125
1 0.993359375 0.64501953125 0.01171875 0.0439453125
1 0.9125 0.49267578125 0.0046875 0.0087890625
1 0.9203125 0.49267578125 0.0046875 0.0087890625
0 0.934375 0.5263671875 0.0078125 0.015625
0 0.97578125 0.517578125 0.0078125 0.013671875