0 0.8875 0.5986328125 0.0375 0.0546875
0 0.72109375 0.55615234375 0.025 0.0361328125
0 0.47421875 0.525390625 0.015625 0.0234375
1 0.37421875 0.62890625 0.03125 0.0546875
1 0.275 0.56201171875 0.01875 0.0322265625
1 0.158984375 0.54150390625 0.01484375 0.0244140625
1 0.0734375 0.533203125 0.0125 0.01953125
1 0.00859375 0.52783203125 0.0109375 0.0185546875
0 0.33828125 0.5126953125 0.0109375 0.01953125
0 0.21796875 0.5078125 0.009375 0.015625
0 0.11484375 0.50927734375 0.0078125 0.0146484375
0 0.03828125 0.5107421875 0.0078125 0.013671875