1 0.9390625 0.666015625 0.034375 0.05078125
1 0.70703125 0.7138671875 0.0453125 0.064453125
1 0.3125 0.6787109375 0.03125 0.044921875
1 0.25546875 0.623046875 0.0171875 0.029296875
1 0.32890625 0.5830078125 0.0109375 0.021484375
0 0.47109375 0.5859375 0.0125 0.0234375
0 0.4640625 0.6064453125 0.01875 0.025390625
0 0.5609375 0.6201171875 0.021875 0.033203125
0 0.7140625 0.619140625 0.021875 0.03515625
0 0.8296875 0.5966796875 0.01875 0.033203125
0 0.95703125 0.55859375 0.0140625 0.0234375
0 0.55078125 0.572265625 0.0109375 0.01953125
1 0.5125 0.5625 0.009375 0.015625
1 0.678125 0.5498046875 0.0078125 0.015625
0 0.731640625 0.5576171875 0.01015625 0.01953125
1 0.803515625 0.5400390625 0.00703125 0.013671875
1 0.872265625 0.5302734375 0.00703125 0.01171875
0 0.889453125 0.54052734375 0.00859375 0.0166015625
0 0.9640625 0.52880859375 0.0078125 0.0126953125