1 0.215625 0.6357421875 0.034375 0.056640625
1 0.16328125 0.5654296875 0.01875 0.033203125
1 0.128125 0.5322265625 0.0125 0.0234375
0 0.278125 0.5224609375 0.0125 0.021484375
0 0.38046875 0.5478515625 0.0171875 0.029296875
0 0.5484375 0.5966796875 0.03125 0.044921875
0 0.9703125 0.7822265625 0.0578125 0.111328125
1 0.27421875 0.943359375 0.0875 0.111328125
1 0.058984375 0.51904296875 0.01171875 0.0185546875
0 0.0515625 0.5048828125 0.009375 0.015625
0 0.171484375 0.51025390625 0.01015625 0.0166015625