1 0.0546875 0.6845703125 0.034375 0.052734375
1 0.49609375 0.83984375 0.0765625 0.11328125
0 0.25625 0.6142578125 0.021875 0.037109375
0 0.67734375 0.654296875 0.034375 0.0546875
0 0.8859375 0.560546875 0.0171875 0.02734375
0 0.590625 0.5712890625 0.015625 0.02734375
0 0.3453125 0.5654296875 0.0140625 0.0234375
0 0.20859375 0.5625 0.0109375 0.01953125
1 0.953125 0.5390625 0.0125 0.01953125
1 0.8046875 0.54296875 0.0125 0.01953125
1 0.58203125 0.548828125 0.0125 0.01953125
1 0.4 0.5498046875 0.009375 0.017578125
1 0.0765625 0.53125 0.0078125 0.017578125
1 0.08671875 0.53125 0.0078125 0.017578125
0 0.14296875 0.5595703125 0.009375 0.017578125
1 0.25234375 0.54736328125 0.009375 0.0146484375
1 0.310546875 0.548828125 0.01015625 0.017578125