1 0.27265625 0.5908203125 0.0234375 0.041015625
1 0.346875 0.5322265625 0.015625 0.025390625
1 0.378125 0.5087890625 0.009375 0.017578125
0 0.53203125 0.5107421875 0.009375 0.017578125
0 0.56015625 0.53515625 0.015625 0.025390625
0 0.62265625 0.591796875 0.0265625 0.04296875
0 0.88125 0.8154296875 0.078125 0.111328125
1 0.390234375 0.49365234375 0.00859375 0.0146484375
0 0.500390625 0.4912109375 0.00703125 0.013671875
0 0.420703125 0.484375 0.00703125 0.01171875
1 0.34296875 0.48779296875 0.0078125 0.0126953125
0 0.27578125 0.4814453125 0.00625 0.01171875
1 0.257421875 0.486328125 0.00703125 0.01171875
1 0.161328125 0.4892578125 0.00703125 0.01171875
0 0.119140625 0.4853515625 0.00703125 0.01171875
1 0.047265625 0.4970703125 0.00703125 0.013671875