1 0.6828125 0.6318359375 0.0328125 0.046875
1 0.328125 0.6357421875 0.034375 0.048828125
1 0.43671875 0.56640625 0.01875 0.029296875
1 0.490625 0.5380859375 0.0140625 0.021484375
1 0.653125 0.5673828125 0.015625 0.02734375
0 0.034375 0.6171875 0.034375 0.046875
0 0.24375 0.5546875 0.01875 0.02734375
0 0.35390625 0.529296875 0.0125 0.01953125
0 0.8375 0.5693359375 0.01875 0.02734375
0 0.77265625 0.541015625 0.0125 0.01953125
1 0.987890625 0.77099609375 0.02265625 0.0712890625
0 0.73828125 0.52880859375 0.0109375 0.0166015625
0 0.67265625 0.51904296875 0.009375 0.0146484375
1 0.65703125 0.53857421875 0.0125 0.0185546875
1 0.6390625 0.5283203125 0.0109375 0.017578125
1 0.595703125 0.5234375 0.00859375 0.015625
1 0.540234375 0.5244140625 0.01015625 0.017578125
0 0.552734375 0.51416015625 0.00859375 0.0146484375
0 0.448046875 0.51708984375 0.01015625 0.0166015625