1 0.32578125 0.6171875 0.03125 0.046875
1 0.321875 0.5693359375 0.0203125 0.033203125
0 0.91875 0.6220703125 0.040625 0.05859375
0 0.80859375 0.5703125 0.025 0.041015625
0 0.696875 0.5322265625 0.0171875 0.02734375
1 0.258203125 0.52783203125 0.01328125 0.0224609375
1 0.209375 0.52001953125 0.009375 0.0166015625
1 0.241015625 0.50927734375 0.00859375 0.0126953125
0 0.491015625 0.4990234375 0.00859375 0.015625
0 0.553515625 0.50927734375 0.01015625 0.0185546875
0 0.76328125 0.50634765625 0.0125 0.0205078125
0 0.7734375 0.49609375 0.009375 0.015625
1 0.987890625 0.498046875 0.01171875 0.017578125
1 0.950390625 0.48779296875 0.00859375 0.0126953125
1 0.9140625 0.48388671875 0.0078125 0.0126953125
0 0.7390625 0.48828125 0.0078125 0.013671875
0 0.661328125 0.48779296875 0.00703125 0.0126953125
0 0.55078125 0.4892578125 0.0078125 0.01171875
1 0.86484375 0.48046875 0.0078125 0.01171875
1 0.809375 0.47900390625 0.00625 0.0107421875
1 0.724609375 0.47705078125 0.00546875 0.0087890625