1 0.890625 0.6748046875 0.034375 0.052734375
1 0.46640625 0.6728515625 0.034375 0.046875
1 0.3125 0.619140625 0.01875 0.029296875
1 0.33515625 0.5791015625 0.0125 0.021484375
0 0.49609375 0.5791015625 0.0140625 0.021484375
0 0.5203125 0.59765625 0.021875 0.02734375
0 0.56015625 0.564453125 0.0109375 0.01953125
0 0.64140625 0.609375 0.01875 0.03125
0 0.78671875 0.603515625 0.01875 0.03515625
0 0.865625 0.5810546875 0.015625 0.02734375
0 0.940625 0.55078125 0.0125 0.01953125
1 0.5046875 0.55712890625 0.009375 0.0166015625
1 0.658984375 0.544921875 0.00703125 0.013671875
0 0.7234375 0.55126953125 0.009375 0.0185546875
1 0.7703125 0.53564453125 0.00625 0.0126953125
1 0.821875 0.52685546875 0.0046875 0.0107421875
0 0.85546875 0.5361328125 0.0078125 0.015625
0 0.90859375 0.52587890625 0.00625 0.0126953125