1 0.42890625 0.822265625 0.053125 0.09375
1 0.10703125 0.7197265625 0.0375 0.056640625
1 0.02890625 0.669921875 0.028125 0.041015625
1 0.1296875 0.6123046875 0.015625 0.02734375
1 0.28046875 0.5830078125 0.0109375 0.021484375
0 0.38828125 0.5927734375 0.015625 0.025390625
0 0.340625 0.6142578125 0.01875 0.029296875
0 0.3640625 0.6416015625 0.021875 0.037109375
0 0.53359375 0.6572265625 0.0265625 0.046875
0 0.49921875 0.578125 0.0140625 0.0234375
0 0.6203125 0.572265625 0.0125 0.01953125
0 0.84375 0.580078125 0.015625 0.02734375
1 0.86796875 0.560546875 0.0125 0.01953125
1 0.668359375 0.55712890625 0.01015625 0.0185546875
1 0.46171875 0.56201171875 0.009375 0.0185546875