0 0.23203125 0.6748046875 0.0484375 0.078125
0 0.8359375 0.623046875 0.04375 0.0625
0 0.040625 0.5830078125 0.028125 0.046875
0 0.128125 0.5390625 0.015625 0.03125
1 0.459375 0.5341796875 0.0171875 0.03125
1 0.5359375 0.5390625 0.01875 0.029296875
1 0.634375 0.5205078125 0.015625 0.025390625
0 0.96171875 0.556640625 0.0265625 0.0390625
0 0.97265625 0.5205078125 0.0171875 0.029296875
0 0.93671875 0.5009765625 0.0125 0.0234375
0 0.245703125 0.50244140625 0.01171875 0.0205078125
0 0.26171875 0.4873046875 0.009375 0.015625
0 0.1984375 0.47802734375 0.0078125 0.0126953125
1 0.364453125 0.47509765625 0.00703125 0.0107421875
1 0.396484375 0.48193359375 0.00859375 0.0146484375
1 0.456640625 0.49755859375 0.01015625 0.0185546875
1 0.653515625 0.49951171875 0.01015625 0.0185546875
1 0.614453125 0.48486328125 0.00703125 0.0146484375
0 0.894140625 0.4921875 0.01015625 0.01953125
0 0.846875 0.484375 0.009375 0.017578125
0 0.8125 0.4794921875 0.0078125 0.015625
0 0.770703125 0.4755859375 0.00703125 0.013671875