1 0.2921875 0.6640625 0.04375 0.06640625
1 0.3953125 0.54296875 0.01875 0.029296875
0 0.8359375 0.5341796875 0.021875 0.029296875
0 0.759375 0.5068359375 0.015625 0.021484375
1 0.388671875 0.5205078125 0.01015625 0.021484375
1 0.459765625 0.5048828125 0.00859375 0.015625
1 0.599609375 0.490234375 0.00703125 0.013671875
1 0.71875 0.48291015625 0.0078125 0.0126953125
1 0.825 0.47802734375 0.0078125 0.0126953125
0 0.851171875 0.4931640625 0.00859375 0.017578125
1 0.96015625 0.47998046875 0.0078125 0.0146484375