0 0.7796875 0.7197265625 0.040625 0.068359375
0 0.89375 0.576171875 0.0171875 0.029296875
0 0.41484375 0.685546875 0.040625 0.0546875
0 0.300390625 0.63037109375 0.02578125 0.0361328125
0 0.23984375 0.58984375 0.015625 0.025390625
0 0.73203125 0.5546875 0.0109375 0.01953125
1 0.7421875 0.5947265625 0.015625 0.03125
1 0.7359375 0.62109375 0.0234375 0.0390625
1 0.60078125 0.623046875 0.021875 0.0390625
1 0.6125 0.5693359375 0.0125 0.0234375
1 0.48359375 0.603515625 0.0171875 0.03125
1 0.3953125 0.57421875 0.0125 0.01953125
1 0.51015625 0.556640625 0.009375 0.01953125
0 0.612109375 0.54541015625 0.01015625 0.0166015625
0 0.51484375 0.5390625 0.0078125 0.013671875
1 0.43359375 0.54736328125 0.0078125 0.0146484375
0 0.412109375 0.53662109375 0.00703125 0.0126953125
1 0.33515625 0.55859375 0.009375 0.017578125
1 0.349609375 0.54345703125 0.00703125 0.0126953125
1 0.2546875 0.5546875 0.0078125 0.013671875
0 0.302734375 0.537109375 0.00703125 0.01171875
1 0.25625 0.54296875 0.00625 0.01171875
0 0.22578125 0.53857421875 0.00625 0.0107421875
1 0.189453125 0.54443359375 0.00546875 0.0107421875