0 0.20390625 0.6298828125 0.0296875 0.052734375
0 0.2453125 0.5556640625 0.01875 0.02734375
0 0.28125 0.52734375 0.0125 0.01953125
1 0.4234375 0.529296875 0.0125 0.01953125
1 0.4453125 0.5546875 0.0171875 0.025390625
1 0.51484375 0.6123046875 0.0265625 0.041015625
1 0.72734375 0.5849609375 0.021875 0.033203125
1 0.90546875 0.75390625 0.0578125 0.08203125
1 0.9875 0.6240234375 0.0234375 0.0390625
1 0.60625 0.5458984375 0.015625 0.021484375
0 0.73359375 0.541015625 0.0140625 0.0234375
0 0.333203125 0.51171875 0.01015625 0.015625
0 0.4171875 0.505859375 0.0078125 0.013671875
1 0.43125 0.515625 0.009375 0.015625
1 0.473828125 0.51318359375 0.00859375 0.0146484375
1 0.519921875 0.51611328125 0.00859375 0.0146484375
1 0.555078125 0.52392578125 0.01015625 0.0166015625
0 0.52734375 0.5078125 0.0078125 0.013671875
0 0.596484375 0.513671875 0.00859375 0.013671875
0 0.64453125 0.52294921875 0.0109375 0.0146484375