0 0.925 0.6298828125 0.05 0.068359375
0 0.936328125 0.56005859375 0.02890625 0.0419921875
1 0.2859375 0.634765625 0.0421875 0.05859375
1 0.06875 0.6044921875 0.028125 0.041015625
1 0.22578125 0.56640625 0.021875 0.03515625
1 0.334375 0.5361328125 0.01875 0.025390625
1 0.48046875 0.54296875 0.01875 0.03125
1 0.665625 0.5224609375 0.015625 0.025390625
1 0.85546875 0.5146484375 0.0125 0.0234375
1 0.954296875 0.49853515625 0.01171875 0.0205078125
1 0.89296875 0.4921875 0.0109375 0.017578125
1 0.755859375 0.48779296875 0.00859375 0.0146484375
1 0.36953125 0.52734375 0.0125 0.021484375
1 0.366796875 0.51171875 0.01015625 0.017578125
0 0.11953125 0.52880859375 0.0140625 0.0224609375
0 0.03203125 0.52734375 0.009375 0.017578125