0 0.14375 0.74609375 0.0421875 0.0703125
0 0.04296875 0.5947265625 0.0140625 0.021484375
0 0.2484375 0.587890625 0.0125 0.01953125
0 0.45 0.5791015625 0.0125 0.021484375
0 0.659375 0.5732421875 0.0125 0.021484375
0 0.8515625 0.5751953125 0.015625 0.0234375
0 0.959375 0.6474609375 0.034375 0.048828125
0 0.7203125 0.697265625 0.04375 0.060546875
1 0.2125 0.611328125 0.015625 0.025390625
1 0.21796875 0.65234375 0.021875 0.0390625
1 0.446875 0.6015625 0.015625 0.025390625
1 0.58359375 0.63671875 0.0234375 0.0390625
1 0.66875 0.5927734375 0.015625 0.025390625
1 0.74375 0.6162109375 0.0203125 0.033203125
1 0.76875 0.5966796875 0.015625 0.029296875