1 0.04765625 0.8525390625 0.0765625 0.134765625
1 0.03125 0.57421875 0.021875 0.03515625
1 0.18671875 0.5439453125 0.015625 0.025390625
1 0.340625 0.53125 0.0140625 0.0234375
1 0.5171875 0.52734375 0.0125 0.0234375
1 0.7015625 0.533203125 0.015625 0.0234375
0 0.88828125 0.568359375 0.025 0.03515625
0 0.66484375 0.556640625 0.0203125 0.03515625
0 0.5546875 0.669921875 0.05 0.072265625
0 0.4859375 0.544921875 0.01875 0.029296875
0 0.321875 0.5517578125 0.0203125 0.03125
0 0.2171875 0.572265625 0.025 0.03515625
0 0.22265625 0.609375 0.034375 0.044921875