1 0.351171875 0.8076171875 0.06171875 0.111328125
1 0.276171875 0.6337890625 0.03515625 0.05859375
1 0.115234375 0.5751953125 0.02734375 0.041015625
0 0.071875 0.521484375 0.0171875 0.0234375
0 0.31015625 0.53515625 0.0203125 0.02734375
0 0.5640625 0.572265625 0.028125 0.0390625
1 0.762890625 0.4716796875 0.00546875 0.009765625
1 0.65390625 0.4755859375 0.0046875 0.009765625
0 0.623046875 0.47216796875 0.00546875 0.0087890625
1 0.54609375 0.47509765625 0.00625 0.0107421875
0 0.52890625 0.470703125 0.0046875 0.009765625
1 0.440625 0.4736328125 0.00625 0.009765625
0 0.429296875 0.4697265625 0.00546875 0.009765625
1 0.323828125 0.4716796875 0.00546875 0.009765625
1 0.2078125 0.47119140625 0.00625 0.0107421875
0 0.226171875 0.46875 0.00546875 0.009765625
0 0.12109375 0.4677734375 0.00625 0.009765625
1 0.091015625 0.47021484375 0.00546875 0.0087890625