1 0.246875 0.6416015625 0.0375 0.05859375
1 0.35390625 0.55126953125 0.01875 0.0302734375
1 0.389453125 0.5126953125 0.01328125 0.017578125
0 0.546875 0.50927734375 0.0125 0.0205078125
0 0.61796875 0.55859375 0.0203125 0.03515625
0 0.7359375 0.6630859375 0.040625 0.068359375
0 0.050390625 0.49560546875 0.00859375 0.0146484375
1 0.090625 0.50244140625 0.009375 0.0166015625
1 0.219140625 0.498046875 0.00859375 0.015625
0 0.252734375 0.48876953125 0.00859375 0.0146484375
1 0.329296875 0.50146484375 0.00859375 0.0166015625
0 0.437109375 0.494140625 0.01015625 0.015625