1 0.628125 0.66796875 0.03125 0.0546875
1 0.565625 0.5888671875 0.0171875 0.029296875
1 0.571875 0.564453125 0.015625 0.0234375
0 0.4265625 0.5654296875 0.0125 0.021484375
0 0.3625 0.5986328125 0.01875 0.03125
0 0.2125 0.7109375 0.040625 0.0625
0 0.0203125 0.62109375 0.025 0.03515625
0 0.14609375 0.57568359375 0.0140625 0.0224609375
1 0.594140625 0.55224609375 0.01171875 0.0185546875
0 0.475 0.552734375 0.009375 0.017578125
1 0.334375 0.5224609375 0.0078125 0.015625
1 0.321875 0.5234375 0.0078125 0.015625