1 0.9671875 0.5595703125 0.021875 0.033203125
1 0.74921875 0.5498046875 0.0171875 0.029296875
1 0.6015625 0.537109375 0.015625 0.02734375
1 0.51953125 0.5224609375 0.0140625 0.0234375
0 0.7359375 0.5205078125 0.0140625 0.021484375
0 0.88671875 0.52734375 0.0140625 0.0234375
0 0.65234375 0.50634765625 0.0109375 0.0166015625
0 0.6296875 0.49853515625 0.009375 0.0146484375
1 0.49296875 0.50732421875 0.0109375 0.0185546875
1 0.498828125 0.4990234375 0.00703125 0.015625
1 0.501953125 0.49072265625 0.00703125 0.0126953125
1 0.48125 0.484375 0.00625 0.01171875
0 0.631640625 0.4912109375 0.00546875 0.01171875
0 0.57734375 0.482421875 0.00625 0.009765625
1 0.451953125 0.48193359375 0.00703125 0.0107421875
0 0.5359375 0.47802734375 0.00625 0.0087890625
0 0.471484375 0.4755859375 0.00546875 0.009765625
0 0.391015625 0.47509765625 0.00546875 0.0087890625
1 0.395703125 0.48046875 0.00546875 0.009765625
1 0.322265625 0.48046875 0.00703125 0.009765625
0 0.314453125 0.47509765625 0.00546875 0.0087890625
0 0.24296875 0.47509765625 0.0046875 0.0087890625
1 0.253125 0.47998046875 0.00625 0.0107421875
1 0.1890625 0.47998046875 0.00625 0.0107421875
0 0.1796875 0.47607421875 0.0046875 0.0087890625
0 0.116015625 0.47802734375 0.00546875 0.0087890625
1 0.12890625 0.4814453125 0.00625 0.009765625
1 0.05390625 0.4853515625 0.00625 0.009765625
0 0.04921875 0.4814453125 0.00625 0.009765625