0 0.675 0.546875 0.01875 0.03125
0 0.63359375 0.5224609375 0.0140625 0.025390625
1 0.30546875 0.556640625 0.01875 0.03125
1 0.34375 0.5263671875 0.0140625 0.021484375
1 0.95703125 0.49658203125 0.0109375 0.0166015625
0 0.764453125 0.513671875 0.01171875 0.021484375
1 0.809375 0.4951171875 0.0078125 0.015625
1 0.706640625 0.49267578125 0.00703125 0.0146484375
0 0.590234375 0.51025390625 0.01015625 0.0205078125
0 0.5984375 0.50732421875 0.009375 0.0185546875
0 0.546484375 0.50048828125 0.00859375 0.0166015625
0 0.516015625 0.49658203125 0.00703125 0.0146484375
1 0.640234375 0.4873046875 0.00703125 0.01171875
1 0.623828125 0.48291015625 0.00546875 0.0107421875
0 0.4671875 0.49169921875 0.00625 0.0126953125
1 0.3671875 0.51025390625 0.009375 0.0166015625
1 0.32578125 0.50537109375 0.0078125 0.0146484375
0 0.38203125 0.48974609375 0.00625 0.0107421875