0 0.57734375 0.578125 0.0234375 0.0390625
0 0.8515625 0.8349609375 0.08125 0.12109375
0 0.51796875 0.53125 0.015625 0.0234375
1 0.254296875 0.58544921875 0.02578125 0.0400390625
1 0.31328125 0.5322265625 0.0171875 0.025390625
1 0.345703125 0.5087890625 0.01015625 0.017578125
0 0.493359375 0.50927734375 0.01015625 0.0185546875
0 0.47890625 0.4970703125 0.009375 0.015625
0 0.4578125 0.486328125 0.00625 0.01171875
1 0.3625 0.49658203125 0.0078125 0.0146484375
1 0.36875 0.4873046875 0.00625 0.01171875
0 0.3921875 0.4814453125 0.00625 0.009765625
1 0.328125 0.484375 0.00625 0.01171875
0 0.267578125 0.4794921875 0.00546875 0.009765625
1 0.255078125 0.4833984375 0.00546875 0.009765625
1 0.175390625 0.4853515625 0.00546875 0.009765625
0 0.133984375 0.48291015625 0.00546875 0.0107421875
1 0.084765625 0.4912109375 0.00703125 0.01171875
0 0.035546875 0.48828125 0.00703125 0.01171875
1 0.00859375 0.4990234375 0.00625 0.013671875