1 0.490625 0.7216796875 0.046875 0.064453125
1 0.790625 0.607421875 0.0234375 0.03515625
1 0.946875 0.5654296875 0.015625 0.025390625
0 0.9171875 0.5439453125 0.0125 0.021484375
0 0.790625 0.560546875 0.0140625 0.0234375
0 0.584375 0.591796875 0.01875 0.029296875
0 0.27578125 0.650390625 0.0296875 0.04296875
0 0.07109375 0.6748046875 0.03125 0.046875
0 0.03359375 0.607421875 0.015625 0.025390625
0 0.1578125 0.58984375 0.0125 0.0234375
0 0.375 0.5751953125 0.0140625 0.021484375
0 0.59375 0.556640625 0.0125 0.01953125
1 0.35859375 0.5634765625 0.009375 0.017578125
1 0.16875 0.57421875 0.009375 0.01953125
1 0.012109375 0.81201171875 0.02421875 0.0771484375
1 0.519140625 0.5517578125 0.00859375 0.015625
1 0.6296875 0.5390625 0.0078125 0.013671875
0 0.72109375 0.5400390625 0.0078125 0.015625
1 0.85625 0.50390625 0.0078125 0.013671875
1 0.865625 0.50390625 0.0078125 0.013671875