0 0.18046875 0.57421875 0.0234375 0.03515625
0 0.31796875 0.5380859375 0.015625 0.021484375
0 0.78828125 0.544921875 0.0140625 0.0234375
0 0.878125 0.5810546875 0.0234375 0.033203125
1 0.7359375 0.6865234375 0.04375 0.064453125
1 0.6671875 0.5830078125 0.01875 0.033203125
1 0.659375 0.544921875 0.0140625 0.0234375
1 0.2546875 0.7060546875 0.05 0.072265625
1 0.409375 0.5869140625 0.021875 0.037109375
1 0.4734375 0.546875 0.015625 0.02734375
0 0.42421875 0.52099609375 0.0109375 0.0185546875
1 0.52734375 0.52880859375 0.0109375 0.0185546875
0 0.53984375 0.515625 0.009375 0.015625
1 0.587890625 0.5263671875 0.01015625 0.017578125
1 0.637109375 0.53271484375 0.01171875 0.0185546875
0 0.66953125 0.5205078125 0.009375 0.015625
0 0.744140625 0.53076171875 0.01171875 0.0185546875