1 0.039453125 0.521484375 0.01171875 0.01953125
0 0.079296875 0.50830078125 0.00859375 0.0166015625
1 0.147265625 0.515625 0.01015625 0.017578125
0 0.17734375 0.50146484375 0.0078125 0.0146484375
0 0.24765625 0.494140625 0.0078125 0.013671875
1 0.25703125 0.5068359375 0.009375 0.015625
1 0.3375 0.4970703125 0.0078125 0.015625
0 0.303125 0.48583984375 0.00625 0.0107421875
1 0.388671875 0.48876953125 0.00703125 0.0126953125
0 0.346875 0.482421875 0.00625 0.009765625
1 0.430859375 0.48388671875 0.00703125 0.0107421875
0 0.384765625 0.478515625 0.00546875 0.009765625
1 0.4609375 0.4794921875 0.0046875 0.009765625