1 0.5765625 0.51171875 0.0125 0.01953125
1 0.71640625 0.5166015625 0.0109375 0.017578125
1 0.85859375 0.5146484375 0.0109375 0.021484375
1 0.979296875 0.51025390625 0.01171875 0.0185546875
0 0.976953125 0.49609375 0.00703125 0.013671875
0 0.890625 0.49658203125 0.0078125 0.0146484375
0 0.788671875 0.5009765625 0.00859375 0.015625
0 0.68828125 0.50146484375 0.009375 0.0166015625
0 0.583203125 0.49755859375 0.00859375 0.0146484375
1 0.4828125 0.50732421875 0.0109375 0.0185546875
1 0.42734375 0.4990234375 0.009375 0.015625
0 0.527734375 0.490234375 0.00859375 0.013671875