1 0.275390625 0.6240234375 0.03203125 0.056640625
1 0.2 0.5458984375 0.0203125 0.03125
1 0.12734375 0.509765625 0.0125 0.0234375
0 0.3 0.5029296875 0.0125 0.021484375
0 0.43125 0.52880859375 0.0171875 0.0263671875
0 0.68046875 0.6015625 0.0328125 0.046875
1 0.0078125 0.46923828125 0.00625 0.0107421875
1 0.0265625 0.47216796875 0.00625 0.0107421875
1 0.04765625 0.4765625 0.00625 0.01171875
1 0.05390625 0.484375 0.0078125 0.015625
0 0.16484375 0.4794921875 0.0078125 0.013671875
0 0.139453125 0.47216796875 0.00703125 0.0126953125
0 0.107421875 0.46875 0.00703125 0.01171875
0 0.077734375 0.4658203125 0.00546875 0.009765625
0 0.038671875 0.4638671875 0.00546875 0.0078125