0 0.475 0.7197265625 0.0375 0.064453125
0 0.82109375 0.68359375 0.040625 0.056640625
0 0.95078125 0.6259765625 0.0265625 0.041015625
0 0.828125 0.583984375 0.01875 0.025390625
0 0.6375 0.576171875 0.0125 0.0234375
0 0.42890625 0.578125 0.0109375 0.01953125
0 0.2421875 0.5810546875 0.0125 0.017578125
0 0.06328125 0.5849609375 0.0125 0.021484375
1 0.13125 0.6396484375 0.01875 0.033203125
1 0.18125 0.603515625 0.0125 0.025390625
1 0.3921875 0.6005859375 0.015625 0.025390625
1 0.4546875 0.6416015625 0.021875 0.037109375
1 0.64609375 0.6298828125 0.0203125 0.037109375
1 0.703125 0.609375 0.01875 0.03125
1 0.61171875 0.59765625 0.0140625 0.02734375