1 0.190234375 0.7421875 0.05546875 0.08984375
1 0.30703125 0.59423828125 0.025 0.0439453125
1 0.33671875 0.54541015625 0.015625 0.0263671875
1 0.30390625 0.5205078125 0.0109375 0.01953125
0 0.976171875 0.6474609375 0.04609375 0.0703125
0 0.7140625 0.5390625 0.0203125 0.03125
0 0.5765625 0.51318359375 0.0125 0.0205078125
0 0.498828125 0.50341796875 0.01015625 0.0185546875
0 0.483984375 0.4951171875 0.00859375 0.015625
1 0.31640625 0.50341796875 0.009375 0.0166015625
1 0.219921875 0.50732421875 0.00859375 0.0146484375