0 0.753515625 0.52587890625 0.01796875 0.0302734375
0 0.700390625 0.50732421875 0.01171875 0.0224609375
0 0.650390625 0.49755859375 0.01171875 0.0166015625
1 0.40390625 0.54150390625 0.0171875 0.0283203125
1 0.159375 0.71142578125 0.053125 0.0771484375
1 0.421484375 0.51513671875 0.01015625 0.0205078125
1 0.428515625 0.49951171875 0.00859375 0.0166015625
1 0.384375 0.4970703125 0.0078125 0.015625
0 0.655859375 0.4931640625 0.00859375 0.017578125
0 0.81875 0.4970703125 0.0109375 0.021484375
1 0.853125 0.48046875 0.009375 0.015625
1 0.751953125 0.4794921875 0.00859375 0.015625
0 0.601171875 0.48779296875 0.00859375 0.0166015625
0 0.56796875 0.4853515625 0.0078125 0.013671875
1 0.9953125 0.47998046875 0.0078125 0.0166015625