1 0.27734375 0.650390625 0.0375 0.06640625
1 0.39296875 0.54296875 0.01875 0.03125
1 0.4421875 0.5048828125 0.0125 0.021484375
0 0.699609375 0.517578125 0.01484375 0.021484375
0 0.810546875 0.54150390625 0.01953125 0.0302734375
0 0.983984375 0.6005859375 0.03046875 0.052734375
1 0.0640625 0.51123046875 0.0109375 0.0205078125
1 0.041796875 0.49072265625 0.00859375 0.0166015625
1 0.46328125 0.48828125 0.009375 0.015625
0 0.63828125 0.49951171875 0.009375 0.0185546875
0 0.5984375 0.4833984375 0.0078125 0.013671875
0 0.56796875 0.4755859375 0.00625 0.01171875