1 0.002734375 0.50927734375 0.00546875 0.0166015625
1 0.076953125 0.51318359375 0.01015625 0.0185546875
1 0.17109375 0.51318359375 0.0109375 0.0185546875
1 0.26953125 0.5087890625 0.009375 0.017578125
1 0.373046875 0.501953125 0.00859375 0.015625
1 0.449609375 0.494140625 0.00859375 0.013671875
1 0.498828125 0.486328125 0.00703125 0.01171875
1 0.53984375 0.482421875 0.00625 0.009765625
0 0.0296875 0.49560546875 0.00625 0.0107421875
0 0.055859375 0.49853515625 0.00703125 0.0107421875
0 0.11328125 0.5 0.0078125 0.013671875
0 0.205859375 0.5009765625 0.00859375 0.015625
0 0.296484375 0.49658203125 0.00703125 0.0126953125
0 0.3625 0.49072265625 0.00625 0.0126953125
0 0.415625 0.4833984375 0.00625 0.01171875
0 0.457421875 0.47998046875 0.00546875 0.0107421875
0 0.49453125 0.47705078125 0.0046875 0.0087890625
1 0.569140625 0.478515625 0.00546875 0.009765625