0 0.73125 0.6328125 0.04375 0.06640625
0 0.7921875 0.5576171875 0.025 0.041015625
0 0.86796875 0.513671875 0.015625 0.02734375
1 0.24453125 0.5751953125 0.025 0.037109375
1 0.39375 0.544921875 0.01875 0.03125
1 0.490625 0.525390625 0.015625 0.025390625
1 0.570703125 0.50634765625 0.01171875 0.0185546875
1 0.577734375 0.4931640625 0.00859375 0.015625
0 0.79296875 0.4970703125 0.0109375 0.01953125
0 0.76875 0.49072265625 0.009375 0.0166015625
1 0.9609375 0.48828125 0.0109375 0.017578125
1 0.928515625 0.47802734375 0.00703125 0.0126953125
0 0.7453125 0.48291015625 0.0078125 0.0146484375