1 0.218359375 0.5087890625 0.01015625 0.015625
1 0.244140625 0.5185546875 0.01171875 0.01953125
1 0.31484375 0.52783203125 0.0140625 0.0224609375
0 0.341015625 0.498046875 0.00703125 0.013671875
0 0.359765625 0.50439453125 0.01015625 0.0166015625
0 0.428125 0.5126953125 0.0109375 0.017578125
1 0.431640625 0.533203125 0.01484375 0.021484375
0 0.55 0.515625 0.0109375 0.017578125
1 0.596875 0.53369140625 0.0140625 0.0224609375
0 0.657421875 0.5126953125 0.01015625 0.017578125
1 0.748828125 0.5283203125 0.01328125 0.01953125
0 0.7578125 0.50537109375 0.009375 0.0146484375
1 0.86171875 0.51904296875 0.0109375 0.0185546875
0 0.837890625 0.5029296875 0.00703125 0.013671875
0 0.908203125 0.5009765625 0.00859375 0.013671875
1 0.951171875 0.515625 0.01015625 0.017578125