1 0.234375 0.64453125 0.034375 0.05859375
1 0.346875 0.55859375 0.0203125 0.03515625
1 0.552734375 0.5185546875 0.01171875 0.0234375
0 0.69765625 0.568359375 0.025 0.041015625
0 0.8671875 0.591796875 0.0328125 0.05078125
0 0.815625 0.5498046875 0.0234375 0.037109375
0 0.926171875 0.52099609375 0.01640625 0.0283203125
0 0.780859375 0.5751953125 0.03671875 0.033203125
1 0.658203125 0.5029296875 0.01171875 0.021484375
0 0.89375 0.4853515625 0.009375 0.017578125
1 0.718359375 0.48681640625 0.00859375 0.0166015625