0 0.21796875 0.701171875 0.034375 0.056640625
0 0.0171875 0.6875 0.03125 0.05078125
0 0.075 0.6162109375 0.0203125 0.029296875
1 0.17109375 0.57421875 0.0109375 0.01953125
0 0.20703125 0.59375 0.015625 0.0234375
0 0.34140625 0.5849609375 0.0140625 0.021484375
1 0.39609375 0.5654296875 0.0109375 0.021484375
1 0.60078125 0.5673828125 0.0109375 0.021484375
0 0.5765625 0.5888671875 0.01875 0.025390625
0 0.77890625 0.6630859375 0.0328125 0.052734375
0 0.89453125 0.5830078125 0.01875 0.029296875
1 0.8109375 0.5634765625 0.0125 0.021484375
1 0.98671875 0.5498046875 0.0109375 0.017578125
0 0.00703125 0.6484375 0.0140625 0.037109375