0 0.5625 0.716796875 0.034375 0.060546875
0 0.36171875 0.6787109375 0.0296875 0.048828125
0 0.35703125 0.634765625 0.021875 0.03515625
0 0.42734375 0.607421875 0.01875 0.029296875
0 0.559375 0.5908203125 0.0140625 0.0234375
0 0.69921875 0.5888671875 0.0140625 0.025390625
0 0.97109375 0.607421875 0.021875 0.03515625
1 0.992578125 0.580078125 0.01328125 0.0234375
1 0.75625 0.5693359375 0.0125 0.021484375
1 0.3171875 0.58984375 0.0125 0.0234375
1 0.13515625 0.6220703125 0.015625 0.029296875
1 0.525 0.56982421875 0.0109375 0.0185546875