1 0.49375 0.6103515625 0.028125 0.046875
1 0.12109375 0.6142578125 0.0296875 0.048828125
1 0.1671875 0.55859375 0.01875 0.03125
1 0.44375 0.5478515625 0.015625 0.02734375
1 0.35390625 0.5234375 0.0109375 0.01953125
0 0.478125 0.5166015625 0.0125 0.017578125
0 0.62421875 0.541015625 0.0140625 0.02734375
0 0.8078125 0.6015625 0.03125 0.046875
1 0.349609375 0.919921875 0.10390625 0.158203125
1 0.226953125 0.51171875 0.00859375 0.015625
1 0.28984375 0.51611328125 0.009375 0.0185546875
0 0.29296875 0.50537109375 0.00625 0.0146484375
0 0.386328125 0.50830078125 0.01015625 0.0166015625