1 0.189453125 0.662109375 0.03828125 0.0625
1 0.267578125 0.5693359375 0.01953125 0.033203125
1 0.2234375 0.54150390625 0.015625 0.0244140625
1 0.103125 0.53466796875 0.015625 0.0224609375
0 0.1796875 0.5166015625 0.0125 0.017578125
0 0.375 0.5244140625 0.015625 0.021484375
0 0.5 0.54931640625 0.0171875 0.0283203125
0 0.6484375 0.63720703125 0.0375 0.0556640625
0 0.925 0.513671875 0.009375 0.015625
1 0.861328125 0.5185546875 0.01015625 0.017578125
0 0.7984375 0.5029296875 0.00625 0.013671875
1 0.7328125 0.50732421875 0.009375 0.0146484375
0 0.706640625 0.49658203125 0.00703125 0.0126953125
1 0.64375 0.50048828125 0.0078125 0.0126953125
0 0.635546875 0.49169921875 0.00703125 0.0107421875
1 0.5734375 0.49462890625 0.0078125 0.0126953125