0 0.86875 0.8671875 0.090625 0.130859375
0 0.5875 0.6015625 0.028125 0.046875
0 0.51875 0.5390625 0.015625 0.02734375
1 0.2234375 0.595703125 0.025 0.04296875
1 0.29765625 0.5361328125 0.0140625 0.025390625
0 0.466796875 0.50244140625 0.01015625 0.0185546875
1 0.32421875 0.50830078125 0.0109375 0.0185546875
0 0.3671875 0.49169921875 0.0078125 0.0146484375
1 0.268359375 0.49951171875 0.00859375 0.0146484375
0 0.19296875 0.48974609375 0.0078125 0.0126953125
1 0.16328125 0.498046875 0.0078125 0.015625
1 0.041796875 0.50341796875 0.00703125 0.0146484375