1 0.40390625 0.7158203125 0.0484375 0.0703125
0 0.11875 0.609375 0.0203125 0.033203125
0 0.0234375 0.56884765625 0.0125 0.0185546875
0 0.1703125 0.568359375 0.0125 0.021484375
0 0.4015625 0.5673828125 0.0140625 0.0234375
0 0.491015625 0.6201171875 0.02578125 0.041015625
0 0.646875 0.5537109375 0.0140625 0.021484375
0 0.748828125 0.55029296875 0.01328125 0.0205078125
0 0.846875 0.55322265625 0.0125 0.0224609375
0 0.90078125 0.6171875 0.028125 0.04296875
0 0.9453125 0.5634765625 0.0171875 0.025390625
1 0.948046875 0.5400390625 0.01171875 0.017578125
1 0.05546875 0.55419921875 0.009375 0.0146484375
1 0.121484375 0.55419921875 0.00859375 0.0166015625
1 0.214453125 0.5537109375 0.01015625 0.017578125
1 0.3875 0.55029296875 0.0109375 0.0185546875
1 0.58046875 0.5419921875 0.009375 0.017578125
1 0.70390625 0.53759765625 0.0109375 0.0166015625
1 0.79453125 0.53466796875 0.009375 0.0166015625