0 0.096875 0.7197265625 0.040625 0.064453125
0 0.04453125 0.591796875 0.0125 0.0234375
0 0.09296875 0.578125 0.0109375 0.01953125
0 0.30625 0.607421875 0.01875 0.029296875
0 0.38828125 0.572265625 0.0125 0.01953125
1 0.5328125 0.5654296875 0.0125 0.021484375
1 0.51796875 0.603515625 0.015625 0.029296875
1 0.49765625 0.6953125 0.0359375 0.05859375
1 0.03515625 0.57080078125 0.009375 0.0166015625
1 0.16640625 0.560546875 0.00625 0.013671875
0 0.171484375 0.5703125 0.01015625 0.017578125
0 0.259375 0.564453125 0.009375 0.017578125
0 0.350390625 0.564453125 0.01015625 0.017578125
1 0.297265625 0.5537109375 0.00859375 0.013671875
1 0.453125 0.55078125 0.0078125 0.015625