0 0.52421875 0.6611328125 0.0359375 0.048828125
0 0.63203125 0.60546875 0.0203125 0.03125
0 0.77109375 0.5673828125 0.0125 0.0234375
0 0.903125 0.548828125 0.0125 0.01953125
1 0.91484375 0.57421875 0.0125 0.025390625
1 0.85625 0.6142578125 0.01875 0.033203125
1 0.85390625 0.67578125 0.03125 0.0546875
1 0.34609375 0.5546875 0.01875 0.029296875
1 0.3671875 0.5546875 0.01875 0.029296875
0 0.2078125 0.89990234375 0.0765625 0.1162109375
1 0.944921875 0.88427734375 0.08046875 0.1201171875
1 0.01875 0.560546875 0.00625 0.009765625
1 0.06484375 0.5546875 0.00625 0.009765625
1 0.0953125 0.5498046875 0.0046875 0.009765625
1 0.10078125 0.54833984375 0.0046875 0.0087890625
1 0.091796875 0.54736328125 0.00390625 0.0087890625
1 0.071484375 0.54736328125 0.00390625 0.0068359375
1 0.04609375 0.54736328125 0.0046875 0.0087890625
0 0.00390625 0.55126953125 0.0046875 0.0087890625
0 0.018359375 0.552734375 0.00546875 0.009765625