1 0.146875 0.603515625 0.028125 0.044921875
1 0.21640625 0.5498046875 0.0171875 0.02734375
0 0.6734375 0.578125 0.028125 0.044921875
0 0.590625 0.5390625 0.01875 0.03125
0 0.5234375 0.5224609375 0.0125 0.0234375
0 0.53125 0.5166015625 0.009375 0.021484375
1 0.2484375 0.5224609375 0.0125 0.017578125
0 0.740234375 0.5244140625 0.01640625 0.02734375
1 0.765234375 0.5 0.01171875 0.017578125
1 0.928515625 0.5 0.01015625 0.017578125
1 0.997265625 0.4931640625 0.00390625 0.015625
1 0.97890625 0.4814453125 0.0078125 0.013671875
1 0.948046875 0.4755859375 0.00703125 0.01171875
1 0.6453125 0.49658203125 0.009375 0.0166015625
1 0.565625 0.490234375 0.0078125 0.013671875
0 0.465234375 0.5087890625 0.01015625 0.01953125
0 0.4265625 0.50244140625 0.009375 0.0166015625
0 0.36796875 0.49755859375 0.0078125 0.0146484375
1 0.20078125 0.517578125 0.009375 0.017578125
1 0.09140625 0.5126953125 0.0078125 0.015625
0 0.26953125 0.49560546875 0.00625 0.0126953125