1 0.14609375 0.8173828125 0.0703125 0.10546875
1 0.3671875 0.6142578125 0.03125 0.044921875
1 0.43984375 0.560546875 0.0171875 0.02734375
1 0.49765625 0.5361328125 0.0140625 0.021484375
1 0.5625 0.5322265625 0.009375 0.017578125
1 0.6171875 0.5400390625 0.0125 0.021484375
1 0.646875 0.5546875 0.015625 0.0234375
1 0.66875 0.603515625 0.0234375 0.03515625
1 0.796875 0.76171875 0.059375 0.08203125
0 0.09921875 0.59765625 0.028125 0.0390625
0 0.265625 0.5498046875 0.0171875 0.025390625
0 0.38515625 0.5283203125 0.0109375 0.021484375
0 0.9 0.5986328125 0.025 0.037109375
0 0.784375 0.5537109375 0.015625 0.0234375
0 0.73125 0.5361328125 0.009375 0.017578125
0 0.510546875 0.521484375 0.01015625 0.017578125
0 0.649609375 0.52587890625 0.01015625 0.0166015625