0 0.894140625 0.69873046875 0.05234375 0.0771484375
0 0.615234375 0.57177734375 0.02421875 0.0380859375
0 0.334765625 0.533203125 0.01796875 0.02734375
0 0.0703125 0.5283203125 0.015625 0.0234375
1 0.173828125 0.56884765625 0.02265625 0.0341796875
1 0.31953125 0.609375 0.0296875 0.046875
1 0.27734375 0.76171875 0.059375 0.09375
0 0.980859375 0.5087890625 0.00859375 0.015625
1 0.901171875 0.5126953125 0.01015625 0.017578125
1 0.005078125 0.560546875 0.01015625 0.03515625
1 0.053515625 0.46826171875 0.00546875 0.0107421875