0 0.5813802083333334 0.5966435185185185 0.044270833333333336 0.10069444444444445
0 0.15657552083333334 0.4513888888888889 0.011067708333333334 0.034722222222222224
0 0.2571614583333333 0.5005787037037037 0.022135416666666668 0.056712962962962965
0 0.2613932291666667 0.4195601851851852 0.008463541666666666 0.028935185185185185
0 0.2900390625 0.4045138888888889 0.007161458333333333 0.024305555555555556
0 0.22233072916666666 0.39988425925925924 0.005859375 0.019675925925925927
0 0.16373697916666666 0.4068287037037037 0.005859375 0.017361111111111112
0 0.09147135416666667 0.41782407407407407 0.007161458333333333 0.018518518518518517
0 0.009440104166666666 0.4357638888888889 0.005859375 0.019675925925925927
1 0.3037109375 0.44849537037037035 0.014973958333333334 0.04050925925925926
1 0.3776041666666667 0.38310185185185186 0.0078125 0.020833333333333332
1 0.41796875 0.4085648148148148 0.010416666666666666 0.027777777777777776
1 0.4261067708333333 0.3894675925925926 0.007161458333333333 0.02199074074074074
0 0.2734375 0.3975694444444444 0.006510416666666667 0.02199074074074074
1 0.11751302083333333 0.40914351851851855 0.005859375 0.017361111111111112
1 0.212890625 0.3940972222222222 0.006510416666666667 0.015046296296296295
1 0.2838541666666667 0.3836805555555556 0.005208333333333333 0.015046296296296295