1 0.5322265625 0.5723379629629629 0.035807291666666664 0.08680555555555555
0 0.07454427083333333 0.5995370370370371 0.034505208333333336 0.08564814814814815
1 0.11751302083333333 0.4866898148148148 0.017578125 0.04282407407407408
0 0.8977864583333334 0.515625 0.022135416666666668 0.056712962962962965
0 0.6204427083333334 0.48726851851851855 0.01953125 0.05324074074074074
0 0.4326171875 0.45949074074074076 0.017578125 0.046296296296296294
0 0.3616536458333333 0.4392361111111111 0.008463541666666666 0.03125
0 0.9586588541666666 0.4386574074074074 0.007161458333333333 0.023148148148148147
1 0.8981119791666666 0.41898148148148145 0.004557291666666667 0.016203703703703703
0 0.8616536458333334 0.4195601851851852 0.005859375 0.02199074074074074
1 0.7835286458333334 0.4027777777777778 0.004557291666666667 0.016203703703703703
0 0.7666015625 0.4074074074074074 0.005859375 0.020833333333333332
0 0.669921875 0.40046296296296297 0.005208333333333333 0.018518518518518517
1 0.66015625 0.39351851851851855 0.005208333333333333 0.016203703703703703
0 0.5810546875 0.39814814814814814 0.005859375 0.018518518518518517
1 0.5537109375 0.390625 0.004557291666666667 0.015046296296296295
0 0.4856770833333333 0.40219907407407407 0.0078125 0.02199074074074074
0 0.4140625 0.4114583333333333 0.005208333333333333 0.019675925925925927
1 0.4104817708333333 0.39699074074074076 0.004557291666666667 0.018518518518518517
1 0.1728515625 0.4386574074074074 0.004557291666666667 0.02546296296296296
1 0.0439453125 0.44039351851851855 0.005859375 0.019675925925925927
0 0.21419270833333334 0.41724537037037035 0.006510416666666667 0.017361111111111112
1 0.3313802083333333 0.40625 0.00390625 0.018518518518518517
0 0.0035807291666666665 0.4363425925925926 0.005859375 0.016203703703703703