1 0.36796875 0.4409722222222222 0.0375 0.09305555555555556
0 0.35 0.35833333333333334 0.0234375 0.05555555555555555
1 0.498828125 0.2701388888888889 0.01484375 0.043055555555555555
1 0.7125 0.22152777777777777 0.015625 0.043055555555555555
0 0.894140625 0.3458333333333333 0.04296875 0.10555555555555556
0 0.9578125 0.23541666666666666 0.0359375 0.07083333333333333
0 0.158203125 0.3909722222222222 0.01171875 0.04027777777777778
0 0.126171875 0.37777777777777777 0.01015625 0.030555555555555555
1 0.3609375 0.29930555555555555 0.0140625 0.04027777777777778
1 0.30859375 0.30069444444444443 0.0125 0.034722222222222224
1 0.90546875 0.17152777777777778 0.015625 0.043055555555555555
0 0.169921875 0.3402777777777778 0.01015625 0.025
1 0.980859375 0.11527777777777778 0.00703125 0.025
1 0.364453125 0.2604166666666667 0.00703125 0.02361111111111111
0 0.25625 0.2965277777777778 0.0046875 0.020833333333333332
1 0.314453125 0.28541666666666665 0.00703125 0.02638888888888889
0 0.897265625 0.1125 0.00390625 0.016666666666666666
1 0.7375 0.14444444444444443 0.0046875 0.019444444444444445
1 0.4421875 0.22847222222222222 0.0046875 0.020833333333333332
1 0.5359375 0.19722222222222222 0.0046875 0.019444444444444445
1 0.6375 0.16805555555555557 0.0046875 0.019444444444444445
1 0.83515625 0.12708333333333333 0.0046875 0.018055555555555554
1 0.910546875 0.11736111111111111 0.00546875 0.020833333333333332