1 0.14921875 0.6796296296296296 0.05572916666666667 0.12962962962962962
1 0.13645833333333332 0.4976851851851852 0.025 0.06018518518518518
1 0.06666666666666667 0.4652777777777778 0.016666666666666666 0.041666666666666664
1 0.6791666666666667 0.3925925925925926 0.019791666666666666 0.04814814814814815
1 0.7994791666666666 0.3611111111111111 0.0125 0.03333333333333333
1 0.9848958333333333 0.35509259259259257 0.009375 0.026851851851851852
0 0.9596354166666666 0.46620370370370373 0.0296875 0.0712962962962963
0 0.4153645833333333 0.3972222222222222 0.018229166666666668 0.044444444444444446
0 0.25234375 0.3912037037037037 0.013020833333333334 0.032407407407407406
0 0.096875 0.4111111111111111 0.010416666666666666 0.025925925925925925
0 0.9963541666666667 0.4148148148148148 0.007291666666666667 0.02962962962962963