0 0.6923828125 0.6556712962962963 0.048828125 0.1261574074074074
0 0.3033854166666667 0.5190972222222222 0.026041666666666668 0.061342592592592594
0 0.06673177083333333 0.5023148148148148 0.014973958333333334 0.04398148148148148
0 0.0478515625 0.4496527777777778 0.008463541666666666 0.024305555555555556
0 0.07096354166666667 0.4375 0.009114583333333334 0.02546296296296296
1 0.09375 0.4670138888888889 0.01171875 0.03356481481481482
1 0.14713541666666666 0.4114583333333333 0.006510416666666667 0.017361111111111112
1 0.18619791666666666 0.42939814814814814 0.0078125 0.02546296296296296
1 0.19140625 0.41261574074074076 0.006510416666666667 0.017361111111111112
0 0.00390625 0.4392361111111111 0.006510416666666667 0.019675925925925927
1 0.060221354166666664 0.4224537037037037 0.0032552083333333335 0.011574074074074073
0 0.052734375 0.4340277777777778 0.005208333333333333 0.018518518518518517