0 0.5932291666666667 0.3486111111111111 0.009375 0.026851851851851852
0 0.7645833333333333 0.425 0.020833333333333332 0.046296296296296294
0 0.8528645833333334 0.4050925925925926 0.0140625 0.03981481481481482
0 0.9591145833333333 0.4060185185185185 0.013020833333333334 0.03425925925925926
0 0.8658854166666666 0.8675925925925926 0.09427083333333333 0.21296296296296297
1 0.08958333333333333 0.5615740740740741 0.03333333333333333 0.08796296296296297
1 0.38958333333333334 0.4425925925925926 0.01875 0.05740740740740741
1 0.46927083333333336 0.38842592592592595 0.014583333333333334 0.03796296296296296
1 0.44296875 0.36157407407407405 0.0140625 0.028703703703703703
1 0.3919270833333333 0.34953703703703703 0.009895833333333333 0.021296296296296296
1 0.7395833333333334 0.36666666666666664 0.013541666666666667 0.027777777777777776
1 0.85078125 0.37037037037037035 0.0109375 0.025925925925925925
1 0.31979166666666664 0.3453703703703704 0.008333333333333333 0.022222222222222223
0 0.4984375 0.3337962962962963 0.009375 0.023148148148148147
1 0.246875 0.3490740740740741 0.007291666666666667 0.020370370370370372
1 0.15416666666666667 0.36064814814814816 0.007291666666666667 0.019444444444444445
1 0.05755208333333333 0.37962962962962965 0.0078125 0.018518518518518517
0 0.05572916666666667 0.37222222222222223 0.003125 0.014814814814814815
0 0.17682291666666666 0.35 0.0036458333333333334 0.012962962962962963
0 0.3919270833333333 0.33101851851851855 0.005729166666666666 0.01574074074074074