0 0.7192708333333333 0.4962962962962963 0.036458333333333336 0.08703703703703704
0 0.7177083333333333 0.4046296296296296 0.020833333333333332 0.05185185185185185
1 0.13255208333333332 0.562962962962963 0.0328125 0.08703703703703704
1 0.07552083333333333 0.48148148148148145 0.019791666666666666 0.05
1 0.5130208333333334 0.37592592592592594 0.015625 0.037037037037037035
0 0.29739583333333336 0.39537037037037037 0.014583333333333334 0.037037037037037035
0 0.78203125 0.3675925925925926 0.0140625 0.037037037037037035
0 0.8848958333333333 0.35648148148148145 0.010416666666666666 0.02962962962962963
0 0.98359375 0.36157407407407405 0.008854166666666666 0.026851851851851852
1 0.6229166666666667 0.3476851851851852 0.010416666666666666 0.028703703703703703
0 0.15182291666666667 0.4023148148148148 0.011979166666666667 0.028703703703703703
0 0.0036458333333333334 0.43148148148148147 0.007291666666666667 0.024074074074074074
1 0.7955729166666666 0.33287037037037037 0.0078125 0.023148148148148147
1 0.9190104166666667 0.3388888888888889 0.0067708333333333336 0.022222222222222223