0 0.6953125 0.4861111111111111 0.035416666666666666 0.08888888888888889
0 0.42239583333333336 0.40925925925925927 0.01875 0.05
0 0.240625 0.4027777777777778 0.013541666666666667 0.037037037037037035
0 0.15260416666666668 0.3907407407407407 0.008333333333333333 0.025925925925925925
0 0.04401041666666667 0.42777777777777776 0.009895833333333333 0.027777777777777776
1 0.059895833333333336 0.47685185185185186 0.01875 0.04814814814814815
1 0.14479166666666668 0.5064814814814815 0.025 0.06666666666666667
1 0.17317708333333334 0.6541666666666667 0.0453125 0.125
1 0.25729166666666664 0.37777777777777777 0.008333333333333333 0.025925925925925925
1 0.3260416666666667 0.35 0.005208333333333333 0.016666666666666666
1 0.29322916666666665 0.33611111111111114 0.004166666666666667 0.011111111111111112
0 0.18020833333333333 0.3587962962962963 0.005208333333333333 0.013888888888888888
0 0.21875 0.36666666666666664 0.005208333333333333 0.018518518518518517
0 0.23515625 0.35648148148148145 0.005729166666666666 0.018518518518518517
1 0.32864583333333336 0.33796296296296297 0.005208333333333333 0.014814814814814815
0 0.07864583333333333 0.38287037037037036 0.005208333333333333 0.013888888888888888
0 0.13385416666666666 0.3675925925925926 0.004166666666666667 0.014814814814814815
0 0.014322916666666666 0.4023148148148148 0.0046875 0.013888888888888888
1 0.09557291666666666 0.3736111111111111 0.0036458333333333334 0.008333333333333333
0 0.21953125 0.3537037037037037 0.005729166666666666 0.014814814814814815
1 0.16979166666666667 0.35648148148148145 0.004166666666666667 0.009259259259259259
1 0.22369791666666666 0.3453703703703704 0.0046875 0.011111111111111112