1 0.16162109375 0.5842013888888888 0.0380859375 0.109375
1 0.30224609375 0.4357638888888889 0.0302734375 0.0763888888888889
1 0.2470703125 0.4019097222222222 0.0234375 0.057291666666666664
1 0.1484375 0.4097222222222222 0.017578125 0.04513888888888889
1 0.0146484375 0.4444444444444444 0.017578125 0.041666666666666664
0 0.52099609375 0.2916666666666667 0.0185546875 0.052083333333333336
0 0.85205078125 0.3324652777777778 0.0361328125 0.0954861111111111
1 0.79541015625 0.2404513888888889 0.0205078125 0.057291666666666664
0 0.14501953125 0.3741319444444444 0.0107421875 0.03298611111111111
0 0.3427734375 0.3220486111111111 0.013671875 0.036458333333333336
1 0.9970703125 0.1814236111111111 0.005859375 0.046875