1 0.03854166666666667 0.9351851851851852 0.07569444444444444 0.12962962962962962
1 0.021527777777777778 0.6888888888888889 0.03333333333333333 0.09382716049382717
0 0.8420138888888888 0.42777777777777776 0.059027777777777776 0.12962962962962962
0 0.415625 0.412962962962963 0.025694444444444443 0.0654320987654321
0 0.16527777777777777 0.4740740740740741 0.015277777777777777 0.04691358024691358
0 0.052083333333333336 0.4876543209876543 0.009722222222222222 0.02962962962962963
1 0.18958333333333333 0.4271604938271605 0.011111111111111112 0.0345679012345679
0 0.13993055555555556 0.42530864197530865 0.009027777777777777 0.025925925925925925
0 0.16180555555555556 0.40370370370370373 0.006944444444444444 0.022222222222222223
0 0.03194444444444444 0.4580246913580247 0.005555555555555556 0.01728395061728395
0 0.09166666666666666 0.42777777777777776 0.005555555555555556 0.016049382716049384
0 0.14201388888888888 0.4049382716049383 0.00625 0.019753086419753086
1 0.28194444444444444 0.35617283950617284 0.009722222222222222 0.02345679012345679
1 0.28541666666666665 0.34012345679012346 0.006944444444444444 0.018518518518518517
1 0.23923611111111112 0.35185185185185186 0.00625 0.01728395061728395
1 0.078125 0.42777777777777776 0.00625 0.016049382716049384
1 0.14791666666666667 0.3907407407407407 0.005555555555555556 0.013580246913580247