1 0.20556640625 0.5529513888888888 0.0458984375 0.11979166666666667
0 0.86376953125 0.4314236111111111 0.0537109375 0.140625
0 0.94677734375 0.2942708333333333 0.0380859375 0.0920138888888889
1 0.63916015625 0.2769097222222222 0.0244140625 0.06076388888888889
0 0.18310546875 0.4479166666666667 0.0263671875 0.0763888888888889
1 0.373046875 0.3376736111111111 0.01953125 0.057291666666666664
1 0.88232421875 0.2144097222222222 0.0185546875 0.05381944444444445
1 0.2001953125 0.3732638888888889 0.01953125 0.052083333333333336
1 0.1376953125 0.375 0.013671875 0.03819444444444445
0 0.0703125 0.3697916666666667 0.0078125 0.020833333333333332
1 0.7939453125 0.15885416666666666 0.0078125 0.026041666666666668
1 0.974609375 0.14322916666666666 0.0078125 0.029513888888888888
1 0.8876953125 0.14756944444444445 0.0078125 0.027777777777777776
0 0.87109375 0.13802083333333334 0.005859375 0.019097222222222224
1 0.6708984375 0.18055555555555555 0.0078125 0.024305555555555556
0 0.70166015625 0.16666666666666666 0.0048828125 0.017361111111111112
1 0.546875 0.2109375 0.005859375 0.022569444444444444
0 0.5390625 0.20399305555555555 0.005859375 0.019097222222222224
1 0.419921875 0.2465277777777778 0.005859375 0.024305555555555556
0 0.37841796875 0.2508680555555556 0.0048828125 0.015625
1 0.30224609375 0.2864583333333333 0.0068359375 0.027777777777777776
1 0.20556640625 0.3263888888888889 0.0087890625 0.027777777777777776
1 0.14208984375 0.3576388888888889 0.0068359375 0.03125
0 0.21923828125 0.3081597222222222 0.0048828125 0.019097222222222224