1 0.13020833333333334 0.44907407407407407 0.021875 0.053703703703703705
1 0.3846354166666667 0.425 0.0203125 0.053703703703703705
1 0.58515625 0.3912037037037037 0.013020833333333334 0.041666666666666664
1 0.653125 0.36712962962962964 0.011458333333333333 0.030555555555555555
1 0.6359375 0.3453703703703704 0.009375 0.024074074074074074
1 0.5934895833333333 0.33287037037037037 0.0078125 0.019444444444444445
1 0.8994791666666667 0.37824074074074077 0.008333333333333333 0.026851851851851852
0 0.9833333333333333 0.41712962962962963 0.011458333333333333 0.03425925925925926
0 0.79453125 0.5652777777777778 0.04010416666666667 0.10462962962962963
0 0.7697916666666667 0.350462962962963 0.009375 0.025
0 0.6895833333333333 0.33240740740740743 0.00625 0.016666666666666666
1 0.4669270833333333 0.3199074074074074 0.005729166666666666 0.017592592592592594
1 0.53125 0.32314814814814813 0.00625 0.018518518518518517
1 0.3859375 0.3212962962962963 0.00625 0.018518518518518517
1 0.3026041666666667 0.3277777777777778 0.005208333333333333 0.016666666666666666
1 0.21536458333333333 0.3398148148148148 0.005729166666666666 0.016666666666666666
1 0.13020833333333334 0.35694444444444445 0.00625 0.019444444444444445
1 0.052083333333333336 0.37962962962962965 0.008333333333333333 0.024074074074074074
0 0.07708333333333334 0.36018518518518516 0.004166666666666667 0.014814814814814815
0 0.19088541666666667 0.337037037037037 0.0036458333333333334 0.014814814814814815
0 0.29765625 0.32175925925925924 0.0036458333333333334 0.012037037037037037
0 0.40338541666666666 0.3143518518518518 0.0036458333333333334 0.012037037037037037
0 0.51171875 0.31342592592592594 0.0036458333333333334 0.012037037037037037
0 0.5958333333333333 0.31851851851851853 0.004166666666666667 0.012962962962962963
0 0.8846354166666667 0.4162037037037037 0.016145833333333335 0.03611111111111111