1 0.1234375 0.7347222222222223 0.058333333333333334 0.15092592592592594
1 0.13151041666666666 0.525 0.028645833333333332 0.07407407407407407
1 0.05572916666666667 0.48333333333333334 0.017708333333333333 0.04814814814814815
0 0.055989583333333336 0.4236111111111111 0.009895833333333333 0.028703703703703703
0 0.16901041666666666 0.3861111111111111 0.008854166666666666 0.025925925925925925
0 0.25364583333333335 0.4013888888888889 0.013541666666666667 0.03611111111111111
0 0.44140625 0.4152777777777778 0.021354166666666667 0.05092592592592592
0 0.7541666666666667 0.524074074074074 0.046875 0.1037037037037037
1 0.2747395833333333 0.3736111111111111 0.009895833333333333 0.026851851851851852
1 0.3182291666666667 0.33055555555555555 0.005208333333333333 0.014814814814814815
1 0.3489583333333333 0.34444444444444444 0.00625 0.018518518518518517
0 0.25677083333333334 0.34953703703703703 0.005208333333333333 0.017592592592592594
0 0.23880208333333333 0.36157407407407405 0.0067708333333333336 0.019444444444444445
0 0.20338541666666668 0.3523148148148148 0.0046875 0.013888888888888888
0 0.1578125 0.3611111111111111 0.004166666666666667 0.012962962962962963
1 0.19375 0.34814814814814815 0.003125 0.009259259259259259
1 0.3536458333333333 0.33240740740740743 0.005208333333333333 0.014814814814814815
0 0.24192708333333332 0.3472222222222222 0.0036458333333333334 0.014814814814814815
1 0.24791666666666667 0.3384259259259259 0.003125 0.010185185185185186
0 0.1015625 0.37407407407407406 0.004166666666666667 0.012962962962962963
1 0.11901041666666666 0.36574074074074076 0.0036458333333333334 0.011111111111111112
0 0.03723958333333333 0.3925925925925926 0.0036458333333333334 0.012962962962962963
1 0.03359375 0.38935185185185184 0.0046875 0.013888888888888888