1 0.13255208333333332 0.6074074074074074 0.05260416666666667 0.11666666666666667
1 0.5015625 0.39814814814814814 0.020833333333333332 0.04814814814814815
1 0.6794270833333333 0.3680555555555556 0.013020833333333334 0.032407407407407406
1 0.8145833333333333 0.36898148148148147 0.010416666666666666 0.026851851851851852
1 0.9598958333333333 0.3861111111111111 0.010416666666666666 0.025925925925925925
0 0.7736979166666667 0.649537037037037 0.05364583333333333 0.13240740740740742
0 0.765625 0.4550925925925926 0.027083333333333334 0.06388888888888888
0 0.8481770833333333 0.412962962962963 0.016145833333333335 0.04259259259259259
0 0.9385416666666667 0.4101851851851852 0.013541666666666667 0.037037037037037035
0 0.9708333333333333 0.36157407407407405 0.004166666666666667 0.013888888888888888
0 0.9640625 0.3675925925925926 0.005208333333333333 0.014814814814814815