1 0.16432291666666668 0.7736111111111111 0.0703125 0.16203703703703703
1 0.21979166666666666 0.5111111111111111 0.030208333333333334 0.07222222222222222
1 0.909375 0.4300925925925926 0.022916666666666665 0.062037037037037036
1 0.13958333333333334 0.4634259259259259 0.00625 0.04351851851851852
1 0.046614583333333334 0.4648148148148148 0.011979166666666667 0.03148148148148148
1 0.14166666666666666 0.3990740740740741 0.008333333333333333 0.022222222222222223
1 0.19479166666666667 0.37777777777777777 0.007291666666666667 0.018518518518518517
0 0.9052083333333333 0.5930555555555556 0.05625 0.12685185185185185
0 0.7018229166666666 0.3726851851851852 0.0171875 0.041666666666666664
0 0.8208333333333333 0.35138888888888886 0.0125 0.032407407407407406
0 0.8455729166666667 0.337037037037037 0.0109375 0.027777777777777776
0 0.5046875 0.38935185185185184 0.016666666666666666 0.041666666666666664
0 0.328125 0.39675925925925926 0.011458333333333333 0.03611111111111111
0 0.2591145833333333 0.3925925925925926 0.009895833333333333 0.027777777777777776
0 0.2872395833333333 0.36018518518518516 0.0078125 0.020370370370370372
0 0.25416666666666665 0.37824074074074077 0.00625 0.023148148148148147
0 0.01171875 0.44166666666666665 0.009895833333333333 0.025925925925925925
1 0.9966145833333333 0.3527777777777778 0.0067708333333333336 0.027777777777777776
1 0.92890625 0.32685185185185184 0.0067708333333333336 0.020370370370370372
1 0.29921875 0.3449074074074074 0.0046875 0.013888888888888888
0 0.3494791666666667 0.34074074074074073 0.005208333333333333 0.018518518518518517
0 0.4125 0.3282407407407407 0.005208333333333333 0.017592592592592594
0 0.7645833333333333 0.3125 0.00625 0.019444444444444445
0 0.7049479166666667 0.30787037037037035 0.005729166666666666 0.017592592592592594
0 0.6354166666666666 0.3074074074074074 0.005208333333333333 0.016666666666666666
0 0.48489583333333336 0.3175925925925926 0.005208333333333333 0.016666666666666666
0 0.5578125 0.3106481481481482 0.005208333333333333 0.01574074074074074
0 0.8203125 0.32175925925925924 0.00625 0.023148148148148147
1 0.8252604166666667 0.30972222222222223 0.0046875 0.013888888888888888
1 0.7533854166666667 0.30416666666666664 0.0046875 0.012037037037037037
1 0.6606770833333333 0.30092592592592593 0.0046875 0.012962962962962963
1 0.5604166666666667 0.30462962962962964 0.003125 0.011111111111111112
1 0.47369791666666666 0.31342592592592594 0.0036458333333333334 0.012037037037037037
1 0.3802083333333333 0.3277777777777778 0.004166666666666667 0.011111111111111112