1 0.036458333333333336 0.7273148148148149 0.06979166666666667 0.15648148148148147
1 0.4127604166666667 0.43148148148148147 0.0234375 0.05740740740740741
0 0.9046875 0.7898148148148149 0.07708333333333334 0.17962962962962964
0 0.76484375 0.48009259259259257 0.028645833333333332 0.07314814814814814
0 0.8153645833333333 0.4203703703703704 0.0203125 0.04814814814814815
0 0.915625 0.40879629629629627 0.007291666666666667 0.03611111111111111
1 0.78671875 0.3675925925925926 0.0067708333333333336 0.025925925925925925
0 0.4075520833333333 0.37453703703703706 0.015104166666666667 0.03796296296296296
1 0.65625 0.36064814814814816 0.010416666666666666 0.028703703703703703
1 0.5130208333333334 0.3486111111111111 0.009375 0.026851851851851852
1 0.42083333333333334 0.3384259259259259 0.008333333333333333 0.023148148148148147
1 0.38697916666666665 0.3300925925925926 0.00625 0.019444444444444445
0 0.28177083333333336 0.35694444444444445 0.010416666666666666 0.026851851851851852
0 0.26223958333333336 0.34120370370370373 0.0067708333333333336 0.019444444444444445
1 0.8567708333333334 0.3680555555555556 0.007291666666666667 0.023148148148148147
1 0.86328125 0.3578703703703704 0.005729166666666666 0.019444444444444445
0 0.98125 0.3819444444444444 0.008333333333333333 0.019444444444444445
0 0.9283854166666666 0.3597222222222222 0.0046875 0.013888888888888888
0 0.8546875 0.3398148148148148 0.004166666666666667 0.011111111111111112
1 0.83984375 0.3458333333333333 0.0046875 0.01574074074074074
0 0.7859375 0.32685185185185184 0.003125 0.011111111111111112
0 0.6955729166666667 0.3138888888888889 0.0036458333333333334 0.011111111111111112
0 0.6075520833333333 0.30648148148148147 0.0026041666666666665 0.009259259259259259
0 0.5213541666666667 0.30462962962962964 0.003125 0.009259259259259259
0 0.43463541666666666 0.3074074074074074 0.0026041666666666665 0.009259259259259259
0 0.353125 0.3138888888888889 0.003125 0.011111111111111112
0 0.29348958333333336 0.32592592592592595 0.005729166666666666 0.016666666666666666
1 0.39088541666666665 0.32083333333333336 0.0046875 0.017592592592592594
1 0.42578125 0.3148148148148148 0.0046875 0.014814814814814815
1 0.4791666666666667 0.3101851851851852 0.004166666666666667 0.012962962962962963
1 0.54296875 0.30833333333333335 0.0036458333333333334 0.012962962962962963
1 0.6114583333333333 0.3101851851851852 0.003125 0.012962962962962963
1 0.6786458333333333 0.31574074074074077 0.003125 0.012962962962962963
1 0.7440104166666667 0.324537037037037 0.0036458333333333334 0.013888888888888888
1 0.79375 0.3337962962962963 0.004166666666666667 0.013888888888888888