1 0.15520833333333334 0.7444444444444445 0.057291666666666664 0.15555555555555556
1 0.15494791666666666 0.5208333333333334 0.0296875 0.0712962962962963
1 0.08359375 0.4777777777777778 0.0203125 0.05
1 0.12942708333333333 0.39537037037037037 0.008854166666666666 0.024074074074074074
0 0.7924479166666667 0.538425925925926 0.0484375 0.10462962962962963
0 0.47265625 0.41435185185185186 0.0234375 0.05277777777777778
0 0.2833333333333333 0.3976851851851852 0.011458333333333333 0.03611111111111111
0 0.12526041666666668 0.41203703703703703 0.011979166666666667 0.027777777777777776
0 0.028645833333333332 0.41574074074074074 0.008333333333333333 0.022222222222222223
0 0.084375 0.39166666666666666 0.00625 0.020370370370370372
0 0.09583333333333334 0.38287037037037036 0.007291666666666667 0.017592592592592594
0 0.07682291666666667 0.3819444444444444 0.005729166666666666 0.017592592592592594
0 0.03697916666666667 0.39166666666666666 0.005208333333333333 0.014814814814814815
1 0.18359375 0.36018518518518516 0.005729166666666666 0.014814814814814815
1 0.184375 0.3675925925925926 0.005208333333333333 0.012962962962962963
1 0.146875 0.36157407407407405 0.004166666666666667 0.010185185185185186
1 0.022916666666666665 0.3902777777777778 0.005208333333333333 0.013888888888888888