1 0.1486111111111111 0.4759259259259259 0.019444444444444445 0.05308641975308642
1 0.41423611111111114 0.37962962962962965 0.02013888888888889 0.05308641975308642
1 0.6336805555555556 0.28888888888888886 0.013194444444444444 0.04197530864197531
0 0.9513888888888888 0.7265432098765432 0.09027777777777778 0.23333333333333334
0 0.7972222222222223 0.38209876543209875 0.034722222222222224 0.09506172839506173
0 0.9857638888888889 0.2191358024691358 0.021527777777777778 0.050617283950617285
0 0.8878472222222222 0.2679012345679012 0.013194444444444444 0.05925925925925926
1 0.7225694444444445 0.24074074074074073 0.013194444444444444 0.03950617283950617
1 0.7114583333333333 0.2222222222222222 0.010416666666666666 0.027160493827160494
1 0.6625 0.22098765432098766 0.008333333333333333 0.024691358024691357
1 0.5881944444444445 0.23271604938271606 0.006944444444444444 0.02345679012345679
1 0.5111111111111111 0.24938271604938272 0.006944444444444444 0.022222222222222223
0 0.878125 0.1845679012345679 0.010416666666666666 0.025925925925925925
0 0.7840277777777778 0.18641975308641975 0.006944444444444444 0.01728395061728395
1 0.4128472222222222 0.2771604938271605 0.00625 0.020987654320987655
1 0.3121527777777778 0.3135802469135803 0.004861111111111111 0.019753086419753086
1 0.02361111111111111 0.45308641975308644 0.006944444444444444 0.024691358024691357
0 0.043402777777777776 0.4271604938271605 0.004861111111111111 0.01728395061728395
1 0.10972222222222222 0.404320987654321 0.005555555555555556 0.020987654320987655
1 0.20902777777777778 0.3574074074074074 0.005555555555555556 0.020987654320987655
0 0.6701388888888888 0.20555555555555555 0.005555555555555556 0.018518518518518517
0 0.5666666666666667 0.22839506172839505 0.005555555555555556 0.014814814814814815
0 0.17673611111111112 0.36358024691358026 0.004861111111111111 0.013580246913580247
0 0.43368055555555557 0.2660493827160494 0.004861111111111111 0.013580246913580247