1 0.453125 0.39652777777777776 0.034375 0.08194444444444444
1 0.68203125 0.25972222222222224 0.025 0.05555555555555555
0 0.91875 0.33541666666666664 0.0421875 0.10972222222222222
0 0.9859375 0.23680555555555555 0.0265625 0.07361111111111111
1 0.903515625 0.17708333333333334 0.01640625 0.04027777777777778
1 0.01953125 0.9069444444444444 0.0390625 0.11944444444444445
0 0.83671875 0.1486111111111111 0.0078125 0.022222222222222223
0 0.825 0.13819444444444445 0.00625 0.020833333333333332
0 0.9359375 0.1486111111111111 0.0109375 0.030555555555555555
1 0.985546875 0.11666666666666667 0.00859375 0.027777777777777776
1 0.9609375 0.11180555555555556 0.00625 0.020833333333333332
1 0.974609375 0.10208333333333333 0.00703125 0.020833333333333332
0 0.865625 0.12222222222222222 0.0046875 0.013888888888888888