0 0.738671875 0.33402777777777776 0.03671875 0.0875
1 0.118359375 0.5743055555555555 0.03359375 0.0875
0 0.566015625 0.3104166666666667 0.01015625 0.05138888888888889
1 0.0703125 0.4423611111111111 0.0140625 0.03194444444444444
1 0.166796875 0.40902777777777777 0.01640625 0.0375
0 0.316796875 0.3263888888888889 0.01484375 0.03611111111111111
0 0.621484375 0.23333333333333334 0.01484375 0.041666666666666664
0 0.71875 0.18958333333333333 0.0109375 0.034722222222222224
0 0.84921875 0.14583333333333334 0.009375 0.030555555555555555
0 0.973046875 0.11388888888888889 0.01015625 0.030555555555555555
1 0.4890625 0.26319444444444445 0.0109375 0.034722222222222224
1 0.6 0.21458333333333332 0.0125 0.029166666666666667
1 0.7953125 0.1451388888888889 0.009375 0.02361111111111111
1 0.942578125 0.1076388888888889 0.01015625 0.02361111111111111
0 0.1796875 0.37777777777777777 0.0109375 0.027777777777777776
0 0.02578125 0.44583333333333336 0.00625 0.027777777777777776
0 0.553125 0.275 0.0046875 0.041666666666666664