0 0.11284722222222222 0.5450617283950617 0.035416666666666666 0.07037037037037037
0 0.3958333333333333 0.3296296296296296 0.015277777777777777 0.04197530864197531
0 0.8052083333333333 0.2228395061728395 0.02013888888888889 0.04814814814814815
0 0.9621527777777777 0.17469135802469135 0.017361111111111112 0.043209876543209874
1 0.1125 0.45987654320987653 0.013888888888888888 0.03827160493827161
1 0.47604166666666664 0.38209876543209875 0.027083333333333334 0.0654320987654321
1 0.9586805555555555 0.254320987654321 0.02847222222222222 0.0691358024691358
1 0.296875 0.31790123456790126 0.007638888888888889 0.018518518518518517
0 0.18263888888888888 0.37037037037037035 0.006944444444444444 0.01728395061728395
0 0.378125 0.295679012345679 0.007638888888888889 0.020987654320987655
0 0.44722222222222224 0.2598765432098765 0.006944444444444444 0.020987654320987655
0 0.5392361111111111 0.2222222222222222 0.00625 0.01728395061728395
1 0.5131944444444444 0.22407407407407406 0.005555555555555556 0.016049382716049384
1 0.017013888888888887 0.454320987654321 0.009027777777777777 0.019753086419753086
1 0.6177083333333333 0.18888888888888888 0.004861111111111111 0.012345679012345678
0 0.5618055555555556 0.291358024691358 0.018055555555555554 0.04691358024691358
0 0.7190972222222223 0.16790123456790124 0.00625 0.019753086419753086
0 0.8107638888888888 0.14753086419753086 0.007638888888888889 0.020987654320987655
1 0.7371527777777778 0.15555555555555556 0.00625 0.014814814814814815
0 0.9020833333333333 0.13024691358024693 0.008333333333333333 0.02345679012345679
0 0.9753472222222223 0.1259259259259259 0.00625 0.022222222222222223
1 0.8479166666666667 0.1308641975308642 0.008333333333333333 0.01728395061728395
0 0.6256944444444444 0.19506172839506172 0.005555555555555556 0.01728395061728395
1 0.1486111111111111 0.4024691358024691 0.008333333333333333 0.024691358024691357
1 0.08819444444444445 0.42345679012345677 0.006944444444444444 0.019753086419753086
0 0.08506944444444445 0.40987654320987654 0.003472222222222222 0.012345679012345678
1 0.975 0.1111111111111111 0.006944444444444444 0.01728395061728395
1 0.3729166666666667 0.2796296296296296 0.005555555555555556 0.016049382716049384
0 0.32916666666666666 0.3339506172839506 0.004166666666666667 0.030864197530864196