1 0.014220183486238533 0.7114479874542603 0.01743119266055046 0.04077365394668061
1 0.13730886850152904 0.6845269210663879 0.014067278287461774 0.035023523261892314
1 0.22859327217125383 0.6649242028227914 0.013149847094801223 0.03136434918975431
0 0.022477064220183487 0.8847360167276529 0.04250764525993884 0.08102456874019864
0 0.23547400611620795 0.7950862519602718 0.03058103975535168 0.060637741766858336
0 0.36819571865443423 0.7422895974908521 0.023853211009174313 0.04913748039728175
0 0.4518348623853211 0.7054364871928908 0.018042813455657492 0.041296393099843176
0 0.5181957186544343 0.6808677469942499 0.015596330275229359 0.035023523261892314
0 0.5678899082568807 0.6630946157867225 0.012844036697247707 0.030841610036591742
0 0.6042813455657492 0.648980658651333 0.011620795107033639 0.02770517511761631
0 0.16605504587155964 0.6356508102456874 0.009785932721712538 0.026136957658128592
1 0.29831804281345564 0.6492420282279143 0.008868501529051987 0.027182435964453737
0 0.6282874617737003 0.556717198118139 0.005810397553516819 0.006272869837950863
0 0.641131498470948 0.5561944589649764 0.005198776758409786 0.006272869837950863
0 0.6573394495412844 0.5538421327757449 0.003363914373088685 0.007841087297438577
0 0.6804281345565749 0.5527966544694197 0.0030581039755351682 0.007841087297438577
0 0.7079510703363915 0.5522739153162571 0.0030581039755351682 0.007841087297438577
0 0.7451070336391438 0.552012545739676 0.003363914373088685 0.007318348144276007
0 0.7819571865443425 0.5585467851542081 0.0030581039755351682 0.007841087297438577
0 0.785474006116208 0.5575013068478829 0.0027522935779816515 0.007841087297438577
0 0.7925076452599389 0.5564558285415577 0.0027522935779816515 0.007841087297438577
0 0.7992354740061162 0.5601150026136957 0.003363914373088685 0.007841087297438577
0 0.8048929663608563 0.5522739153162571 0.0030581039755351682 0.007841087297438577
0 0.8215596330275229 0.5554103502352327 0.003363914373088685 0.007841087297438577
0 0.8107033639143731 0.5619445896497648 0.005504587155963303 0.006272869837950863
0 0.8240061162079511 0.5624673288029274 0.005198776758409786 0.006272869837950863
0 0.8691131498470948 0.5554103502352327 0.0024464831804281344 0.006795608991113434
0 0.9159021406727829 0.5548876110820701 0.0030581039755351682 0.006795608991113434
0 0.9204892966360856 0.552012545739676 0.0030581039755351682 0.007318348144276007