1 0.22395833333333334 0.6407407407407407 0.04375 0.11851851851851852
1 0.35381944444444446 0.43950617283950616 0.024305555555555556 0.06419753086419754
1 0.29756944444444444 0.3987654320987654 0.017361111111111112 0.044444444444444446
1 0.21284722222222222 0.4049382716049383 0.013194444444444444 0.037037037037037035
1 0.103125 0.4382716049382716 0.013194444444444444 0.0345679012345679
0 0.9371527777777777 0.5141975308641975 0.04652777777777778 0.15679012345679014
0 0.878125 0.33271604938271604 0.029861111111111113 0.08518518518518518
0 0.9590277777777778 0.24814814814814815 0.020833333333333332 0.06172839506172839
0 0.5239583333333333 0.29691358024691356 0.014583333333333334 0.040740740740740744
1 0.7572916666666667 0.24753086419753087 0.014583333333333334 0.043209876543209874
1 0.9052083333333333 0.19876543209876543 0.010416666666666666 0.0345679012345679
0 0.371875 0.32654320987654323 0.010416666666666666 0.025925925925925925
0 0.07326388888888889 0.4302469135802469 0.009027777777777777 0.020987654320987655
0 0.21215277777777777 0.37592592592592594 0.009027777777777777 0.018518518518518517