0 0.8515625 0.6915509259259259 0.046875 0.12152777777777778
0 0.8857421875 0.5717592592592593 0.029296875 0.07407407407407407
0 0.9886067708333334 0.5387731481481481 0.020182291666666668 0.056712962962962965
1 0.13346354166666666 0.6186342592592593 0.040364583333333336 0.09375
1 0.09342447916666667 0.5179398148148148 0.024088541666666668 0.056712962962962965
1 0.010091145833333334 0.4913194444444444 0.018880208333333332 0.04513888888888889
0 0.365234375 0.4664351851851852 0.022135416666666668 0.04861111111111111
1 0.6305338541666666 0.48726851851851855 0.020182291666666668 0.05092592592592592
1 0.7822265625 0.47453703703703703 0.014973958333333334 0.04398148148148148
0 0.19694010416666666 0.44560185185185186 0.016276041666666668 0.037037037037037035
0 0.026041666666666668 0.4496527777777778 0.013020833333333334 0.028935185185185185