1 0.515625 0.3712962962962963 0.015625 0.037037037037037035
1 0.6278645833333333 0.34814814814814815 0.011979166666666667 0.02962962962962963
1 0.8010416666666667 0.34120370370370373 0.011458333333333333 0.025
1 0.9236979166666667 0.35185185185185186 0.008854166666666666 0.022222222222222223
1 0.14427083333333332 0.5259259259259259 0.03229166666666667 0.07962962962962963
1 0.09166666666666666 0.4550925925925926 0.020833333333333332 0.049074074074074076
1 0.014322916666666666 0.44212962962962965 0.013020833333333334 0.03796296296296296
0 0.021614583333333333 0.4050925925925926 0.011979166666666667 0.026851851851851852
0 0.16640625 0.38333333333333336 0.013020833333333334 0.03148148148148148
0 0.3067708333333333 0.3814814814814815 0.015625 0.037037037037037035
0 0.9307291666666667 0.7824074074074074 0.07916666666666666 0.18518518518518517
0 0.69609375 0.48842592592592593 0.034895833333333334 0.0824074074074074
0 0.7111979166666667 0.4064814814814815 0.022395833333333334 0.05555555555555555
0 0.7815104166666667 0.37407407407407406 0.015104166666666667 0.040740740740740744
0 0.8869791666666667 0.3680555555555556 0.0125 0.030555555555555555
0 0.9864583333333333 0.3763888888888889 0.010416666666666666 0.028703703703703703