0 0.7373046875 0.7065972222222222 0.048828125 0.1261574074074074
0 0.7698567708333334 0.5543981481481481 0.029296875 0.06712962962962964
0 0.8629557291666666 0.5254629629629629 0.022786458333333332 0.05092592592592592
1 0.18294270833333334 0.5989583333333334 0.037760416666666664 0.09375
1 0.474609375 0.4861111111111111 0.018229166666666668 0.04861111111111111
1 0.6578776041666666 0.4664351851851852 0.014973958333333334 0.03935185185185185
1 0.8427734375 0.47164351851851855 0.011067708333333334 0.03356481481481482
0 0.884765625 0.46296296296296297 0.0078125 0.023148148148148147
0 0.8160807291666666 0.4380787037037037 0.005859375 0.019675925925925927
1 0.923828125 0.44849537037037035 0.005208333333333333 0.017361111111111112
1 0.9384765625 0.45891203703703703 0.005859375 0.017361111111111112
1 0.9410807291666666 0.44733796296296297 0.004557291666666667 0.017361111111111112
0 0.9951171875 0.5329861111111112 0.009765625 0.03125
1 0.9967447916666666 0.47974537037037035 0.006510416666666667 0.024305555555555556
0 0.8518880208333334 0.4288194444444444 0.004557291666666667 0.01273148148148148
0 0.9195963541666666 0.4363425925925926 0.004557291666666667 0.011574074074074073
1 0.9853515625 0.4542824074074074 0.004557291666666667 0.015046296296296295
0 0.8138020833333334 0.42939814814814814 0.005208333333333333 0.013888888888888888