0 0.7516276041666666 0.9253472222222222 0.06315104166666667 0.14699074074074073
0 0.6559244791666666 0.6006944444444444 0.037109375 0.09490740740740741
1 0.3046875 0.48900462962962965 0.022135416666666668 0.05439814814814815
1 0.050455729166666664 0.5011574074074074 0.020182291666666668 0.05324074074074074
0 0.7542317708333334 0.5219907407407407 0.009765625 0.05555555555555555
1 0.5159505208333334 0.46875 0.013671875 0.046296296296296294
0 0.9798177083333334 0.5162037037037037 0.015625 0.041666666666666664
0 0.8470052083333334 0.5063657407407407 0.016927083333333332 0.04976851851851852
1 0.6031901041666666 0.4496527777777778 0.014973958333333334 0.03587962962962963
1 0.8971354166666666 0.47453703703703703 0.009114583333333334 0.03009259259259259
0 0.751953125 0.44155092592592593 0.0078125 0.02199074074074074
1 0.5498046875 0.41377314814814814 0.005859375 0.02199074074074074
0 0.5589192708333334 0.40162037037037035 0.004557291666666667 0.013888888888888888
1 0.5944010416666666 0.42997685185185186 0.0078125 0.024305555555555556
0 0.6656901041666666 0.41782407407407407 0.005859375 0.016203703703703703
1 0.4807942708333333 0.40335648148148145 0.005859375 0.019675925925925927
0 0.4612630208333333 0.3923611111111111 0.004557291666666667 0.013888888888888888
1 0.4078776041666667 0.3975694444444444 0.005859375 0.019675925925925927
1 0.3141276041666667 0.39467592592592593 0.004557291666666667 0.018518518518518517
1 0.21809895833333334 0.39872685185185186 0.00390625 0.017361111111111112
1 0.11848958333333333 0.4085648148148148 0.005208333333333333 0.018518518518518517
1 0.023111979166666668 0.4224537037037037 0.004557291666666667 0.020833333333333332
0 0.08854166666666667 0.4050925925925926 0.00390625 0.013888888888888888
0 0.3352864583333333 0.3894675925925926 0.00390625 0.01273148148148148
0 0.21223958333333334 0.3940972222222222 0.00390625 0.01273148148148148