0 0.03857421875 0.5338541666666666 0.0244140625 0.07465277777777778
0 0.3671875 0.4184027777777778 0.037109375 0.08680555555555555
0 0.7265625 0.2725694444444444 0.03125 0.08333333333333333
0 0.94189453125 0.16666666666666666 0.0263671875 0.06944444444444445
0 0.9853515625 0.125 0.01953125 0.059027777777777776
0 0.9345703125 0.11024305555555555 0.0078125 0.03993055555555555
0 0.06982421875 0.4192708333333333 0.0107421875 0.03298611111111111
0 0.18408203125 0.359375 0.0087890625 0.03125
0 0.3154296875 0.2977430555555556 0.0078125 0.026041666666666668
0 0.447265625 0.2421875 0.009765625 0.029513888888888888
0 0.59033203125 0.1909722222222222 0.0087890625 0.027777777777777776
0 0.71875 0.15104166666666666 0.009765625 0.03125
0 0.83056640625 0.12413194444444445 0.0087890625 0.03298611111111111
1 0.12255859375 0.3732638888888889 0.0087890625 0.024305555555555556
1 0.29248046875 0.2951388888888889 0.0087890625 0.024305555555555556
1 0.63525390625 0.16319444444444445 0.0087890625 0.024305555555555556
1 0.80712890625 0.11631944444444445 0.0107421875 0.024305555555555556
1 0.94091796875 0.08333333333333333 0.0087890625 0.024305555555555556