0 0.6178385416666666 0.6082175925925926 0.045572916666666664 0.10532407407407407
0 0.2786458333333333 0.5104166666666666 0.0234375 0.05787037037037037
0 0.05078125 0.5023148148148148 0.016927083333333332 0.04398148148148148
0 0.0439453125 0.44560185185185186 0.008463541666666666 0.020833333333333332
0 0.023111979166666668 0.45717592592592593 0.008463541666666666 0.02546296296296296
1 0.07096354166666667 0.4704861111111111 0.010416666666666666 0.03125
1 0.15690104166666666 0.4357638888888889 0.009114583333333334 0.02199074074074074
1 0.11686197916666667 0.4201388888888889 0.005859375 0.016203703703703703
1 0.029622395833333332 0.4305555555555556 0.005859375 0.013888888888888888
0 0.023763020833333332 0.4427083333333333 0.007161458333333333 0.02199074074074074
1 0.1611328125 0.4212962962962963 0.007161458333333333 0.020833333333333332