0 0.8723958333333334 0.6805555555555556 0.0625 0.1388888888888889
0 0.80546875 0.47129629629629627 0.030729166666666665 0.06666666666666667
0 0.9502604166666667 0.4134259259259259 0.016145833333333335 0.03425925925925926
0 0.8796875 0.4222222222222222 0.007291666666666667 0.04259259259259259
0 0.8778645833333333 0.36157407407407405 0.0078125 0.021296296296296296
0 0.18958333333333333 0.44722222222222224 0.027083333333333334 0.05740740740740741
0 0.03671875 0.4222222222222222 0.016145833333333335 0.040740740740740744
0 0.08307291666666666 0.3648148148148148 0.0078125 0.018518518518518517
1 0.15052083333333333 0.6342592592592593 0.0625 0.12962962962962962
1 0.19010416666666666 0.36157407407407405 0.010416666666666666 0.025
1 0.22786458333333334 0.3731481481481482 0.0109375 0.03148148148148148
1 0.34739583333333335 0.37777777777777777 0.014583333333333334 0.03518518518518519
1 0.5395833333333333 0.3787037037037037 0.016666666666666666 0.040740740740740744
1 0.7619791666666667 0.36157407407407405 0.009375 0.025
1 0.75390625 0.3458333333333333 0.0078125 0.021296296296296296
1 0.7190104166666667 0.33287037037037037 0.005729166666666666 0.017592592592592594
1 0.6958333333333333 0.37175925925925923 0.009375 0.032407407407407406
1 0.9924479166666667 0.39305555555555555 0.009895833333333333 0.023148148148148147
0 0.0328125 0.3925925925925926 0.011458333333333333 0.027777777777777776
1 0.2 0.3476851851851852 0.007291666666666667 0.021296296296296296
1 0.24401041666666667 0.33425925925925926 0.005729166666666666 0.016666666666666666
1 0.3078125 0.32175925925925924 0.004166666666666667 0.01574074074074074
1 0.38125 0.3138888888888889 0.005208333333333333 0.014814814814814815
1 0.5330729166666667 0.3101851851851852 0.0046875 0.012962962962962963
1 0.6067708333333334 0.3143518518518518 0.005208333333333333 0.01574074074074074
1 0.6640625 0.32175925925925924 0.005208333333333333 0.01574074074074074
0 0.8098958333333334 0.34074074074074073 0.00625 0.014814814814814815
0 0.16067708333333333 0.3416666666666667 0.0046875 0.012962962962962963
0 0.7252604166666666 0.32314814814814813 0.0036458333333333334 0.011111111111111112
1 0.45807291666666666 0.30925925925925923 0.0036458333333333334 0.014814814814814815
0 0.45208333333333334 0.30694444444444446 0.003125 0.010185185185185186
0 0.5484375 0.30694444444444446 0.003125 0.010185185185185186
0 0.35651041666666666 0.3111111111111111 0.0036458333333333334 0.011111111111111112
0 0.25755208333333335 0.32222222222222224 0.0036458333333333334 0.011111111111111112