1 0.6244791666666667 0.4587962962962963 0.030208333333333334 0.06574074074074074
1 0.2950520833333333 0.38981481481481484 0.0140625 0.03518518518518519
1 0.1421875 0.4398148148148148 0.015625 0.04259259259259259
1 0.33671875 0.35138888888888886 0.005729166666666666 0.019444444444444445
0 0.2625 0.48055555555555557 0.023958333333333335 0.06481481481481481
0 0.91875 0.4125 0.016666666666666666 0.04537037037037037
0 0.69609375 0.3912037037037037 0.0171875 0.04537037037037037
0 0.5453125 0.36944444444444446 0.013541666666666667 0.037037037037037035
0 0.37135416666666665 0.3337962962962963 0.00625 0.013888888888888888
0 0.5322916666666667 0.3282407407407407 0.007291666666666667 0.019444444444444445
0 0.5890625 0.32083333333333336 0.00625 0.019444444444444445
0 0.9666666666666667 0.35185185185185186 0.007291666666666667 0.018518518518518517
0 0.8893229166666666 0.33564814814814814 0.005729166666666666 0.01574074074074074
1 0.9174479166666667 0.33425925925925926 0.0046875 0.012962962962962963
0 0.8135416666666667 0.3263888888888889 0.005208333333333333 0.01574074074074074
1 0.8265625 0.3226851851851852 0.004166666666666667 0.012037037037037037
1 0.728125 0.3143518518518518 0.004166666666666667 0.012037037037037037
0 0.7356770833333334 0.32083333333333336 0.0046875 0.01574074074074074
0 0.6651041666666667 0.3194444444444444 0.004166666666666667 0.014814814814814815
1 0.6427083333333333 0.31203703703703706 0.004166666666666667 0.012962962962962963
1 0.5286458333333334 0.3175925925925926 0.004166666666666667 0.012962962962962963
1 0.465625 0.32546296296296295 0.004166666666666667 0.01574074074074074
0 0.012239583333333333 0.3939814814814815 0.0036458333333333334 0.012037037037037037
1 0.022135416666666668 0.39675925925925926 0.0046875 0.013888888888888888
1 0.10260416666666666 0.37453703703703706 0.005208333333333333 0.01574074074074074
0 0.12005208333333334 0.36666666666666664 0.0036458333333333334 0.011111111111111112
1 0.16901041666666666 0.36203703703703705 0.0046875 0.014814814814814815
0 0.20286458333333332 0.3509259259259259 0.0036458333333333334 0.011111111111111112
1 0.23515625 0.3523148148148148 0.0046875 0.01574074074074074
1 0.2908854166666667 0.35 0.0046875 0.014814814814814815
0 0.48932291666666666 0.350462962962963 0.0046875 0.025