1 0.39013671875 0.4227430555555556 0.0322265625 0.08159722222222222
1 0.560546875 0.2699652777777778 0.017578125 0.043402777777777776
1 0.79736328125 0.2248263888888889 0.0185546875 0.05381944444444445
0 0.900390625 0.6015625 0.083984375 0.1996527777777778
0 0.88916015625 0.3489583333333333 0.0400390625 0.1111111111111111
0 0.38916015625 0.3489583333333333 0.0244140625 0.05555555555555555
0 0.1904296875 0.3793402777777778 0.017578125 0.046875
1 0.3662109375 0.2803819444444444 0.009765625 0.029513888888888888
1 0.4140625 0.2942708333333333 0.01171875 0.03993055555555555
1 0.35986328125 0.2951388888888889 0.0107421875 0.034722222222222224
0 0.15478515625 0.3680555555555556 0.0126953125 0.03125
0 0.20361328125 0.3333333333333333 0.0107421875 0.027777777777777776