0 0.7572916666666667 0.5546296296296296 0.041666666666666664 0.10185185185185185
0 0.7765625 0.44074074074074077 0.025 0.06481481481481481
0 0.8526041666666667 0.4060185185185185 0.017708333333333333 0.04351851851851852
0 0.34036458333333336 0.3787037037037037 0.0171875 0.03888888888888889
0 0.20078125 0.36898148148148147 0.0140625 0.032407407407407406
0 0.0578125 0.3800925925925926 0.011458333333333333 0.026851851851851852
0 0.9674479166666666 0.4050925925925926 0.011979166666666667 0.03611111111111111
1 0.8734375 0.3680555555555556 0.010416666666666666 0.028703703703703703
1 0.6864583333333333 0.36342592592592593 0.0125 0.032407407407407406
1 0.5625 0.38101851851851853 0.016666666666666666 0.04351851851851852
1 0.12057291666666667 0.5416666666666666 0.03802083333333333 0.08703703703703704
1 0.1015625 0.4444444444444444 0.020833333333333332 0.05
1 0.0359375 0.42268518518518516 0.015625 0.03796296296296296