1 0.0681423611111111 0.5679012345679012 0.025173611111111112 0.07098765432098765
1 0.98046875 0.6080246913580247 0.03211805555555555 0.2006172839506173
1 0.3819444444444444 0.32330246913580246 0.012152777777777778 0.032407407407407406
1 0.4952256944444444 0.27546296296296297 0.011284722222222222 0.026234567901234566
0 0.5985243055555556 0.36882716049382713 0.028645833333333332 0.07716049382716049
0 0.9644097222222222 0.33641975308641975 0.036458333333333336 0.09259259259259259
0 0.6128472222222222 0.25308641975308643 0.012152777777777778 0.030864197530864196
0 0.20963541666666666 0.3873456790123457 0.014756944444444444 0.030864197530864196
1 0.6970486111111112 0.20833333333333334 0.006944444444444444 0.027777777777777776
1 0.8502604166666666 0.1712962962962963 0.006076388888888889 0.024691358024691357
0 0.7491319444444444 0.20833333333333334 0.010416666666666666 0.027777777777777776
0 0.8758680555555556 0.17669753086419754 0.008680555555555556 0.029320987654320986
0 0.5125868055555556 0.2932098765432099 0.0078125 0.037037037037037035
1 0.15104166666666666 0.4444444444444444 0.006944444444444444 0.040123456790123455
0 0.06901041666666667 0.4367283950617284 0.0078125 0.024691358024691357
0 0.45703125 0.3595679012345679 0.011284722222222222 0.04938271604938271