1 0.06197916666666667 0.8986111111111111 0.0875 0.20092592592592592
1 0.15130208333333334 0.538425925925926 0.0296875 0.0787037037037037
1 0.8841145833333334 0.43703703703703706 0.0234375 0.06296296296296296
1 0.98125 0.3861111111111111 0.015625 0.040740740740740744
1 0.9583333333333334 0.3541666666666667 0.010416666666666666 0.028703703703703703
0 0.9083333333333333 0.6291666666666667 0.06145833333333333 0.1398148148148148
0 0.7828125 0.35509259259259257 0.0125 0.03425925925925926
0 0.80546875 0.33935185185185185 0.009895833333333333 0.028703703703703703
0 0.6638020833333333 0.3763888888888889 0.016145833333333335 0.04351851851851852
0 0.7778645833333333 0.3226851851851852 0.0078125 0.023148148148148147
0 0.4578125 0.39675925925925926 0.017708333333333333 0.04537037037037037
0 0.27291666666666664 0.40555555555555556 0.014583333333333334 0.03888888888888889
1 0.0703125 0.4824074074074074 0.009375 0.05
0 0.20260416666666667 0.4013888888888889 0.0125 0.03425925925925926
0 0.19817708333333334 0.38472222222222224 0.005729166666666666 0.026851851851851852
1 0.08229166666666667 0.41064814814814815 0.008333333333333333 0.023148148148148147
1 0.13776041666666666 0.38472222222222224 0.0067708333333333336 0.017592592592592594
0 0.23411458333333332 0.36712962962962964 0.0067708333333333336 0.021296296296296296
1 0.24661458333333333 0.35 0.0046875 0.012962962962962963
0 0.2984375 0.34675925925925927 0.005208333333333333 0.017592592592592594
1 0.3299479166666667 0.3314814814814815 0.0046875 0.012962962962962963
0 0.36302083333333335 0.33287037037037037 0.005208333333333333 0.017592592592592594
1 0.425 0.31574074074074077 0.004166666666666667 0.012962962962962963
0 0.4375 0.32037037037037036 0.005208333333333333 0.016666666666666666
1 0.51328125 0.3060185185185185 0.0036458333333333334 0.012037037037037037
0 0.5901041666666667 0.30833333333333335 0.005208333333333333 0.016666666666666666
1 0.6151041666666667 0.3023148148148148 0.004166666666666667 0.012037037037037037
0 0.66015625 0.30925925925925923 0.0046875 0.016666666666666666
1 0.70859375 0.3055555555555556 0.0046875 0.012962962962962963
0 0.7213541666666666 0.3138888888888889 0.005208333333333333 0.018518518518518517
1 0.7809895833333333 0.3111111111111111 0.0036458333333333334 0.014814814814814815
1 0.8864583333333333 0.3282407407407407 0.005208333333333333 0.017592592592592594
0 0.5111979166666667 0.31296296296296294 0.0046875 0.014814814814814815