0 0.09505208333333333 0.6557291666666667 0.050520833333333334 0.09739583333333333
0 0.45902777777777776 0.6252604166666667 0.05381944444444445 0.0890625
0 0.3875 0.5837239583333333 0.042708333333333334 0.07265625
0 0.32430555555555557 0.48515625 0.028819444444444446 0.05260416666666667
0 0.11059027777777777 0.46510416666666665 0.024305555555555556 0.04739583333333333
0 0.08967013888888889 0.41875 0.0140625 0.0390625
1 0.009114583333333334 0.40794270833333335 0.018229166666666668 0.03619791666666667
1 0.014322916666666666 0.382421875 0.011979166666666667 0.032552083333333336
0 0.9401041666666666 0.5920572916666667 0.04652777777777778 0.08151041666666667
1 0.7035590277777778 0.46731770833333336 0.025173611111111112 0.05026041666666667
0 0.690625 0.4666666666666667 0.013194444444444444 0.0515625
0 0.44991319444444444 0.4466145833333333 0.024131944444444445 0.0453125
1 0.4705729166666667 0.446484375 0.021354166666666667 0.04453125
1 0.46822916666666664 0.4141927083333333 0.019444444444444445 0.03828125
1 0.34713541666666664 0.4061197916666667 0.01892361111111111 0.03619791666666667
1 0.35616319444444444 0.3997395833333333 0.0109375 0.034375
1 0.11970486111111112 0.39088541666666665 0.015104166666666667 0.028645833333333332
1 0.23923611111111112 0.39752604166666666 0.013194444444444444 0.03567708333333333
1 0.025868055555555554 0.3587239583333333 0.011805555555555555 0.029427083333333333