1 0.15026041666666667 0.6449074074074074 0.044270833333333336 0.11388888888888889
1 0.13255208333333332 0.49953703703703706 0.0328125 0.06759259259259259
1 0.054427083333333334 0.4722222222222222 0.018229166666666668 0.044444444444444446
1 0.44296875 0.3592592592592593 0.013020833333333334 0.03333333333333333
1 0.5341145833333333 0.3263888888888889 0.009895833333333333 0.025
0 0.66953125 0.4787037037037037 0.04010416666666667 0.08888888888888889
0 0.40651041666666665 0.40185185185185185 0.0203125 0.05185185185185185
0 0.3263020833333333 0.36064814814814816 0.0140625 0.030555555555555555
0 0.19609375 0.3958333333333333 0.015104166666666667 0.032407407407407406
0 0.06041666666666667 0.4287037037037037 0.015625 0.03148148148148148
0 0.4088541666666667 0.33611111111111114 0.009375 0.024074074074074074
0 0.41796875 0.31666666666666665 0.0078125 0.018518518518518517
0 0.43203125 0.32222222222222224 0.008854166666666666 0.020370370370370372
1 0.50234375 0.30694444444444446 0.0067708333333333336 0.013888888888888888
0 0.37786458333333334 0.32083333333333336 0.005729166666666666 0.013888888888888888
0 0.33098958333333334 0.32592592592592595 0.005729166666666666 0.014814814814814815
0 0.2734375 0.33611111111111114 0.00625 0.014814814814814815
0 0.20755208333333333 0.35 0.005729166666666666 0.014814814814814815
1 0.29401041666666666 0.3263888888888889 0.0046875 0.012037037037037037
1 0.5403645833333334 0.31342592592592594 0.005729166666666666 0.017592592592592594
0 0.14453125 0.36666666666666664 0.0046875 0.014814814814814815
0 0.0296875 0.4060185185185185 0.00625 0.017592592592592594
0 0.08229166666666667 0.3861111111111111 0.005208333333333333 0.014814814814814815
1 0.048177083333333336 0.3925925925925926 0.0046875 0.012962962962962963
1 0.13098958333333333 0.36527777777777776 0.0046875 0.012037037037037037
1 0.37083333333333335 0.3143518518518518 0.005208333333333333 0.012037037037037037
1 0.4276041666666667 0.30694444444444446 0.005208333333333333 0.013888888888888888