0 0.9292534722222222 0.8773148148148148 0.1032986111111111 0.24228395061728394
0 0.7469618055555556 0.47762345679012347 0.05295138888888889 0.12808641975308643
1 0.2669270833333333 0.47530864197530864 0.03211805555555555 0.07407407407407407
0 0.8598090277777778 0.33024691358024694 0.019965277777777776 0.07407407407407407
0 0.9822048611111112 0.27469135802469136 0.026909722222222224 0.06790123456790123
1 0.5412326388888888 0.3626543209876543 0.019965277777777776 0.06172839506172839
1 0.6545138888888888 0.30092592592592593 0.020833333333333332 0.05246913580246913
0 0.8472222222222222 0.22993827160493827 0.008680555555555556 0.027777777777777776
1 0.6384548611111112 0.2785493827160494 0.011284722222222222 0.032407407407407406
0 0.7300347222222222 0.2330246913580247 0.008680555555555556 0.024691358024691357
1 0.578125 0.2762345679012346 0.010416666666666666 0.030864197530864196
0 0.5872395833333334 0.25540123456790126 0.0078125 0.020061728395061727
1 0.4852430555555556 0.29012345679012347 0.006944444444444444 0.024691358024691357
0 0.4578993055555556 0.2824074074074074 0.004340277777777778 0.018518518518518517
1 0.3888888888888889 0.3125 0.006944444444444444 0.026234567901234566
0 0.2921006944444444 0.3317901234567901 0.004340277777777778 0.015432098765432098
1 0.2651909722222222 0.3472222222222222 0.0078125 0.027777777777777776
1 0.1401909722222222 0.39351851851851855 0.006076388888888889 0.021604938271604937
0 0.1310763888888889 0.3873456790123457 0.003472222222222222 0.018518518518518517
1 0.010850694444444444 0.44598765432098764 0.0078125 0.024691358024691357