0 0.6229166666666667 0.43148148148148147 0.029166666666666667 0.06666666666666667
0 0.89921875 0.42777777777777776 0.0234375 0.06296296296296296
1 0.12213541666666666 0.6810185185185185 0.05572916666666667 0.1361111111111111
0 0.3768229166666667 0.41388888888888886 0.0171875 0.05
0 0.3033854166666667 0.39675925925925926 0.016145833333333335 0.03981481481481482
1 0.031510416666666666 0.4824074074074074 0.013020833333333334 0.04259259259259259
0 0.0359375 0.4337962962962963 0.010416666666666666 0.026851851851851852
1 0.18359375 0.3912037037037037 0.0109375 0.026851851851851852
0 0.30911458333333336 0.3726851851851852 0.0109375 0.032407407407407406
0 0.35390625 0.35 0.008854166666666666 0.025925925925925925
0 0.9859375 0.34953703703703703 0.008333333333333333 0.028703703703703703
0 0.9109375 0.32916666666666666 0.007291666666666667 0.023148148148148147
1 0.975 0.3300925925925926 0.00625 0.017592592592592594
0 0.8369791666666667 0.31712962962962965 0.00625 0.021296296296296296
1 0.8885416666666667 0.3162037037037037 0.00625 0.017592592592592594
0 0.7552083333333334 0.3101851851851852 0.00625 0.020370370370370372
1 0.7802083333333333 0.30416666666666664 0.00625 0.01574074074074074
0 0.665625 0.3087962962962963 0.00625 0.01574074074074074
0 0.5828125 0.3106481481481482 0.005208333333333333 0.017592592592592594
1 0.56953125 0.30462962962962964 0.005729166666666666 0.014814814814814815
0 0.50078125 0.31851851851851853 0.005729166666666666 0.018518518518518517
1 0.465625 0.31574074074074077 0.00625 0.014814814814814815
0 0.428125 0.3300925925925926 0.007291666666666667 0.019444444444444445
1 0.3736979166666667 0.33055555555555555 0.0067708333333333336 0.016666666666666666
1 0.25078125 0.36203703703703705 0.008854166666666666 0.022222222222222223