1 0.47265625 0.5214120370370371 0.028645833333333332 0.07060185185185185
0 0.08626302083333333 0.5503472222222222 0.029296875 0.07060185185185185
1 0.9703776041666666 0.5862268518518519 0.031901041666666664 0.04513888888888889
0 0.8079427083333334 0.47627314814814814 0.01953125 0.04976851851851852
0 0.5602213541666666 0.4548611111111111 0.018880208333333332 0.046296296296296294
0 0.3929036458333333 0.4363425925925926 0.014973958333333334 0.041666666666666664
1 0.1064453125 0.46238425925925924 0.014973958333333334 0.04282407407407408
0 0.9690755208333334 0.4357638888888889 0.007161458333333333 0.024305555555555556
1 0.9658203125 0.4236111111111111 0.005859375 0.020833333333333332
0 0.8951822916666666 0.4149305555555556 0.006510416666666667 0.02199074074074074
1 0.841796875 0.3975694444444444 0.005208333333333333 0.017361111111111112
0 0.8043619791666666 0.3993055555555556 0.005859375 0.020833333333333332
1 0.732421875 0.38310185185185186 0.00390625 0.013888888888888888
0 0.71484375 0.3883101851851852 0.005208333333333333 0.017361111111111112
0 0.6223958333333334 0.38136574074074076 0.005208333333333333 0.017361111111111112
1 0.6142578125 0.3755787037037037 0.004557291666666667 0.015046296296296295
0 0.5377604166666666 0.38078703703703703 0.005208333333333333 0.018518518518518517
1 0.5120442708333334 0.3738425925925926 0.004557291666666667 0.016203703703703703
0 0.4462890625 0.38599537037037035 0.005859375 0.019675925925925927
0 0.3779296875 0.39525462962962965 0.005859375 0.019675925925925927
1 0.3743489583333333 0.3819444444444444 0.005208333333333333 0.016203703703703703
1 0.2991536458333333 0.3923611111111111 0.005859375 0.018518518518518517
0 0.1865234375 0.40219907407407407 0.007161458333333333 0.017361111111111112
1 0.0234375 0.42592592592592593 0.006510416666666667 0.018518518518518517
1 0.150390625 0.421875 0.006510416666666667 0.024305555555555556
0 0.3277994791666667 0.4201388888888889 0.005859375 0.03009259259259259
1 0.09212239583333333 0.4212962962962963 0.007161458333333333 0.020833333333333332
0 0.09212239583333333 0.4068287037037037 0.004557291666666667 0.010416666666666666