0 0.24348958333333334 0.4112654320987654 0.016493055555555556 0.05401234567901234
0 0.30859375 0.32407407407407407 0.009548611111111112 0.030864197530864196
0 0.2222222222222222 0.36574074074074076 0.010416666666666666 0.033950617283950615
0 0.4231770833333333 0.2777777777777778 0.009548611111111112 0.027777777777777776
0 0.4513888888888889 0.3626543209876543 0.020833333333333332 0.06172839506172839
0 0.5316840277777778 0.24305555555555555 0.0078125 0.026234567901234566
0 0.7565104166666666 0.2770061728395062 0.021701388888888888 0.06018518518518518
0 0.6488715277777778 0.20910493827160495 0.009548611111111112 0.026234567901234566
0 0.7634548611111112 0.18441358024691357 0.011284722222222222 0.029320987654320986
0 0.8776041666666666 0.16435185185185186 0.012152777777777778 0.032407407407407406
0 0.9522569444444444 0.2183641975308642 0.019097222222222224 0.05401234567901234
0 0.9683159722222222 0.15895061728395063 0.011284722222222222 0.027777777777777776
1 0.9461805555555556 0.31635802469135804 0.034722222222222224 0.08641975308641975
1 0.3454861111111111 0.47685185185185186 0.029513888888888888 0.08333333333333333
1 0.8103298611111112 0.16203703703703703 0.0078125 0.024691358024691357
1 0.671875 0.19290123456790123 0.008680555555555556 0.021604938271604937
1 0.3914930555555556 0.2785493827160494 0.008680555555555556 0.023148148148148147
1 0.12196180555555555 0.39737654320987653 0.011284722222222222 0.026234567901234566
1 0.10460069444444445 0.39197530864197533 0.006076388888888889 0.018518518518518517
1 0.21614583333333334 0.34953703703703703 0.005208333333333333 0.016975308641975308
1 0.5217013888888888 0.2353395061728395 0.006944444444444444 0.020061728395061727