0 0.7861328125 0.8993055555555556 0.087890625 0.19675925925925927
0 0.6988932291666666 0.5908564814814815 0.030598958333333332 0.08217592592592593
0 0.7848307291666666 0.5266203703703703 0.017578125 0.05324074074074074
0 0.890625 0.5167824074074074 0.014322916666666666 0.04050925925925926
1 0.3365885416666667 0.5190972222222222 0.022135416666666668 0.059027777777777776
1 0.5598958333333334 0.4704861111111111 0.016927083333333332 0.04282407407407408
1 0.7268880208333334 0.4675925925925926 0.011067708333333334 0.032407407407407406
1 0.9052734375 0.4832175925925926 0.011067708333333334 0.03125
0 0.95703125 0.4826388888888889 0.0078125 0.020833333333333332
0 0.90234375 0.45949074074074076 0.00390625 0.016203703703703703
0 0.9085286458333334 0.4508101851851852 0.0032552083333333335 0.01273148148148148
0 0.9498697916666666 0.453125 0.005208333333333333 0.015046296296296295