0 0.8986979166666667 0.5425925925925926 0.03802083333333333 0.1037037037037037
0 0.5153645833333333 0.4476851851851852 0.025520833333333333 0.06574074074074074
0 0.41822916666666665 0.40046296296296297 0.017708333333333333 0.04722222222222222
0 0.4283854166666667 0.36527777777777776 0.015104166666666667 0.032407407407407406
0 0.4817708333333333 0.33935185185185185 0.009375 0.025
0 0.11744791666666667 0.4111111111111111 0.0109375 0.03148148148148148
0 0.5661458333333333 0.3212962962962963 0.007291666666666667 0.022222222222222223
0 0.6471354166666666 0.31342592592592594 0.005729166666666666 0.019444444444444445
1 0.07447916666666667 0.49212962962962964 0.020833333333333332 0.05462962962962963
1 0.2838541666666667 0.3731481481481482 0.010416666666666666 0.025925925925925925
1 0.3640625 0.3439814814814815 0.009375 0.021296296296296296
1 0.5033854166666667 0.3162037037037037 0.0067708333333333336 0.019444444444444445
1 0.9575520833333333 0.3236111111111111 0.005729166666666666 0.01574074074074074
1 0.71953125 0.3023148148148148 0.0046875 0.01574074074074074
1 0.6052083333333333 0.3060185185185185 0.00625 0.01574074074074074
1 0.828125 0.30925925925925923 0.004166666666666667 0.014814814814814815
0 0.8315104166666667 0.3162037037037037 0.005729166666666666 0.019444444444444445
0 0.73828125 0.31157407407407406 0.005729166666666666 0.019444444444444445
0 0.93515625 0.3287037037037037 0.0078125 0.020370370370370372