0 0.673046875 0.34305555555555556 0.03359375 0.08888888888888889
0 0.972265625 0.075 0.00859375 0.025
0 0.85 0.10138888888888889 0.00625 0.022222222222222223
0 0.716796875 0.14097222222222222 0.00703125 0.020833333333333332
0 0.5953125 0.18194444444444444 0.00625 0.025
0 0.475 0.23125 0.00625 0.02638888888888889
0 0.369921875 0.2833333333333333 0.00703125 0.027777777777777776
0 0.2640625 0.3472222222222222 0.009375 0.030555555555555555
0 0.2015625 0.4 0.0109375 0.03888888888888889
0 0.19609375 0.4388888888888889 0.015625 0.05
0 0.309765625 0.4305555555555556 0.01796875 0.06388888888888888
1 0.1125 0.4125 0.0109375 0.027777777777777776
1 0.01796875 0.4861111111111111 0.0125 0.03611111111111111
1 0.28984375 0.3090277777777778 0.0078125 0.02361111111111111
1 0.42265625 0.24444444444444444 0.0078125 0.022222222222222223
1 0.574609375 0.17916666666666667 0.00703125 0.019444444444444445
1 0.8859375 0.08125 0.00625 0.020833333333333332
1 0.71640625 0.1284722222222222 0.0078125 0.020833333333333332