0 0.08819444444444445 0.5623456790123457 0.03333333333333333 0.08024691358024691
0 0.9881944444444445 0.6376543209876543 0.022222222222222223 0.0728395061728395
0 0.9020833333333333 0.3339506172839506 0.034722222222222224 0.08518518518518518
1 0.06388888888888888 0.8209876543209876 0.07361111111111111 0.1654320987654321
1 0.28541666666666665 0.404320987654321 0.018055555555555554 0.04814814814814815
1 0.5381944444444444 0.32469135802469135 0.019444444444444445 0.04938271604938271
1 0.12743055555555555 0.4462962962962963 0.013194444444444444 0.040740740740740744
1 0.7423611111111111 0.25123456790123455 0.0125 0.040740740740740744
1 0.8274305555555556 0.21049382716049383 0.011805555555555555 0.03333333333333333
1 0.07743055555555556 0.4462962962962963 0.010416666666666666 0.03333333333333333
0 0.9791666666666666 0.16358024691358025 0.009722222222222222 0.025925925925925925
0 0.8861111111111111 0.1648148148148148 0.008333333333333333 0.020987654320987655
1 0.8142361111111112 0.19320987654320987 0.009027777777777777 0.028395061728395062
1 0.7666666666666667 0.19012345679012346 0.008333333333333333 0.027160493827160494
1 0.6930555555555555 0.19876543209876543 0.006944444444444444 0.022222222222222223
1 0.6166666666666667 0.2123456790123457 0.006944444444444444 0.022222222222222223
1 0.5197916666666667 0.23765432098765432 0.00625 0.018518518518518517
1 0.08784722222222222 0.42345679012345677 0.009027777777777777 0.027160493827160494
1 0.1440972222222222 0.387037037037037 0.007638888888888889 0.02345679012345679
1 0.22604166666666667 0.345679012345679 0.00625 0.019753086419753086
1 0.32083333333333336 0.304320987654321 0.005555555555555556 0.018518518518518517
1 0.4204861111111111 0.2679012345679012 0.004861111111111111 0.01728395061728395
0 0.4125 0.26481481481481484 0.004166666666666667 0.013580246913580247
0 0.28680555555555554 0.3117283950617284 0.004166666666666667 0.013580246913580247
0 0.034027777777777775 0.43209876543209874 0.005555555555555556 0.014814814814814815
0 0.15868055555555555 0.36790123456790125 0.003472222222222222 0.012345679012345678
0 0.5388888888888889 0.22654320987654322 0.004166666666666667 0.013580246913580247
0 0.7729166666666667 0.17530864197530865 0.005555555555555556 0.014814814814814815
0 0.9857638888888889 0.23950617283950618 0.011805555555555555 0.05432098765432099