1 0.603515625 0.4765625 0.05859375 0.13368055555555555
0 0.720703125 0.3072916666666667 0.03515625 0.08680555555555555
0 0.43896484375 0.3567708333333333 0.0263671875 0.07118055555555555
0 0.32861328125 0.3550347222222222 0.0107421875 0.050347222222222224
0 0.92333984375 0.12065972222222222 0.0087890625 0.03298611111111111
1 0.94580078125 0.10590277777777778 0.0087890625 0.027777777777777776
1 0.7626953125 0.14930555555555555 0.0078125 0.024305555555555556
0 0.77880859375 0.15625 0.0087890625 0.03125
0 0.64697265625 0.19444444444444445 0.0107421875 0.03125
0 0.50732421875 0.2439236111111111 0.0126953125 0.03298611111111111
0 0.60546875 0.19444444444444445 0.009765625 0.024305555555555556
0 0.40283203125 0.2916666666666667 0.0087890625 0.034722222222222224
1 0.392578125 0.2699652777777778 0.00390625 0.026041666666666668
1 0.27978515625 0.3211805555555556 0.0087890625 0.027777777777777776
0 0.10791015625 0.3914930555555556 0.0087890625 0.029513888888888888