1 0.6870659722222222 0.4637345679012346 0.04600694444444445 0.11574074074074074
1 0.09331597222222222 0.5069444444444444 0.0234375 0.06018518518518518
1 0.1545138888888889 0.42592592592592593 0.010416666666666666 0.033950617283950615
0 0.5130208333333334 0.35185185185185186 0.020833333333333332 0.05864197530864197
0 0.5633680555555556 0.25771604938271603 0.010416666666666666 0.027777777777777776
0 0.0681423611111111 0.6805555555555556 0.04774305555555555 0.1111111111111111
0 0.7760416666666666 0.3140432098765432 0.026041666666666668 0.0787037037037037
1 0.3580729166666667 0.32330246913580246 0.009548611111111112 0.029320987654320986
0 0.4713541666666667 0.29398148148148145 0.012152777777777778 0.035493827160493825
0 0.6892361111111112 0.21373456790123457 0.010416666666666666 0.026234567901234566
0 0.8072916666666666 0.18441358024691357 0.010416666666666666 0.029320987654320986
0 0.9379340277777778 0.1558641975308642 0.011284722222222222 0.030864197530864196
1 0.6497395833333334 0.2152777777777778 0.0078125 0.023148148148148147
1 0.7907986111111112 0.17746913580246915 0.008680555555555556 0.027777777777777776
0 0.203125 0.38117283950617287 0.010416666666666666 0.027777777777777776
1 0.95703125 0.14429012345679013 0.009548611111111112 0.026234567901234566
1 0.07421875 0.4444444444444444 0.011284722222222222 0.027777777777777776