0 0.23223615464994776 0.34686147186147187 0.0109717868338558 0.03571428571428571
0 0.1841692789968652 0.3436147186147186 0.009926854754440962 0.031385281385281384
0 0.15569487983281086 0.33766233766233766 0.009404388714733543 0.032467532467532464
0 0.3560606060606061 0.33874458874458874 0.012016718913270637 0.03896103896103896
0 0.3390804597701149 0.2911255411255411 0.006269592476489028 0.021645021645021644
0 0.17084639498432602 0.3225108225108225 0.008359456635318705 0.025974025974025976
0 0.035527690700104496 0.3436147186147186 0.0073145245559038665 0.022727272727272728
0 0.2110762800417973 0.3051948051948052 0.00522466039707419 0.01948051948051948
0 0.29231974921630094 0.28733766233766234 0.004702194357366771 0.016233766233766232
0 0.2659352142110763 0.2819264069264069 0.003134796238244514 0.01406926406926407
0 0.16797283176593522 0.3046536796536797 0.0036572622779519333 0.016233766233766232