0 0.9072916666666667 0.6160493827160494 0.08680555555555555 0.2
0 0.8197916666666667 0.36604938271604937 0.03819444444444445 0.09506172839506173
0 0.8996527777777777 0.26358024691358023 0.022916666666666665 0.06049382716049383
1 0.035069444444444445 0.7802469135802469 0.06875 0.14320987654320988
1 0.38819444444444445 0.43333333333333335 0.029166666666666667 0.07407407407407407
1 0.6263888888888889 0.2895061728395062 0.019444444444444445 0.050617283950617285
0 0.6385416666666667 0.25308641975308643 0.011805555555555555 0.03209876543209877
0 0.521875 0.2660493827160494 0.007638888888888889 0.02345679012345679
1 0.9045138888888888 0.1882716049382716 0.009027777777777777 0.030864197530864196
1 0.75625 0.2080246913580247 0.008333333333333333 0.030864197530864196
1 0.6666666666666666 0.21851851851851853 0.006944444444444444 0.024691358024691357
1 0.6347222222222222 0.21728395061728395 0.004166666666666667 0.019753086419753086
1 0.6430555555555556 0.20864197530864198 0.004166666666666667 0.01728395061728395
0 0.5024305555555556 0.25555555555555554 0.00625 0.01728395061728395
0 0.5361111111111111 0.23703703703703705 0.005555555555555556 0.014814814814814815
1 0.6854166666666667 0.19197530864197532 0.004166666666666667 0.016049382716049384
1 0.75 0.17469135802469135 0.004166666666666667 0.016049382716049384
1 0.8284722222222223 0.15679012345679014 0.004166666666666667 0.014814814814814815
1 0.996875 0.12962962962962962 0.003472222222222222 0.01728395061728395
0 0.603125 0.20987654320987653 0.003472222222222222 0.012345679012345678
0 0.8065972222222222 0.1574074074074074 0.003472222222222222 0.013580246913580247