0 0.6748046875 0.4166666666666667 0.048828125 0.11458333333333333
0 0.4560546875 0.3880208333333333 0.015625 0.08159722222222222
0 0.525390625 0.2907986111111111 0.021484375 0.05381944444444445
0 0.146484375 0.4105902777777778 0.017578125 0.043402777777777776
0 0.64794921875 0.2361111111111111 0.0185546875 0.04861111111111111
1 0.35986328125 0.3289930555555556 0.0205078125 0.046875
0 0.81201171875 0.1814236111111111 0.0166015625 0.043402777777777776
1 0.74462890625 0.18229166666666666 0.0126953125 0.03125
0 0.9658203125 0.1423611111111111 0.013671875 0.03819444444444445
1 0.50048828125 0.2673611111111111 0.0146484375 0.03125
1 0.92919921875 0.1345486111111111 0.0126953125 0.029513888888888888