0 0.8849826388888888 0.7677469135802469 0.10677083333333333 0.24228395061728394
0 0.7760416666666666 0.45524691358024694 0.04513888888888889 0.11419753086419752
0 0.8745659722222222 0.3279320987654321 0.028645833333333332 0.0787037037037037
0 0.5486111111111112 0.31558641975308643 0.017361111111111112 0.044753086419753084
0 0.4027777777777778 0.33101851851851855 0.012152777777777778 0.032407407407407406
1 0.5329861111111112 0.3626543209876543 0.024305555555555556 0.05864197530864197
1 0.6953125 0.26003086419753085 0.012152777777777778 0.038580246913580245
1 0.8806423611111112 0.2353395061728395 0.014756944444444444 0.041666666666666664
1 0.23567708333333334 0.5393518518518519 0.033854166666666664 0.0941358024691358
1 0.5828993055555556 0.27314814814814814 0.011284722222222222 0.033950617283950615
0 0.3776041666666667 0.31790123456790126 0.006944444444444444 0.021604938271604937
0 0.4188368055555556 0.29475308641975306 0.006076388888888889 0.018518518518518517
1 0.5529513888888888 0.26003086419753085 0.006944444444444444 0.023148148148148147
1 0.5434027777777778 0.2708333333333333 0.006944444444444444 0.026234567901234566
1 0.6059027777777778 0.23996913580246915 0.005208333333333333 0.020061728395061727
0 0.6245659722222222 0.22608024691358025 0.004340277777777778 0.013888888888888888
1 0.6866319444444444 0.2175925925925926 0.005208333333333333 0.021604938271604937
0 0.7573784722222222 0.19598765432098766 0.004340277777777778 0.015432098765432098
1 0.7842881944444444 0.19521604938271606 0.006076388888888889 0.020061728395061727
1 0.8914930555555556 0.17746913580246915 0.005208333333333333 0.018518518518518517
1 0.9956597222222222 0.16280864197530864 0.005208333333333333 0.020061728395061727