0 0.9466145833333334 0.8953703703703704 0.0953125 0.20925925925925926
0 0.6763020833333333 0.5032407407407408 0.034895833333333334 0.08981481481481482
0 0.6984375 0.40925925925925927 0.020833333333333332 0.053703703703703705
0 0.7736979166666667 0.37222222222222223 0.015104166666666667 0.03888888888888889
0 0.28229166666666666 0.38055555555555554 0.017708333333333333 0.037037037037037035
0 0.14166666666666666 0.38287037037037036 0.0125 0.032407407407407406
1 0.05286458333333333 0.4587962962962963 0.021354166666666667 0.05277777777777778
1 0.08828125 0.5416666666666666 0.03177083333333333 0.07777777777777778
1 0.4953125 0.3680555555555556 0.014583333333333334 0.03981481481481482
1 0.6138020833333333 0.34444444444444444 0.008854166666666666 0.02962962962962963
1 0.7942708333333334 0.33796296296296297 0.008333333333333333 0.024074074074074074
1 0.92109375 0.3509259259259259 0.0078125 0.024074074074074074
0 0.8830729166666667 0.36527777777777776 0.013020833333333334 0.030555555555555555
0 0.9856770833333334 0.3768518518518518 0.011979166666666667 0.03148148148148148