1 0.06015625 0.700925925925926 0.0671875 0.14444444444444443
1 0.46875 0.4152777777777778 0.01875 0.04722222222222222
1 0.64765625 0.3773148148148148 0.0109375 0.030555555555555555
1 0.7815104166666667 0.37453703703703706 0.009895833333333333 0.026851851851851852
1 0.92421875 0.387037037037037 0.0078125 0.022222222222222223
0 0.8294270833333334 0.7199074074074074 0.06822916666666666 0.15462962962962962
0 0.7598958333333333 0.4726851851851852 0.026041666666666668 0.06388888888888888
0 0.8276041666666667 0.4212962962962963 0.016666666666666666 0.04259259259259259
0 0.9122395833333333 0.4148148148148148 0.0140625 0.03518518518518519
0 0.9653645833333333 0.38657407407407407 0.0067708333333333336 0.017592592592592594
0 0.9216145833333333 0.3675925925925926 0.0046875 0.012962962962962963
0 0.9268229166666667 0.36157407407407405 0.0036458333333333334 0.012037037037037037