0 0.84375 0.9143518518518519 0.08333333333333333 0.16666666666666666
0 0.7294921875 0.5943287037037037 0.031901041666666664 0.08449074074074074
0 0.7945963541666666 0.53125 0.021484375 0.05555555555555555
0 0.9140625 0.515625 0.018229166666666668 0.04513888888888889
1 0.3414713541666667 0.5231481481481481 0.024088541666666668 0.06018518518518518
1 0.5423177083333334 0.47511574074074076 0.018229166666666668 0.03819444444444445
1 0.7314453125 0.46238425925925924 0.012369791666666666 0.03587962962962963
1 0.87109375 0.4537037037037037 0.0078125 0.02546296296296296
1 0.9895833333333334 0.4855324074074074 0.009114583333333334 0.02662037037037037
0 0.6800130208333334 0.42476851851851855 0.008463541666666666 0.020833333333333332
0 0.76171875 0.44675925925925924 0.01171875 0.03009259259259259
0 0.671875 0.4114583333333333 0.005208333333333333 0.015046296296296295
0 0.7057291666666666 0.4085648148148148 0.00390625 0.011574074074074073
1 0.8037109375 0.43460648148148145 0.005859375 0.019675925925925927
1 0.7841796875 0.4253472222222222 0.004557291666666667 0.017361111111111112
1 0.8385416666666666 0.4241898148148148 0.005208333333333333 0.015046296296296295