0 0.8736979166666666 0.5347222222222222 0.032552083333333336 0.0763888888888889
0 0.5266927083333334 0.5381944444444444 0.032552083333333336 0.08101851851851852
0 0.22200520833333334 0.5173611111111112 0.0234375 0.06018518518518518
0 0.12890625 0.4947916666666667 0.018229166666666668 0.047453703703703706
0 0.13639322916666666 0.4664351851851852 0.013671875 0.03935185185185185
0 0.1923828125 0.4375 0.011067708333333334 0.032407407407407406
1 0.0634765625 0.453125 0.009765625 0.024305555555555556
1 0.2177734375 0.41203703703703703 0.007161458333333333 0.020833333333333332
0 0.2854817708333333 0.4131944444444444 0.007161458333333333 0.02546296296296296
1 0.3323567708333333 0.39351851851851855 0.005859375 0.018518518518518517
0 0.3759765625 0.39872685185185186 0.007161458333333333 0.024305555555555556
0 0.4788411458333333 0.3883101851851852 0.005859375 0.02199074074074074
1 0.4625651041666667 0.38136574074074076 0.005859375 0.017361111111111112
0 0.5823567708333334 0.38599537037037035 0.005859375 0.019675925925925927
0 0.6936848958333334 0.3871527777777778 0.007161458333333333 0.02199074074074074
1 0.7255859375 0.3802083333333333 0.004557291666666667 0.017361111111111112
0 0.7965494791666666 0.39641203703703703 0.007161458333333333 0.024305555555555556
1 0.8606770833333334 0.39467592592592593 0.006510416666666667 0.018518518518518517
0 0.888671875 0.4114583333333333 0.009114583333333334 0.02662037037037037
0 0.982421875 0.4363425925925926 0.010416666666666666 0.032407407407407406
1 0.9684244791666666 0.41203703703703703 0.007161458333333333 0.020833333333333332
1 0.5843098958333334 0.3755787037037037 0.004557291666666667 0.015046296296296295