1 0.09407552083333333 0.6365740740740741 0.046223958333333336 0.10416666666666667
0 0.7161458333333334 0.7146990740740741 0.053385416666666664 0.13773148148148148
0 0.7278645833333334 0.5491898148148148 0.028645833333333332 0.07291666666666667
0 0.8271484375 0.5127314814814815 0.018880208333333332 0.05324074074074074
1 0.3968098958333333 0.49189814814814814 0.022786458333333332 0.05787037037037037
0 0.9664713541666666 0.5133101851851852 0.013671875 0.04282407407407408
1 0.8313802083333334 0.4652777777777778 0.010416666666666666 0.034722222222222224
1 0.6767578125 0.4496527777777778 0.012369791666666666 0.03587962962962963
1 0.5198567708333334 0.42939814814814814 0.011067708333333334 0.032407407407407406
0 0.4010416666666667 0.44849537037037035 0.014322916666666666 0.04050925925925926
0 0.2685546875 0.4270833333333333 0.009765625 0.02546296296296296
0 0.24641927083333334 0.4114583333333333 0.005859375 0.019675925925925927
0 0.28125 0.39699074074074076 0.005208333333333333 0.018518518518518517
1 0.4215494791666667 0.41550925925925924 0.008463541666666666 0.02546296296296296
1 0.3854166666666667 0.4050925925925926 0.0078125 0.023148148148148147
1 0.3919270833333333 0.3975694444444444 0.005208333333333333 0.019675925925925927
1 0.92578125 0.4739583333333333 0.009114583333333334 0.02662037037037037
1 0.9446614583333334 0.4635416666666667 0.006510416666666667 0.02662037037037037
1 0.9228515625 0.45023148148148145 0.004557291666666667 0.020833333333333332
1 0.8714192708333334 0.43344907407407407 0.0032552083333333335 0.017361111111111112
1 0.4322916666666667 0.3917824074074074 0.00390625 0.017361111111111112
0 0.349609375 0.3883101851851852 0.00390625 0.01273148148148148
1 0.4957682291666667 0.3894675925925926 0.0032552083333333335 0.015046296296296295
1 0.572265625 0.3912037037037037 0.00390625 0.013888888888888888
0 0.9501953125 0.4461805555555556 0.004557291666666667 0.015046296296296295
1 0.8128255208333334 0.4201388888888889 0.004557291666666667 0.016203703703703703
1 0.7347005208333334 0.4068287037037037 0.0032552083333333335 0.015046296296296295
0 0.7587890625 0.40625 0.0032552083333333335 0.011574074074074073
0 0.8678385416666666 0.42592592592592593 0.0026041666666666665 0.011574074074074073
1 0.654296875 0.39814814814814814 0.00390625 0.013888888888888888
0 0.5485026041666666 0.38599537037037035 0.0032552083333333335 0.010416666666666666
0 0.4449869791666667 0.3854166666666667 0.0032552083333333335 0.011574074074074073