1 0.322265625 0.4409722222222222 0.02890625 0.0763888888888889
0 0.95 0.4583333333333333 0.0640625 0.15555555555555556
1 0.612109375 0.2986111111111111 0.01796875 0.058333333333333334
1 0.709375 0.23055555555555557 0.0203125 0.05
1 0.680859375 0.20833333333333334 0.01484375 0.03888888888888889
1 0.615625 0.20833333333333334 0.0109375 0.027777777777777776
0 0.878125 0.15555555555555556 0.0140625 0.03333333333333333
0 0.75625 0.16597222222222222 0.0109375 0.02361111111111111
1 0.521484375 0.225 0.00859375 0.027777777777777776
1 0.42578125 0.25 0.009375 0.025
1 0.30546875 0.28958333333333336 0.009375 0.02638888888888889
0 0.49140625 0.21875 0.00625 0.018055555555555554
0 0.616015625 0.18888888888888888 0.00703125 0.016666666666666666
0 0.33125 0.2722222222222222 0.00625 0.016666666666666666
1 0.183984375 0.33541666666666664 0.00703125 0.02361111111111111
0 0.175390625 0.33125 0.00546875 0.015277777777777777
1 0.057421875 0.39375 0.00703125 0.02638888888888889
0 0.01953125 0.4027777777777778 0.0046875 0.016666666666666666