0 0.9703125 0.5231481481481481 0.035416666666666666 0.07777777777777778
0 0.66640625 0.44027777777777777 0.0234375 0.062037037037037036
0 0.5549479166666667 0.3888888888888889 0.009895833333333333 0.03888888888888889
0 0.5963541666666666 0.34953703703703703 0.010416666666666666 0.028703703703703703
0 0.6627604166666666 0.34074074074074073 0.008854166666666666 0.025925925925925925
0 0.7528645833333333 0.3384259259259259 0.0078125 0.021296296296296296
0 0.834375 0.3435185185185185 0.007291666666666667 0.024074074074074074
0 0.38984375 0.3486111111111111 0.009895833333333333 0.021296296296296296
0 0.29661458333333335 0.3527777777777778 0.008854166666666666 0.020370370370370372
1 0.24114583333333334 0.46805555555555556 0.027083333333333334 0.05462962962962963
1 0.28489583333333335 0.37222222222222223 0.010416666666666666 0.022222222222222223
1 0.21979166666666666 0.3731481481481482 0.009375 0.020370370370370372
1 0.50703125 0.3421296296296296 0.008854166666666666 0.019444444444444445
1 0.5830729166666667 0.33240740740740743 0.008854166666666666 0.022222222222222223
1 0.8158854166666667 0.33287037037037037 0.0067708333333333336 0.017592592592592594
1 0.7171875 0.3282407407407407 0.007291666666666667 0.019444444444444445
0 0.5489583333333333 0.36527777777777776 0.003125 0.028703703703703703
1 0.06640625 0.3972222222222222 0.0067708333333333336 0.018518518518518517
1 0.14322916666666666 0.3824074074074074 0.00625 0.018518518518518517
0 0.09765625 0.38333333333333336 0.0046875 0.012962962962962963
0 0.19192708333333333 0.36527777777777776 0.005729166666666666 0.01574074074074074
0 0.9278645833333333 0.3537037037037037 0.005729166666666666 0.018518518518518517
1 0.93203125 0.3458333333333333 0.0036458333333333334 0.017592592592592594