0 0.09147135416666667 0.5063657407407407 0.014973958333333334 0.04513888888888889
0 0.3238932291666667 0.4965277777777778 0.021484375 0.05787037037037037
0 0.04296875 0.4583333333333333 0.009114583333333334 0.027777777777777776
0 0.12434895833333333 0.43287037037037035 0.009114583333333334 0.027777777777777776
0 0.20377604166666666 0.41550925925925924 0.0078125 0.02546296296296296
0 0.2958984375 0.3993055555555556 0.007161458333333333 0.023148148148148147
0 0.486328125 0.38425925925925924 0.0078125 0.027777777777777776
0 0.8854166666666666 0.78125 0.061197916666666664 0.1712962962962963
0 0.5794270833333334 0.47280092592592593 0.016927083333333332 0.059027777777777776
0 0.728515625 0.44386574074074076 0.015625 0.04513888888888889
0 0.7565104166666666 0.4236111111111111 0.01171875 0.034722222222222224
0 0.7223307291666666 0.4045138888888889 0.009765625 0.03125
0 0.6513671875 0.3917824074074074 0.008463541666666666 0.02662037037037037
0 0.5748697916666666 0.3854166666666667 0.009114583333333334 0.027777777777777776
1 0.8557942708333334 0.546875 0.025390625 0.0798611111111111
1 0.8583984375 0.41030092592592593 0.009765625 0.03125
1 0.9479166666666666 0.44328703703703703 0.010416666666666666 0.041666666666666664
1 0.9765625 0.4820601851851852 0.016927083333333332 0.04976851851851852
0 0.388671875 0.390625 0.006510416666666667 0.019675925925925927
1 0.16276041666666666 0.41377314814814814 0.005208333333333333 0.02199074074074074
1 0.28125 0.3940972222222222 0.005208333333333333 0.019675925925925927
1 0.058919270833333336 0.4363425925925926 0.007161458333333333 0.020833333333333332
0 0.004557291666666667 0.5023148148148148 0.0078125 0.037037037037037035
1 0.5185546875 0.37789351851851855 0.005859375 0.019675925925925927
1 0.6360677083333334 0.38136574074074076 0.006510416666666667 0.02199074074074074
1 0.3929036458333333 0.38252314814814814 0.0032552083333333335 0.015046296296296295
1 0.7268880208333334 0.38599537037037035 0.004557291666666667 0.017361111111111112