0 0.7736979166666667 0.5726851851851852 0.0421875 0.10648148148148148
0 0.7815104166666667 0.4398148148148148 0.0234375 0.05925925925925926
0 0.8611979166666667 0.40879629629629627 0.0171875 0.04351851851851852
0 0.9734375 0.4111111111111111 0.009375 0.03333333333333333
0 0.52109375 0.35833333333333334 0.013020833333333334 0.03148148148148148
0 0.415625 0.34074074074074073 0.009375 0.022222222222222223
1 0.27447916666666666 0.5106481481481482 0.03958333333333333 0.0824074074074074
1 0.5177083333333333 0.39351851851851855 0.01875 0.05
1 0.6161458333333333 0.34305555555555556 0.009375 0.023148148148148147
1 0.7421875 0.3597222222222222 0.011458333333333333 0.028703703703703703
1 0.9408854166666667 0.37824074074074077 0.0078125 0.021296296296296296
1 0.8651041666666667 0.3726851851851852 0.009375 0.028703703703703703
0 0.39765625 0.3296296296296296 0.005729166666666666 0.016666666666666666
0 0.425 0.3189814814814815 0.004166666666666667 0.012037037037037037
1 0.5372395833333333 0.33240740740740743 0.0067708333333333336 0.022222222222222223
1 0.51328125 0.3175925925925926 0.0036458333333333334 0.014814814814814815
1 0.5083333333333333 0.32407407407407407 0.005208333333333333 0.018518518518518517
1 0.54609375 0.31342592592592594 0.0036458333333333334 0.013888888888888888
1 0.5966145833333333 0.3125 0.0036458333333333334 0.012037037037037037
1 0.95546875 0.37083333333333335 0.0046875 0.019444444444444445
1 0.93828125 0.3597222222222222 0.0046875 0.01574074074074074
1 0.8971354166666666 0.3472222222222222 0.0036458333333333334 0.014814814814814815
0 0.9604166666666667 0.3560185185185185 0.003125 0.012037037037037037
0 0.8942708333333333 0.3402777777777778 0.003125 0.010185185185185186
0 0.8072916666666666 0.32546296296296295 0.003125 0.010185185185185186
0 0.6388020833333333 0.30833333333333335 0.0026041666666666665 0.009259259259259259
0 0.5559895833333334 0.3074074074074074 0.0036458333333333334 0.009259259259259259
0 0.47942708333333334 0.3101851851851852 0.0036458333333333334 0.011111111111111112
1 0.6575520833333334 0.31342592592592594 0.0036458333333333334 0.012037037037037037
1 0.7234375 0.31851851851851853 0.003125 0.011111111111111112
0 0.721875 0.3143518518518518 0.0020833333333333333 0.008333333333333333
1 0.7877604166666666 0.32546296296296295 0.0036458333333333334 0.012037037037037037
1 0.8502604166666666 0.3351851851851852 0.0036458333333333334 0.012962962962962963