1 0.017578125 0.9722222222222222 0.03359375 0.05277777777777778
1 0.09296875 0.6458333333333334 0.034375 0.09722222222222222
1 0.03125 0.4597222222222222 0.009375 0.025
0 0.13046875 0.45416666666666666 0.0125 0.041666666666666664
0 0.121484375 0.43472222222222223 0.01171875 0.03611111111111111
0 0.167578125 0.39375 0.01015625 0.029166666666666667
0 0.231640625 0.42777777777777776 0.01328125 0.05
0 0.255859375 0.33541666666666664 0.00703125 0.02361111111111111
0 0.346875 0.2875 0.00625 0.022222222222222223
0 0.49296875 0.33611111111111114 0.021875 0.06111111111111111
0 0.782421875 0.21736111111111112 0.01796875 0.05694444444444444
0 0.955078125 0.13402777777777777 0.01328125 0.04583333333333333
0 0.987890625 0.1 0.01171875 0.03888888888888889
0 0.9484375 0.08888888888888889 0.009375 0.030555555555555555
0 0.45234375 0.23819444444444443 0.00625 0.020833333333333332
0 0.86484375 0.1 0.0078125 0.025
0 0.775390625 0.12152777777777778 0.00703125 0.02361111111111111
0 0.558203125 0.19444444444444445 0.00703125 0.019444444444444445
0 0.672265625 0.1527777777777778 0.00546875 0.022222222222222223
1 0.8453125 0.09375 0.0078125 0.020833333333333332
1 0.7078125 0.1326388888888889 0.00625 0.018055555555555554
1 0.18046875 0.3638888888888889 0.0078125 0.022222222222222223
1 0.29765625 0.3013888888888889 0.0078125 0.019444444444444445
1 0.433984375 0.2361111111111111 0.00703125 0.019444444444444445
1 0.560546875 0.18333333333333332 0.00546875 0.016666666666666666
1 0.953515625 0.06666666666666667 0.00703125 0.019444444444444445