1 0.31588541666666664 0.8768518518518519 0.0578125 0.13333333333333333
1 0.4401041666666667 0.7333333333333333 0.03125 0.06481481481481481
1 0.453125 0.6953703703703704 0.015625 0.04814814814814815
1 0.45989583333333334 0.6648148148148149 0.0125 0.03888888888888889
1 0.453125 0.6462962962962963 0.008333333333333333 0.03333333333333333
1 0.4609375 0.6361111111111111 0.007291666666666667 0.02962962962962963
1 0.5192708333333333 0.6370370370370371 0.010416666666666666 0.02962962962962963
1 0.584375 0.6388888888888888 0.010416666666666666 0.027777777777777776
1 0.5989583333333334 0.6481481481481481 0.0125 0.03148148148148148
1 0.6255208333333333 0.6657407407407407 0.015625 0.037037037037037035
1 0.6635416666666667 0.6861111111111111 0.019791666666666666 0.046296296296296294
1 0.6885416666666667 0.7138888888888889 0.025 0.05925925925925926
1 0.7270833333333333 0.7490740740740741 0.035416666666666666 0.07222222222222222
1 0.7625 0.8055555555555556 0.041666666666666664 0.09814814814814815
1 0.8026041666666667 0.925 0.071875 0.15