0 0.8505208333333333 0.899074074074074 0.06354166666666666 0.11666666666666667
1 0.6604166666666667 0.7222222222222222 0.019791666666666666 0.044444444444444446
1 0.54375 0.7185185185185186 0.016666666666666666 0.037037037037037035
1 0.4484375 0.7194444444444444 0.015625 0.03518518518518519
0 0.5908854166666667 0.625 0.0036458333333333334 0.009259259259259259
0 0.5635416666666667 0.6263888888888889 0.004166666666666667 0.010185185185185186
0 0.54140625 0.6277777777777778 0.0036458333333333334 0.009259259259259259
0 0.5247395833333334 0.6291666666666667 0.0036458333333333334 0.008333333333333333
1 0.43072916666666666 0.6319444444444444 0.003125 0.008333333333333333
1 0.46328125 0.6314814814814815 0.0026041666666666665 0.007407407407407408
1 0.4830729166666667 0.6324074074074074 0.0036458333333333334 0.009259259259259259
1 0.5013020833333334 0.6333333333333333 0.0036458333333333334 0.009259259259259259
0 0.33984375 0.6324074074074074 0.0026041666666666665 0.007407407407407408
0 0.26484375 0.6333333333333333 0.0026041666666666665 0.007407407407407408