1 0.21927083333333333 0.9462962962962963 0.036458333333333336 0.10740740740740741
1 0.44635416666666666 0.8685185185185185 0.04583333333333333 0.12222222222222222
1 0.5958333333333333 0.8074074074074075 0.03958333333333333 0.09259259259259259
1 0.6520833333333333 0.7537037037037037 0.029166666666666667 0.07407407407407407
1 0.6192708333333333 0.7 0.026041666666666668 0.053703703703703705
1 0.5260416666666666 0.674074074074074 0.016666666666666666 0.044444444444444446
1 0.3546875 0.6657407407407407 0.017708333333333333 0.04259259259259259
1 0.27291666666666664 0.6611111111111111 0.01875 0.040740740740740744
1 0.19479166666666667 0.6574074074074074 0.017708333333333333 0.037037037037037035
1 0.10833333333333334 0.6564814814814814 0.017708333333333333 0.037037037037037035
0 0.019270833333333334 0.6370370370370371 0.016666666666666666 0.03333333333333333
0 0.15104166666666666 0.6296296296296297 0.0125 0.02962962962962963
0 0.22760416666666666 0.6305555555555555 0.013541666666666667 0.027777777777777776
0 0.2947916666666667 0.6333333333333333 0.0125 0.03148148148148148
0 0.35625 0.6342592592592593 0.0125 0.03148148148148148
0 0.4322916666666667 0.6398148148148148 0.013541666666666667 0.03148148148148148
0 0.5270833333333333 0.6444444444444445 0.013541666666666667 0.03333333333333333
0 0.6291666666666667 0.6537037037037037 0.016666666666666666 0.037037037037037035
0 0.7723958333333333 0.6777777777777778 0.023958333333333335 0.044444444444444446
0 0.93125 0.7194444444444444 0.03125 0.06111111111111111