0 0.734375 0.7722222222222223 0.03333333333333333 0.08148148148148149
0 0.9666666666666667 0.9583333333333334 0.035416666666666666 0.08333333333333333
0 0.6208333333333333 0.7092592592592593 0.026041666666666668 0.053703703703703705
0 0.53046875 0.6819444444444445 0.019270833333333334 0.041666666666666664
0 0.44635416666666666 0.6666666666666666 0.017708333333333333 0.037037037037037035
0 0.31875 0.6574074074074074 0.016666666666666666 0.03333333333333333
0 0.16510416666666666 0.6592592592592592 0.019791666666666666 0.03518518518518519
1 0.08385416666666666 0.6953703703703704 0.025 0.04814814814814815
1 0.25885416666666666 0.6907407407407408 0.022916666666666665 0.046296296296296294
1 0.30755208333333334 0.7541666666666667 0.030729166666666665 0.0712962962962963
1 0.07447916666666667 0.9444444444444444 0.046875 0.1111111111111111