0 0.2109375 0.8583333333333333 0.053125 0.11851851851851852
0 0.20416666666666666 0.7712962962962963 0.03958333333333333 0.08333333333333333
0 0.22734375 0.687962962962963 0.025520833333333333 0.04814814814814815
0 0.31354166666666666 0.6601851851851852 0.016666666666666666 0.03518518518518519
0 0.4234375 0.6453703703703704 0.0125 0.027777777777777776
0 0.5424479166666667 0.6449074074074074 0.0109375 0.026851851851851852
0 0.65625 0.65 0.014583333333333334 0.027777777777777776
0 0.74375 0.6583333333333333 0.014583333333333334 0.03148148148148148
0 0.8497395833333333 0.675 0.019270833333333334 0.03888888888888889
0 0.990625 0.7055555555555556 0.01875 0.05185185185185185
1 0.6776041666666667 0.8740740740740741 0.046875 0.12222222222222222
1 0.7885416666666667 0.7685185185185185 0.041666666666666664 0.07777777777777778
1 0.6934895833333333 0.6962962962962963 0.0203125 0.04814814814814815
1 0.5700520833333333 0.75 0.033854166666666664 0.06851851851851852
1 0.490625 0.7175925925925926 0.022916666666666665 0.05555555555555555
1 0.4197916666666667 0.6898148148148148 0.020833333333333332 0.044444444444444446
1 0.4434895833333333 0.6680555555555555 0.015104166666666667 0.03611111111111111
1 0.5580729166666667 0.6652777777777777 0.015104166666666667 0.03425925925925926