1 0.8015625 0.9009259259259259 0.057291666666666664 0.13518518518518519
1 0.73125 0.7981481481481482 0.04375 0.08888888888888889
1 0.6755208333333333 0.7472222222222222 0.030208333333333334 0.06851851851851852
1 0.640625 0.7083333333333334 0.020833333333333332 0.05555555555555555
1 0.5932291666666667 0.6814814814814815 0.013541666666666667 0.04259259259259259
1 0.5630208333333333 0.6601851851851852 0.011458333333333333 0.03888888888888889
1 0.5458333333333333 0.6472222222222223 0.009375 0.03148148148148148
1 0.475 0.649074074074074 0.009375 0.03333333333333333
1 0.409375 0.6518518518518519 0.008333333333333333 0.037037037037037035
1 0.4010416666666667 0.6620370370370371 0.008333333333333333 0.037037037037037035
1 0.403125 0.6888888888888889 0.016666666666666666 0.046296296296296294
1 0.39010416666666664 0.7351851851851852 0.023958333333333335 0.05925925925925926
1 0.3692708333333333 0.8 0.042708333333333334 0.08888888888888889