0 0.39010416666666664 0.7787037037037037 0.040625 0.07962962962962963
0 0.3065104166666667 0.7430555555555556 0.03177083333333333 0.06574074074074074
1 0.07109375 0.6708333333333333 0.0171875 0.03611111111111111
1 0.12630208333333334 0.6541666666666667 0.0140625 0.030555555555555555
1 0.1640625 0.6425925925925926 0.0125 0.022222222222222223
1 0.18072916666666666 0.6347222222222222 0.011458333333333333 0.019444444444444445
1 0.19817708333333334 0.6282407407407408 0.008854166666666666 0.017592592592592594
0 0.011979166666666667 0.6416666666666667 0.013541666666666667 0.027777777777777776
0 0.05859375 0.6337962962962963 0.0109375 0.021296296296296296
0 0.05078125 0.6208333333333333 0.008854166666666666 0.019444444444444445
0 0.09036458333333333 0.6282407407407408 0.0109375 0.021296296296296296
0 0.026822916666666665 0.6064814814814815 0.0067708333333333336 0.016666666666666666
0 0.007552083333333333 0.6199074074074075 0.0078125 0.021296296296296296
0 0.06171875 0.6050925925925926 0.005729166666666666 0.013888888888888888
1 0.07838541666666667 0.611574074074074 0.0067708333333333336 0.01574074074074074
1 0.08854166666666667 0.6143518518518518 0.00625 0.01574074074074074
1 0.10364583333333334 0.6092592592592593 0.00625 0.016666666666666666
1 0.12161458333333333 0.6148148148148148 0.0078125 0.014814814814814815
0 0.11484375 0.6037037037037037 0.0067708333333333336 0.012962962962962963
1 0.14166666666666666 0.6069444444444444 0.00625 0.013888888888888888
1 0.153125 0.6162037037037037 0.008333333333333333 0.01574074074074074
0 0.15729166666666666 0.6023148148148149 0.00625 0.01574074074074074
1 0.17890625 0.6064814814814815 0.005729166666666666 0.012962962962962963
0 0.19296875 0.6032407407407407 0.0067708333333333336 0.01574074074074074
1 0.21171875 0.6064814814814815 0.005729166666666666 0.014814814814814815
0 0.22265625 0.6023148148148149 0.005729166666666666 0.013888888888888888
1 0.24322916666666666 0.6064814814814815 0.005208333333333333 0.012962962962962963
0 0.25677083333333334 0.6032407407407407 0.00625 0.013888888888888888
1 0.28098958333333335 0.6217592592592592 0.005729166666666666 0.013888888888888888
1 0.28515625 0.6185185185185185 0.0067708333333333336 0.014814814814814815
1 0.27708333333333335 0.6194444444444445 0.00625 0.012962962962962963
1 0.33125 0.612037037037037 0.00625 0.011111111111111112
1 0.3221354166666667 0.6143518518518518 0.0067708333333333336 0.013888888888888888
0 0.35234375 0.6162037037037037 0.0067708333333333336 0.019444444444444445
0 0.35833333333333334 0.6199074074074075 0.00625 0.019444444444444445
0 0.38958333333333334 0.6101851851851852 0.005208333333333333 0.012962962962962963
1 0.18385416666666668 0.6189814814814815 0.008333333333333333 0.017592592592592594
0 0.7973958333333333 0.9652777777777778 0.029166666666666667 0.06944444444444445
0 0.29322916666666665 0.6037037037037037 0.005208333333333333 0.011111111111111112
0 0.32734375 0.6041666666666666 0.0046875 0.012037037037037037
0 0.3651041666666667 0.6069444444444444 0.004166666666666667 0.012037037037037037
0 0.39505208333333336 0.612037037037037 0.0046875 0.011111111111111112
1 0.1984375 0.6226851851851852 0.007291666666666667 0.01574074074074074
0 0.3765625 0.6148148148148148 0.005208333333333333 0.014814814814814815
1 0.30364583333333334 0.6152777777777778 0.004166666666666667 0.012037037037037037
1 0.2981770833333333 0.6078703703703704 0.0046875 0.012037037037037037