1 0.35703125 0.8069444444444445 0.0421875 0.09166666666666666
1 0.28567708333333336 0.736574074074074 0.028645833333333332 0.06018518518518518
1 0.25442708333333336 0.6925925925925925 0.0203125 0.04259259259259259
1 0.24192708333333332 0.674074074074074 0.0171875 0.03888888888888889
1 0.2557291666666667 0.6537037037037037 0.011458333333333333 0.02962962962962963
1 0.009375 0.7101851851851851 0.01875 0.05
1 0.028125 0.6944444444444444 0.022916666666666665 0.04259259259259259
1 0.06822916666666666 0.6763888888888889 0.019791666666666666 0.03611111111111111
1 0.10911458333333333 0.6648148148148149 0.016145833333333335 0.02962962962962963
1 0.12760416666666666 0.6527777777777778 0.013541666666666667 0.03148148148148148
1 0.13854166666666667 0.6416666666666667 0.0125 0.027777777777777776
1 0.25833333333333336 0.6425925925925926 0.010416666666666666 0.02962962962962963
1 0.44557291666666665 0.9467592592592593 0.0640625 0.10277777777777777