1 0.8411458333333334 0.9055555555555556 0.071875 0.14074074074074075
1 0.7020833333333333 0.7351851851851852 0.029166666666666667 0.06296296296296296
1 0.7604166666666666 0.7074074074074074 0.022916666666666665 0.05185185185185185
1 0.903125 0.7074074074074074 0.025 0.05185185185185185
0 0.9427083333333334 0.6796296296296296 0.025 0.04259259259259259
0 0.8276041666666667 0.6638888888888889 0.017708333333333333 0.037037037037037035
0 0.70625 0.6601851851851852 0.014583333333333334 0.03888888888888889
0 0.6145833333333334 0.6685185185185185 0.016666666666666666 0.040740740740740744
0 0.525 0.6916666666666667 0.020833333333333332 0.05
0 0.46770833333333334 0.7324074074074074 0.030208333333333334 0.06851851851851852
0 0.3723958333333333 0.8277777777777777 0.046875 0.1111111111111111