1 0.8885416666666667 0.9657407407407408 0.03125 0.06851851851851852
1 0.684375 0.7657407407407407 0.03333333333333333 0.07407407407407407
1 0.740625 0.7277777777777777 0.025 0.05740740740740741
1 0.8875 0.7240740740740741 0.026041666666666668 0.05555555555555555
0 0.9177083333333333 0.6898148148148148 0.022916666666666665 0.044444444444444446
0 0.7994791666666666 0.675 0.017708333333333333 0.03888888888888889
0 0.6760416666666667 0.6722222222222223 0.015625 0.037037037037037035
0 0.5786458333333333 0.6842592592592592 0.019791666666666666 0.04259259259259259
0 0.4817708333333333 0.7148148148148148 0.023958333333333335 0.05555555555555555
0 0.4125 0.7712962962962963 0.035416666666666666 0.07962962962962963
0 0.275 0.9222222222222223 0.06875 0.14814814814814814