1 0.3963541666666667 0.7888888888888889 0.020833333333333332 0.053703703703703705
1 0.24635416666666668 0.7916666666666666 0.023958333333333335 0.053703703703703705
1 0.096875 0.8046296296296296 0.028125 0.05740740740740741
0 0.3260416666666667 0.6643518518518519 0.004166666666666667 0.010185185185185186
0 0.2955729166666667 0.6652777777777777 0.0046875 0.010185185185185186
0 0.26953125 0.6662037037037037 0.0046875 0.010185185185185186
0 0.24947916666666667 0.6671296296296296 0.004166666666666667 0.010185185185185186
1 0.21927083333333333 0.6736111111111112 0.004166666666666667 0.010185185185185186
1 0.19661458333333334 0.6717592592592593 0.0036458333333333334 0.010185185185185186
1 0.16979166666666667 0.6712962962962963 0.004166666666666667 0.009259259259259259
1 0.12552083333333333 0.6703703703703704 0.003125 0.007407407407407408