0 0.5895833333333333 0.8481481481481481 0.05 0.10925925925925926
0 0.4875 0.7768518518518519 0.03333333333333333 0.07592592592592592
0 0.11927083333333334 0.6583333333333333 0.019791666666666666 0.03518518518518519
0 0.19166666666666668 0.6453703703703704 0.014583333333333334 0.03148148148148148
0 0.25052083333333336 0.6342592592592593 0.011458333333333333 0.024074074074074074
0 0.2864583333333333 0.6296296296296297 0.010416666666666666 0.020370370370370372
1 0.0453125 0.8796296296296297 0.07291666666666667 0.1259259259259259
1 0.1921875 0.7601851851851852 0.041666666666666664 0.07222222222222222
1 0.10572916666666667 0.7333333333333333 0.03854166666666667 0.06296296296296296
1 0.21822916666666667 0.6898148148148148 0.019791666666666666 0.046296296296296294
1 0.2859375 0.6657407407407407 0.014583333333333334 0.03518518518518519
1 0.33229166666666665 0.6518518518518519 0.0125 0.02962962962962963
1 0.3651041666666667 0.6407407407407407 0.011458333333333333 0.024074074074074074
1 0.37916666666666665 0.6333333333333333 0.009375 0.022222222222222223
1 0.3958333333333333 0.6287037037037037 0.008333333333333333 0.020370370370370372
0 0.30963541666666666 0.6240740740740741 0.0067708333333333336 0.016666666666666666
0 0.2830729166666667 0.6166666666666667 0.005729166666666666 0.014814814814814815
0 0.25364583333333335 0.6125 0.00625 0.013888888888888888
0 0.240625 0.6101851851851852 0.005208333333333333 0.012962962962962963
0 0.22838541666666667 0.6078703703703704 0.005729166666666666 0.013888888888888888
0 0.24088541666666666 0.6027777777777777 0.0046875 0.011111111111111112
0 0.26875 0.6032407407407407 0.005208333333333333 0.012037037037037037
0 0.29348958333333336 0.6027777777777777 0.0046875 0.011111111111111112
0 0.33203125 0.6023148148148149 0.0046875 0.010185185185185186
0 0.36380208333333336 0.6027777777777777 0.0046875 0.011111111111111112
0 0.3932291666666667 0.6046296296296296 0.005208333333333333 0.011111111111111112
0 0.41822916666666665 0.6046296296296296 0.005208333333333333 0.011111111111111112
0 0.4473958333333333 0.6055555555555555 0.005208333333333333 0.011111111111111112
0 0.48098958333333336 0.6064814814814815 0.005729166666666666 0.011111111111111112
0 0.5127604166666667 0.6083333333333333 0.0046875 0.011111111111111112
0 0.5494791666666666 0.611574074074074 0.005208333333333333 0.012037037037037037
0 0.5432291666666667 0.6277777777777778 0.00625 0.014814814814814815
0 0.5421875 0.6212962962962963 0.005208333333333333 0.014814814814814815
0 0.5372395833333333 0.6226851851851852 0.005729166666666666 0.01574074074074074
0 0.58046875 0.6185185185185185 0.005729166666666666 0.012962962962962963
0 0.5739583333333333 0.6143518518518518 0.005208333333333333 0.012037037037037037
1 0.3841145833333333 0.6199074074074075 0.005729166666666666 0.013888888888888888
1 0.359375 0.6157407407407407 0.00625 0.012962962962962963
1 0.33541666666666664 0.6134259259259259 0.005208333333333333 0.012037037037037037
1 0.31171875 0.6101851851851852 0.0046875 0.011111111111111112
1 0.30442708333333335 0.6078703703703704 0.0046875 0.010185185185185186
1 0.32317708333333334 0.6074074074074074 0.0046875 0.011111111111111112
1 0.35182291666666665 0.6069444444444444 0.0046875 0.010185185185185186
1 0.3815104166666667 0.6069444444444444 0.0046875 0.010185185185185186
1 0.4088541666666667 0.6083333333333333 0.004166666666666667 0.011111111111111112
1 0.4356770833333333 0.6083333333333333 0.0046875 0.011111111111111112
1 0.46484375 0.6217592592592592 0.0046875 0.013888888888888888
1 0.46822916666666664 0.6236111111111111 0.005208333333333333 0.01574074074074074
1 0.4734375 0.6199074074074075 0.005208333333333333 0.013888888888888888
1 0.5104166666666666 0.6129629629629629 0.004166666666666667 0.011111111111111112
1 0.5078125 0.6180555555555556 0.005208333333333333 0.012037037037037037
1 0.5166666666666667 0.6152777777777778 0.004166666666666667 0.012037037037037037
0 0.56171875 0.6203703703703703 0.005729166666666666 0.014814814814814815