0 0.16458333333333333 0.9444444444444444 0.04583333333333333 0.1111111111111111
0 0.15 0.8212962962962963 0.05625 0.10555555555555556
0 0.959375 0.6722222222222223 0.025 0.044444444444444446
0 0.7973958333333333 0.6648148148148149 0.021875 0.04259259259259259
0 0.7041666666666667 0.6546296296296297 0.01875 0.03888888888888889
0 0.6348958333333333 0.6398148148148148 0.014583333333333334 0.03148148148148148
0 0.5885416666666666 0.6287037037037037 0.0125 0.027777777777777776
0 0.5348958333333333 0.6166666666666667 0.009375 0.024074074074074074
0 0.5036458333333333 0.6092592592592593 0.008333333333333333 0.022222222222222223
1 0.7578125 0.8972222222222223 0.06145833333333333 0.1388888888888889
1 0.6604166666666667 0.8101851851851852 0.04583333333333333 0.0962962962962963
1 0.5390625 0.7574074074074074 0.03333333333333333 0.07777777777777778
1 0.5604166666666667 0.6703703703703704 0.017708333333333333 0.04259259259259259
1 0.5083333333333333 0.6518518518518519 0.013541666666666667 0.03518518518518519
1 0.40677083333333336 0.7268518518518519 0.030208333333333334 0.06481481481481481
1 0.46041666666666664 0.6370370370370371 0.0125 0.02962962962962963
1 0.42291666666666666 0.6231481481481481 0.010416666666666666 0.024074074074074074
1 0.4010416666666667 0.6138888888888889 0.008333333333333333 0.022222222222222223
1 0.3807291666666667 0.6064814814814815 0.008333333333333333 0.020370370370370372
1 0.3625 0.6018518518518519 0.007291666666666667 0.018518518518518517
1 0.6994791666666667 0.7 0.026041666666666668 0.053703703703703705
1 0.8651041666666667 0.7240740740740741 0.028125 0.06296296296296296
0 0.4778645833333333 0.6032407407407407 0.0067708333333333336 0.017592592592592594
0 0.45625 0.5986111111111111 0.005208333333333333 0.013888888888888888
0 0.4390625 0.5953703703703703 0.005208333333333333 0.012962962962962963
0 0.421875 0.5921296296296297 0.005208333333333333 0.012037037037037037
0 0.39791666666666664 0.5902777777777778 0.004166666666666667 0.012037037037037037
0 0.3690104166666667 0.5898148148148148 0.0036458333333333334 0.011111111111111112
0 0.33697916666666666 0.5898148148148148 0.004166666666666667 0.011111111111111112
0 0.2864583333333333 0.5898148148148148 0.004166666666666667 0.009259259259259259
0 0.17890625 0.5958333333333333 0.005729166666666666 0.01574074074074074
0 0.1890625 0.5935185185185186 0.005208333333333333 0.012962962962962963
0 0.215625 0.5995370370370371 0.00625 0.01574074074074074
0 0.22994791666666667 0.5912037037037037 0.0046875 0.012037037037037037
0 0.23932291666666666 0.6023148148148149 0.005729166666666666 0.01574074074074074
1 0.24869791666666666 0.5944444444444444 0.0067708333333333336 0.014814814814814815
1 0.2786458333333333 0.5953703703703703 0.00625 0.014814814814814815
1 0.2950520833333333 0.5921296296296297 0.0046875 0.012037037037037037
1 0.30234375 0.5972222222222222 0.005729166666666666 0.014814814814814815
1 0.35104166666666664 0.5967592592592592 0.005208333333333333 0.013888888888888888
1 0.32083333333333336 0.6013888888888889 0.00625 0.01574074074074074
1 0.34010416666666665 0.5935185185185186 0.005208333333333333 0.011111111111111112