0 0.5208333333333334 0.8912037037037037 0.051041666666666666 0.13240740740740742
0 0.5502604166666667 0.8037037037037037 0.0421875 0.09814814814814815
0 0.5177083333333333 0.7296296296296296 0.030208333333333334 0.06481481481481481
1 0.69296875 0.6967592592592593 0.0234375 0.05092592592592592
1 0.8234375 0.7375 0.036458333333333336 0.06944444444444445
1 0.9541666666666667 0.7972222222222223 0.052083333333333336 0.09074074074074075
1 0.8533854166666667 0.6689814814814815 0.021354166666666667 0.041666666666666664
1 0.7919270833333333 0.6476851851851851 0.016145833333333335 0.03425925925925926
1 0.740625 0.6319444444444444 0.0125 0.028703703703703703
1 0.7005208333333334 0.6171296296296296 0.010416666666666666 0.025
1 0.678125 0.6074074074074074 0.008333333333333333 0.020370370370370372
1 0.6572916666666667 0.6 0.008333333333333333 0.018518518518518517
1 0.6388020833333333 0.5939814814814814 0.0067708333333333336 0.01574074074074074
1 0.628125 0.5902777777777778 0.00625 0.013888888888888888
0 0.9583333333333334 0.6472222222222223 0.020833333333333332 0.037037037037037035
0 0.8947916666666667 0.6319444444444444 0.015625 0.030555555555555555
0 0.8252604166666667 0.6171296296296296 0.0109375 0.025
0 0.7880208333333333 0.6078703703703704 0.009375 0.019444444444444445
0 0.75859375 0.6013888888888889 0.0067708333333333336 0.01574074074074074
0 0.734375 0.5953703703703703 0.008333333333333333 0.016666666666666666
0 0.7153645833333333 0.5907407407407408 0.005729166666666666 0.014814814814814815
0 0.6971354166666667 0.5879629629629629 0.005729166666666666 0.012962962962962963
0 0.5127604166666667 0.5893518518518519 0.005729166666666666 0.01574074074074074
0 0.48984375 0.5814814814814815 0.005729166666666666 0.014814814814814815
0 0.48463541666666665 0.5842592592592593 0.0067708333333333336 0.016666666666666666
1 0.5380208333333333 0.5842592592592593 0.005208333333333333 0.012962962962962963
1 0.5625 0.5879629629629629 0.00625 0.012962962962962963
1 0.5760416666666667 0.5842592592592593 0.00625 0.012962962962962963
1 0.5833333333333334 0.5888888888888889 0.00625 0.014814814814814815
1 0.60078125 0.5925925925925926 0.0046875 0.014814814814814815
1 0.6169270833333333 0.586574074074074 0.0046875 0.012037037037037037
0 0.6721354166666667 0.5851851851851851 0.0046875 0.011111111111111112
0 0.5677083333333334 0.5828703703703704 0.004166666666666667 0.010185185185185186
0 0.5203125 0.5819444444444445 0.004166666666666667 0.010185185185185186
0 0.64375 0.5847222222222223 0.005208333333333333 0.012037037037037037