1 0.24583333333333332 0.9388888888888889 0.06458333333333334 0.12222222222222222
1 0.40677083333333336 0.7583333333333333 0.03229166666666667 0.07592592592592592
1 0.42239583333333336 0.7083333333333334 0.019791666666666666 0.05555555555555555
1 0.4322916666666667 0.6694444444444444 0.011458333333333333 0.04259259259259259
1 0.42864583333333334 0.6462962962962963 0.007291666666666667 0.03333333333333333
1 0.4354166666666667 0.6361111111111111 0.00625 0.03148148148148148
1 0.4973958333333333 0.637962962962963 0.011458333333333333 0.03333333333333333
1 0.5651041666666666 0.6361111111111111 0.009375 0.03148148148148148
1 0.58125 0.6481481481481481 0.0125 0.037037037037037035
1 0.6098958333333333 0.6675925925925926 0.009375 0.037037037037037035
1 0.6520833333333333 0.6907407407407408 0.016666666666666666 0.05185185185185185
1 0.6807291666666667 0.725925925925926 0.023958333333333335 0.05925925925925926
1 0.7265625 0.7666666666666667 0.03854166666666667 0.07777777777777778
1 0.7760416666666666 0.8416666666666667 0.04375 0.10925925925925926
1 0.8427083333333333 0.9583333333333334 0.03333333333333333 0.08333333333333333