0 0.30416666666666664 0.8694444444444445 0.0375 0.09814814814814815
0 0.36302083333333335 0.6342592592592593 0.007291666666666667 0.020370370370370372
0 0.4 0.6287037037037037 0.008333333333333333 0.020370370370370372
0 0.42864583333333334 0.6231481481481481 0.007291666666666667 0.020370370370370372
0 0.4625 0.6175925925925926 0.008333333333333333 0.020370370370370372
1 0.44973958333333336 0.5939814814814814 0.0036458333333333334 0.008333333333333333
1 0.46458333333333335 0.5925925925925926 0.004166666666666667 0.009259259259259259
1 0.4825520833333333 0.5893518518518519 0.0036458333333333334 0.008333333333333333
1 0.5 0.587037037037037 0.003125 0.009259259259259259
1 0.9747395833333333 0.5106481481481482 0.0036458333333333334 0.008333333333333333
1 0.9604166666666667 0.5125 0.004166666666666667 0.008333333333333333
1 0.9411458333333333 0.5148148148148148 0.004166666666666667 0.009259259259259259
1 0.9244791666666666 0.5180555555555556 0.003125 0.008333333333333333
0 0.91015625 0.5162037037037037 0.0026041666666666665 0.008333333333333333
0 0.91484375 0.5152777777777777 0.0026041666666666665 0.008333333333333333
0 0.9213541666666667 0.513425925925926 0.003125 0.008333333333333333
0 0.9286458333333333 0.5138888888888888 0.003125 0.007407407407407408