0 0.29375 0.8407407407407408 0.04583333333333333 0.1037037037037037
0 0.3125 0.7 0.025 0.05555555555555555
0 0.275 0.6527777777777778 0.016666666666666666 0.03888888888888889
0 0.246875 0.5768518518518518 0.007291666666666667 0.016666666666666666
0 0.215625 0.5777777777777777 0.008333333333333333 0.016666666666666666
0 0.18958333333333333 0.5796296296296296 0.008333333333333333 0.018518518518518517
0 0.15260416666666668 0.5814814814814815 0.007291666666666667 0.018518518518518517
0 0.8505208333333333 0.5583333333333333 0.005208333333333333 0.011111111111111112
1 0.20703125 0.5587962962962963 0.0036458333333333334 0.008333333333333333
1 0.22317708333333333 0.5587962962962963 0.0036458333333333334 0.008333333333333333
1 0.24192708333333332 0.5587962962962963 0.0036458333333333334 0.008333333333333333
1 0.2598958333333333 0.5574074074074075 0.004166666666666667 0.009259259259259259