1 0.8208333333333333 0.9296296296296296 0.06458333333333334 0.14074074074074075
1 0.7354166666666667 0.8148148148148148 0.04895833333333333 0.0962962962962963
1 0.6729166666666667 0.7564814814814815 0.03125 0.07407407407407407
1 0.6354166666666666 0.7148148148148148 0.020833333333333332 0.05555555555555555
1 0.5869791666666667 0.6842592592592592 0.015625 0.04259259259259259
1 0.553125 0.662962962962963 0.0125 0.037037037037037035
1 0.5369791666666667 0.649074074074074 0.009375 0.03148148148148148
1 0.46458333333333335 0.6527777777777778 0.0125 0.03518518518518519
1 0.3958333333333333 0.6527777777777778 0.009375 0.03333333333333333
1 0.3875 0.6675925925925926 0.010416666666666666 0.03888888888888889
1 0.3885416666666667 0.6935185185185185 0.017708333333333333 0.046296296296296294
1 0.371875 0.7435185185185185 0.027083333333333334 0.06666666666666667
1 0.3458333333333333 0.8194444444444444 0.046875 0.09814814814814815