0 0.36822916666666666 0.7435185185185185 0.021875 0.046296296296296294
0 0.4869791666666667 0.7407407407407407 0.017708333333333333 0.040740740740740744
0 0.59375 0.7416666666666667 0.01875 0.04259259259259259
1 0.050520833333333334 0.9518518518518518 0.046875 0.0962962962962963
1 0.32864583333333336 0.6953703703703704 0.011458333333333333 0.024074074074074074
1 0.24947916666666667 0.6953703703703704 0.0125 0.024074074074074074
1 0.17239583333333333 0.6953703703703704 0.013541666666666667 0.025925925925925925
0 0.3138020833333333 0.6370370370370371 0.0036458333333333334 0.009259259259259259
0 0.2875 0.6370370370370371 0.004166666666666667 0.009259259259259259
0 0.26536458333333335 0.6370370370370371 0.0036458333333333334 0.009259259259259259
0 0.24869791666666666 0.6370370370370371 0.0036458333333333334 0.009259259259259259
1 0.2234375 0.6388888888888888 0.004166666666666667 0.009259259259259259
1 0.20390625 0.637962962962963 0.0036458333333333334 0.009259259259259259
1 0.14296875 0.6351851851851852 0.0036458333333333334 0.009259259259259259
1 0.18125 0.6361111111111111 0.003125 0.009259259259259259