0 0.5651041666666666 0.7398148148148148 0.026041666666666668 0.053703703703703705
0 0.7197916666666667 0.7657407407407407 0.023958333333333335 0.05925925925925926
0 0.8885416666666667 0.8009259259259259 0.03333333333333333 0.06296296296296296
1 0.5197916666666667 0.6694444444444444 0.013541666666666667 0.03148148148148148
1 0.4390625 0.6574074074074074 0.011458333333333333 0.022222222222222223
1 0.36875 0.6481481481481481 0.0125 0.022222222222222223
1 0.4239583333333333 0.5949074074074074 0.003125 0.008333333333333333
1 0.4078125 0.5916666666666667 0.003125 0.007407407407407408
1 0.35885416666666664 0.5833333333333334 0.003125 0.007407407407407408
1 0.3890625 0.5879629629629629 0.0020833333333333333 0.007407407407407408
0 0.446875 0.5944444444444444 0.003125 0.007407407407407408
0 0.46197916666666666 0.5958333333333333 0.003125 0.008333333333333333
0 0.4822916666666667 0.5986111111111111 0.003125 0.008333333333333333
0 0.5072916666666667 0.6013888888888889 0.003125 0.008333333333333333