1 0.184375 0.9731481481481481 0.025 0.053703703703703705
1 0.2875 0.8361111111111111 0.04791666666666667 0.10185185185185185
1 0.3380208333333333 0.7333333333333333 0.026041666666666668 0.06296296296296296
1 0.34791666666666665 0.6925925925925925 0.014583333333333334 0.044444444444444446
1 0.3625 0.6722222222222223 0.013541666666666667 0.037037037037037035
1 0.44375 0.6694444444444444 0.014583333333333334 0.03888888888888889
1 0.5291666666666667 0.6666666666666666 0.0125 0.03518518518518519
1 0.5505208333333333 0.687037037037037 0.016666666666666666 0.044444444444444446
1 0.5942708333333333 0.7203703703703703 0.020833333333333332 0.05555555555555555
1 0.6692708333333334 0.775 0.03333333333333333 0.07592592592592592
1 0.7479166666666667 0.8703703703703703 0.05520833333333333 0.11851851851851852
1 0.9057291666666667 0.9703703703703703 0.03229166666666667 0.05925925925925926