0 0.6104166666666667 0.9055555555555556 0.053125 0.13703703703703704
0 0.8140625 0.8314814814814815 0.04791666666666667 0.10740740740740741
0 0.8473958333333333 0.7824074074074074 0.04583333333333333 0.08703703703703704
0 0.8182291666666667 0.7212962962962963 0.03333333333333333 0.06481481481481481
1 0.91875 0.5935185185185186 0.008333333333333333 0.016666666666666666
1 0.909375 0.5898148148148148 0.00625 0.012962962962962963
0 0.8213541666666667 0.5916666666666667 0.00625 0.016666666666666666
0 0.7854166666666667 0.5861111111111111 0.005208333333333333 0.012962962962962963
0 0.79375 0.5842592592592593 0.004166666666666667 0.012962962962962963
1 0.94375 0.6 0.007291666666666667 0.016666666666666666
1 0.9880208333333333 0.5981481481481481 0.007291666666666667 0.016666666666666666
0 0.8973958333333333 0.5861111111111111 0.005208333333333333 0.012962962962962963
1 0.8895833333333333 0.5916666666666667 0.00625 0.012962962962962963
0 0.2708333333333333 0.9564814814814815 0.03333333333333333 0.08703703703703704
0 0.8315104166666667 0.5837962962962963 0.0036458333333333334 0.012037037037037037
0 0.8354166666666667 0.5879629629629629 0.003125 0.011111111111111112
0 0.8455729166666667 0.5953703703703703 0.0046875 0.016666666666666666
0 0.9671875 0.5916666666666667 0.004166666666666667 0.012962962962962963
1 0.9721354166666667 0.5925925925925926 0.0067708333333333336 0.016666666666666666
1 0.8549479166666667 0.5888888888888889 0.005729166666666666 0.012962962962962963