0 0.36432291666666666 0.9324074074074075 0.06822916666666666 0.13518518518518519
0 0.6622395833333333 0.8842592592592593 0.049479166666666664 0.12407407407407407
0 0.8677083333333333 0.8291666666666667 0.04791666666666667 0.10648148148148148
0 0.90625 0.7851851851851852 0.05 0.08518518518518518
0 0.8796875 0.7277777777777777 0.035416666666666666 0.06296296296296296
0 0.8541666666666666 0.5935185185185186 0.00625 0.012962962962962963
0 0.8630208333333333 0.5925925925925926 0.005208333333333333 0.011111111111111112
0 0.89375 0.600925925925926 0.008333333333333333 0.016666666666666666
0 0.9072916666666667 0.5925925925925926 0.005208333333333333 0.014814814814814815
1 0.9328125 0.5962962962962963 0.007291666666666667 0.018518518518518517
1 0.9713541666666666 0.6 0.007291666666666667 0.016666666666666666
0 0.98125 0.5944444444444444 0.00625 0.011111111111111112
1 0.9947916666666666 0.5972222222222222 0.007291666666666667 0.012962962962962963
0 0.9208333333333333 0.6060185185185185 0.00625 0.019444444444444445