1 0.878125 0.7226851851851852 0.019791666666666666 0.041666666666666664
1 0.7515625 0.7055555555555556 0.014583333333333334 0.03518518518518519
1 0.6598958333333333 0.6990740740740741 0.013541666666666667 0.027777777777777776
1 0.011458333333333333 0.924074074074074 0.020833333333333332 0.1111111111111111
0 0.8197916666666667 0.6259259259259259 0.005208333333333333 0.011111111111111112
0 0.7859375 0.625462962962963 0.004166666666666667 0.010185185185185186
0 0.7596354166666667 0.6259259259259259 0.0046875 0.009259259259259259
0 0.7401041666666667 0.625462962962963 0.004166666666666667 0.010185185185185186
1 0.71328125 0.6277777777777778 0.0036458333333333334 0.009259259259259259
1 0.69375 0.6259259259259259 0.004166666666666667 0.009259259259259259
1 0.6729166666666667 0.625 0.003125 0.009259259259259259
1 0.6393229166666666 0.6222222222222222 0.0036458333333333334 0.009259259259259259
1 0.13619791666666667 0.6287037037037037 0.0036458333333333334 0.009259259259259259
1 0.14583333333333334 0.6287037037037037 0.003125 0.007407407407407408
1 0.15208333333333332 0.6296296296296297 0.003125 0.007407407407407408
1 0.15625 0.6305555555555555 0.003125 0.007407407407407408
0 0.06380208333333333 0.6296296296296297 0.0046875 0.009259259259259259
0 0.10260416666666666 0.6273148148148148 0.003125 0.008333333333333333
0 0.115625 0.6217592592592592 0.003125 0.008333333333333333
0 0.12135416666666667 0.624537037037037 0.003125 0.008333333333333333
0 0.12421875 0.6236111111111111 0.0026041666666666665 0.008333333333333333