0 0.60625 0.8708333333333333 0.04791666666666667 0.12129629629629629
0 0.6330729166666667 0.7981481481481482 0.04114583333333333 0.09259259259259259
0 0.6002604166666666 0.7291666666666666 0.03177083333333333 0.06388888888888888
1 0.7802083333333333 0.7064814814814815 0.027083333333333334 0.053703703703703705
1 0.9231770833333334 0.7527777777777778 0.03802083333333333 0.07222222222222222
1 0.965625 0.6861111111111111 0.025 0.04259259259259259
1 0.8947916666666667 0.6601851851851852 0.020833333333333332 0.03518518518518519
1 0.8356770833333333 0.6412037037037037 0.013020833333333334 0.028703703703703703
1 0.7908854166666667 0.6259259259259259 0.011979166666666667 0.022222222222222223
1 0.76640625 0.6148148148148148 0.009895833333333333 0.020370370370370372
1 0.7434895833333334 0.6060185185185185 0.009895833333333333 0.017592592592592594
1 0.72421875 0.600925925925926 0.0078125 0.016666666666666666
1 0.7122395833333334 0.5967592592592592 0.0067708333333333336 0.013888888888888888
0 0.9369791666666667 0.6287037037037037 0.014583333333333334 0.025925925925925925
0 0.8924479166666667 0.6166666666666667 0.011979166666666667 0.024074074074074074
0 0.8580729166666666 0.6097222222222223 0.009895833333333333 0.021296296296296296
0 0.8307291666666666 0.6032407407407407 0.010416666666666666 0.017592592592592594
0 0.8083333333333333 0.5986111111111111 0.00625 0.013888888888888888
0 0.7885416666666667 0.5939814814814814 0.00625 0.012037037037037037
0 0.7606770833333333 0.5916666666666667 0.005729166666666666 0.012962962962962963
1 0.6825520833333333 0.5976851851851852 0.0067708333333333336 0.01574074074074074
1 0.6440104166666667 0.5939814814814814 0.005729166666666666 0.012037037037037037
1 0.665625 0.5944444444444444 0.00625 0.012962962962962963
1 0.6575520833333334 0.5898148148148148 0.0067708333333333336 0.012962962962962963
0 0.5921875 0.5939814814814814 0.007291666666666667 0.01574074074074074
0 0.5638020833333334 0.5879629629629629 0.0078125 0.016666666666666666
0 0.56953125 0.5856481481481481 0.0067708333333333336 0.01574074074074074
1 0.6184895833333334 0.5898148148148148 0.005729166666666666 0.012962962962962963
0 0.7296875 0.5902777777777778 0.005208333333333333 0.012037037037037037
1 0.7002604166666667 0.5916666666666667 0.005729166666666666 0.012962962962962963
0 0.6002604166666666 0.587037037037037 0.0046875 0.011111111111111112
0 0.6481770833333333 0.5888888888888889 0.0046875 0.012962962962962963
0 0.6119791666666666 0.5981481481481481 0.004166666666666667 0.014814814814814815