1 0.25052083333333336 0.9296296296296296 0.07604166666666666 0.14074074074074075
1 0.31614583333333335 0.7944444444444444 0.03958333333333333 0.08518518518518518
1 0.35078125 0.7152777777777778 0.0234375 0.05648148148148148
1 0.3541666666666667 0.6805555555555556 0.01875 0.04259259259259259
1 0.3671875 0.6638888888888889 0.015625 0.03518518518518519
1 0.44453125 0.662962962962963 0.013020833333333334 0.03518518518518519
1 0.5244791666666667 0.6601851851851852 0.013541666666666667 0.03518518518518519
1 0.5450520833333333 0.6759259259259259 0.0171875 0.03888888888888889
1 0.584375 0.7046296296296296 0.022916666666666665 0.05185185185185185
1 0.646875 0.7472222222222222 0.03333333333333333 0.06851851851851852
1 0.70625 0.8175925925925925 0.04479166666666667 0.09814814814814815
1 0.815625 0.9268518518518518 0.07708333333333334 0.14629629629629629