0 0.071875 0.8564814814814815 0.06354166666666666 0.12407407407407407
0 0.9348958333333334 0.6768518518518518 0.023958333333333335 0.046296296296296294
0 0.7755208333333333 0.6685185185185185 0.022916666666666665 0.044444444444444446
0 0.6822916666666666 0.6564814814814814 0.01875 0.03888888888888889
0 0.6119791666666666 0.6416666666666667 0.015625 0.03518518518518519
0 0.5645833333333333 0.6296296296296297 0.013541666666666667 0.02962962962962963
0 0.5104166666666666 0.6175925925925926 0.010416666666666666 0.024074074074074074
1 0.7536458333333333 0.9305555555555556 0.065625 0.1388888888888889
1 0.6453125 0.8333333333333334 0.051041666666666666 0.10740740740740741
1 0.5135416666666667 0.7731481481481481 0.035416666666666666 0.08703703703703704
1 0.3729166666666667 0.7361111111111112 0.028125 0.07037037037037037
1 0.8494791666666667 0.7333333333333333 0.03229166666666667 0.06851851851851852
1 0.6802083333333333 0.7064814814814815 0.027083333333333334 0.05740740740740741
1 0.5369791666666667 0.6731481481481482 0.017708333333333333 0.044444444444444446
1 0.4822916666666667 0.6537037037037037 0.014583333333333334 0.037037037037037035
1 0.43385416666666665 0.6388888888888888 0.0125 0.02962962962962963
1 0.39427083333333335 0.6231481481481481 0.011458333333333333 0.025925925925925925
1 0.3729166666666667 0.6138888888888889 0.009375 0.024074074074074074
0 0.478125 0.6087962962962963 0.007291666666666667 0.019444444444444445
0 0.45208333333333334 0.6032407407407407 0.00625 0.01574074074074074
0 0.42994791666666665 0.5990740740740741 0.0046875 0.014814814814814815
0 0.4122395833333333 0.5935185185185186 0.0046875 0.012962962962962963
0 0.14010416666666667 0.5930555555555556 0.00625 0.017592592592592594
0 0.15130208333333334 0.5912037037037037 0.005729166666666666 0.013888888888888888
0 0.17890625 0.5972222222222222 0.0067708333333333336 0.020370370370370372
0 0.39557291666666666 0.5912037037037037 0.005729166666666666 0.012037037037037037
1 0.21614583333333334 0.5916666666666667 0.00625 0.014814814814814815
1 0.24661458333333333 0.5939814814814814 0.0046875 0.013888888888888888
1 0.2708333333333333 0.5958333333333333 0.00625 0.01574074074074074
1 0.26484375 0.5902777777777778 0.005729166666666666 0.012037037037037037
1 0.35208333333333336 0.6060185185185185 0.00625 0.017592592592592594
1 0.33307291666666666 0.600462962962963 0.005729166666666666 0.01574074074074074
1 0.3223958333333333 0.5962962962962963 0.005208333333333333 0.014814814814814815
1 0.3109375 0.5921296296296297 0.004166666666666667 0.012037037037037037
1 0.290625 0.5990740740740741 0.00625 0.016666666666666666
0 0.37135416666666665 0.5893518518518519 0.004166666666666667 0.012037037037037037
0 0.3411458333333333 0.5879629629629629 0.004166666666666667 0.011111111111111112
0 0.25494791666666666 0.5884259259259259 0.0046875 0.012037037037037037
0 0.20338541666666668 0.6013888888888889 0.0046875 0.019444444444444445