1 0.2734375 0.9018518518518519 0.065625 0.1388888888888889
1 0.325 0.7796296296296297 0.0375 0.08703703703703704
1 0.353125 0.7092592592592593 0.022916666666666665 0.05555555555555555
1 0.35572916666666665 0.6759259259259259 0.017708333333333333 0.040740740740740744
1 0.36770833333333336 0.6611111111111111 0.013541666666666667 0.037037037037037035
1 0.4421875 0.6583333333333333 0.014583333333333334 0.03518518518518519
1 0.5197916666666667 0.6546296296296297 0.014583333333333334 0.03518518518518519
1 0.5395833333333333 0.6703703703703704 0.016666666666666666 0.040740740740740744
1 0.5770833333333333 0.6972222222222222 0.020833333333333332 0.05
1 0.6359375 0.7361111111111112 0.027083333333333334 0.06666666666666667
1 0.6880208333333333 0.7962962962962963 0.040625 0.09259259259259259
1 0.7802083333333333 0.8888888888888888 0.06666666666666667 0.12962962962962962