0 0.2635416666666667 0.9027777777777778 0.06770833333333333 0.1388888888888889
0 0.24322916666666666 0.7833333333333333 0.04479166666666667 0.09259259259259259
0 0.8505208333333333 0.6694444444444444 0.023958333333333335 0.04259259259259259
0 0.753125 0.6555555555555556 0.020833333333333332 0.03888888888888889
0 0.6828125 0.6398148148148148 0.014583333333333334 0.03148148148148148
0 0.6364583333333333 0.6282407407407408 0.011458333333333333 0.028703703703703703
0 0.5822916666666667 0.6157407407407407 0.010416666666666666 0.025925925925925925
0 0.5510416666666667 0.6083333333333333 0.008333333333333333 0.020370370370370372
1 0.79375 0.8814814814814815 0.0625 0.12962962962962962
1 0.703125 0.7981481481481482 0.04479166666666667 0.09259259259259259
1 0.5869791666666667 0.7472222222222222 0.03333333333333333 0.07222222222222222
1 0.4630208333333333 0.7138888888888889 0.028125 0.06111111111111111
1 0.91875 0.7305555555555555 0.03125 0.06111111111111111
1 0.746875 0.700925925925926 0.026041666666666668 0.053703703703703705
1 0.6083333333333333 0.6675925925925926 0.017708333333333333 0.04259259259259259
1 0.55625 0.6472222222222223 0.0125 0.03518518518518519
1 0.5104166666666666 0.6347222222222222 0.011458333333333333 0.026851851851851852
1 0.47291666666666665 0.6194444444444445 0.010416666666666666 0.024074074074074074
1 0.45208333333333334 0.6101851851851852 0.008333333333333333 0.022222222222222223
1 0.4317708333333333 0.6027777777777777 0.008333333333333333 0.020370370370370372
1 0.41354166666666664 0.5972222222222222 0.007291666666666667 0.016666666666666666
0 0.52578125 0.600462962962963 0.005729166666666666 0.01574074074074074
0 0.5044270833333333 0.5962962962962963 0.0046875 0.014814814814814815
0 0.4869791666666667 0.5921296296296297 0.004166666666666667 0.012037037037037037
0 0.4705729166666667 0.5893518518518519 0.0046875 0.012037037037037037
0 0.44765625 0.587037037037037 0.0046875 0.011111111111111112
0 0.4192708333333333 0.586574074074074 0.003125 0.010185185185185186
0 0.27682291666666664 0.5925925925925926 0.005729166666666666 0.014814814814814815
0 0.2877604166666667 0.5847222222222223 0.0046875 0.012037037037037037
0 0.24296875 0.5875 0.005729166666666666 0.013888888888888888
0 0.2513020833333333 0.586574074074074 0.005729166666666666 0.013888888888888888
0 0.34036458333333336 0.5842592592592593 0.0046875 0.009259259259259259
1 0.3067708333333333 0.5879629629629629 0.00625 0.014814814814814815
1 0.3338541666666667 0.5912037037037037 0.00625 0.012037037037037037
1 0.35625 0.5925925925925926 0.005208333333333333 0.012962962962962963
1 0.3494791666666667 0.586574074074074 0.005208333333333333 0.012037037037037037
1 0.37421875 0.5962962962962963 0.005729166666666666 0.014814814814814815
1 0.40260416666666665 0.5930555555555556 0.005208333333333333 0.013888888888888888
1 0.39166666666666666 0.5888888888888889 0.004166666666666667 0.011111111111111112
0 0.2986979166666667 0.5972222222222222 0.0046875 0.018518518518518517