1 0.4633134130146082 0.39438369781312127 0.00796812749003984 0.015407554671968192
1 0.4452191235059761 0.40121769383697814 0.008300132802124834 0.012673956262425448
1 0.44604913678618857 0.4046968190854871 0.010292164674634794 0.01963220675944334
1 0.43824701195219123 0.4125248508946322 0.012284196547144754 0.022365805168986085
1 0.4225597609561753 0.42768389662027834 0.013778220451527224 0.028330019880715707
1 0.38006308100929614 0.45800198807157055 0.026726427622841966 0.027833001988071572
0 0.5574369189907038 0.386058648111332 0.0069721115537848604 0.014165009940357853
0 0.5703851261620186 0.39102882703777336 0.006640106241699867 0.016153081510934395
0 0.5773572377158035 0.3974900596421471 0.0076361221779548474 0.013170974155069582
0 0.5820883134130146 0.4023359840954274 0.011786188579017264 0.020874751491053677
0 0.5830843293492696 0.4183648111332008 0.014774236387782205 0.026093439363817097
0 0.6166168658698539 0.42370775347912526 0.016766268260292164 0.028330019880715707
0 0.6451693227091634 0.4463220675944334 0.01909030544488712 0.036779324055666