0 0.962234395750332 0.5821322067594433 0.05162682602921647 0.0713220675944334
0 0.9699535192563081 0.5127982107355865 0.03054448871181939 0.041998011928429425
0 0.9178286852589641 0.4865805168986084 0.026228419654714476 0.022365805168986085
0 0.7654382470119522 0.46570576540755465 0.014608233731739707 0.024353876739562623
0 0.6024236387782205 0.45452286282306165 0.011620185922974768 0.02186878727634195
1 0.5869853917662683 0.4822316103379722 0.019588313413014608 0.03305168986083499
1 0.48705179282868527 0.5407554671968191 0.03187250996015936 0.05467196819085487
1 0.4228917662682603 0.4609840954274354 0.015106241699867198 0.024353876739562623
0 0.5091301460823373 0.44358846918489064 0.008964143426294821 0.018886679920477135
0 0.4730245683930943 0.43588469184890655 0.008798140770252325 0.015904572564612324
1 0.3547476759628154 0.43588469184890655 0.0076361221779548474 0.015904572564612324
1 0.3364043824701195 0.44781312127236583 0.01045816733067729 0.019383697813121274