0 0.7144754316069057 0.4879473161033797 0.0036520584329349268 0.00720675944333996
0 0.6513114209827358 0.48918986083499005 0.0034860557768924302 0.006709741550695825
0 0.5940405046480743 0.49105367793240556 0.0034860557768924302 0.006958250497017893
0 0.546812749003984 0.49316600397614313 0.0036520584329349268 0.00720675944333996
0 0.5091301460823373 0.49502982107355864 0.0036520584329349268 0.007952286282306162
0 0.47891766268260294 0.49739065606361826 0.00398406374501992 0.008200795228628231
0 0.47119853917662685 0.5 0.0034860557768924302 0.008946322067594433
0 0.46870849933598935 0.5022365805168986 0.004814077025232404 0.009940357852882704
0 0.46439243027888444 0.5059642147117296 0.005478087649402391 0.01143141153081511
0 0.4578353253652058 0.5114314115308151 0.0063081009296148734 0.012922465208747515
0 0.4354249667994688 0.5211232604373758 0.00796812749003984 0.010934393638170975
0 0.4359229747675963 0.5280815109343936 0.008964143426294821 0.018389662027833
0 0.41865869853917664 0.544110337972167 0.012616201859229747 0.02460238568588469
1 0.5876494023904383 0.5252236580516899 0.009296148738379814 0.018638170974155068
1 0.5727921646746348 0.5160288270377733 0.007470119521912351 0.015159045725646123
1 0.560175962815405 0.5093190854870775 0.006142098273572377 0.012673956262425448
1 0.5514608233731739 0.503851888667992 0.005644090305444887 0.011182902584493042
1 0.5436586985391766 0.5003727634194831 0.004648074369189907 0.009691848906560637
1 0.5373505976095617 0.49739065606361826 0.004648074369189907 0.008697813121272366
1 0.5649900398406374 0.4945328031809145 0.0038180610889774237 0.007952286282306162
1 0.611968791500664 0.49217196819085485 0.0038180610889774237 0.00720675944333996
1 0.6672476759628154 0.49030815109343934 0.0034860557768924302 0.006958250497017893
1 0.728585657370518 0.488941351888668 0.0036520584329349268 0.00720675944333996
1 0.7937416998671979 0.4883200795228628 0.0038180610889774237 0.006958250497017893
1 0.8761620185922975 0.4870775347912525 0.004316069057104913 0.007952286282306162
0 0.773406374501992 0.4870775347912525 0.00398406374501992 0.006958250497017893
0 0.8346613545816733 0.48620775347912526 0.00398406374501992 0.00720675944333996
0 0.8949203187250996 0.48446819085487075 0.00398406374501992 0.007703777335984096