0 0.03671875 0.8201388888888889 0.0734375 0.1736111111111111
0 0.171484375 0.6805555555555556 0.06953125 0.14722222222222223
0 0.258984375 0.5361111111111111 0.06640625 0.11666666666666667
0 0.362890625 0.4222222222222222 0.05078125 0.08888888888888889
0 0.4171875 0.34097222222222223 0.040625 0.06805555555555555
0 0.44921875 0.2902777777777778 0.028125 0.058333333333333334
0 0.48125 0.2513888888888889 0.025 0.04722222222222222
0 0.510546875 0.2263888888888889 0.02265625 0.044444444444444446
0 0.519921875 0.2 0.01484375 0.03611111111111111
0 0.528515625 0.18611111111111112 0.01171875 0.03333333333333333
1 0.871875 0.7993055555555556 0.0953125 0.1736111111111111
1 0.8265625 0.5902777777777778 0.0640625 0.125
1 0.783984375 0.44930555555555557 0.05234375 0.09027777777777778
1 0.764453125 0.3590277777777778 0.03828125 0.07083333333333333
1 0.740625 0.3013888888888889 0.0296875 0.058333333333333334
1 0.736328125 0.25972222222222224 0.02421875 0.05
1 0.722265625 0.2298611111111111 0.02265625 0.043055555555555555
1 0.708984375 0.2048611111111111 0.01796875 0.0375
1 0.70703125 0.19027777777777777 0.015625 0.03611111111111111