1 0.6059096945551129 0.4320328031809145 0.0063081009296148734 0.012673956262425448
1 0.6525564409030544 0.4239562624254473 0.005644090305444887 0.010934393638170975
1 0.646746347941567 0.4150099403578529 0.004316069057104913 0.007455268389662028
1 0.6349601593625498 0.41277335984095426 0.0036520584329349268 0.006958250497017893
0 0.7900066401062417 0.49030815109343934 0.018924302788844622 0.037276341948310136
0 0.7494189907038512 0.4571322067594433 0.015106241699867198 0.02460238568588469
0 0.7290836653386454 0.44160039761431413 0.009628154050464808 0.018886679920477135
0 0.7183764940239044 0.4321570576540755 0.007470119521912351 0.015407554671968192
0 0.7124833997343958 0.42470178926441354 0.006640106241699867 0.01242544731610338
1 0.6685756972111554 0.4091699801192843 0.0034860557768924302 0.005715705765407555
0 0.6788678618857902 0.4106610337972167 0.0038180610889774237 0.00720675944333996
1 0.6909030544488712 0.4177435387673956 0.0049800796812749 0.009940357852882704
0 0.6977091633466136 0.408175944333996 0.00398406374501992 0.00621272365805169
0 0.7070883134130146 0.41115805168986086 0.004150066401062417 0.007703777335984096
1 0.727589641434263 0.41314612326043737 0.004648074369189907 0.008697813121272366
0 0.7498339973439575 0.4173707753479125 0.005312084993359893 0.010685884691848906
0 0.7817065073041168 0.4095427435387674 0.0049800796812749 0.008946322067594433
0 0.798472775564409 0.41190357852882703 0.0049800796812749 0.009691848906560637
1 0.9827357237715804 0.3917743538767396 0.005644090305444887 0.00720675944333996
0 0.9363379814077025 0.39550198807157055 0.004814077025232404 0.00720675944333996
1 0.9064575033200531 0.39537773359840955 0.004150066401062417 0.0064612326043737576
0 0.8820551128818062 0.3974900596421471 0.004482071713147411 0.00720675944333996
0 0.8173970783532537 0.400844930417495 0.005312084993359893 0.007455268389662028
0 0.7522410358565738 0.4039512922465209 0.007138114209827357 0.008697813121272366
1 0.7426128818061088 0.4038270377733598 0.005810092961487384 0.007952286282306162
1 0.8330013280212484 0.3988568588469185 0.005312084993359893 0.009443339960238568