0 0.3400564409030544 0.40121769383697814 0.022410358565737053 0.03901590457256461
0 0.3828851261620186 0.37301192842942343 0.014774236387782205 0.02882703777335984
0 0.39591633466135456 0.35424950298210733 0.009628154050464808 0.022614314115308152
0 0.414093625498008 0.3429423459244533 0.010126162018592297 0.018886679920477135
0 0.43500996015936255 0.3337475149105368 0.00846613545816733 0.015904572564612324
0 0.48149070385126164 0.32716202783300197 0.007138114209827357 0.014165009940357853
0 0.6469953519256308 0.39053180914512925 0.02141434262948207 0.03752485089463221
1 0.5923804780876494 0.3592196819085487 0.01809428950863214 0.017147117296222664
1 0.5657370517928287 0.3322564612326044 0.005312084993359893 0.016898608349900597
1 0.563496015936255 0.34095427435387676 0.009794156706507304 0.019880715705765408
1 0.6261620185922975 0.3239314115308151 0.0036520584329349268 0.008697813121272366
0 0.6092297476759628 0.32194333996023855 0.006640106241699867 0.013667992047713717