1 0.9658034528552457 0.7206759443339961 0.06806108897742363 0.11679920477137178
1 0.5112881806108898 0.5874751491053678 0.036852589641434265 0.06063618290258449
1 0.5720451527224436 0.5483349900596421 0.03386454183266932 0.03404572564612326
1 0.4082835325365206 0.5287027833001988 0.02440239043824701 0.039512922465208745
1 0.41691567065073043 0.4793737574552684 0.013114209827357238 0.02186878727634195
1 0.487300796812749 0.500124254473161 0.018426294820717132 0.029572564612326043
0 0.48223771580345287 0.4683151093439364 0.010956175298804782 0.018638170974155068
1 0.35682270916334663 0.49055666003976145 0.015770252324037184 0.02584493041749503
0 0.3322543160690571 0.470675944333996 0.012782204515272245 0.018886679920477135
0 0.112300796812749 0.5789015904572564 0.030710491367861886 0.05591451292246521
0 0.15097941567065074 0.5168986083499006 0.019754316069057105 0.033797216699801194
0 0.18517596281540505 0.48546222664015903 0.016102257636122178 0.02360834990059642
0 0.13006308100929614 0.4812375745526839 0.013778220451527224 0.021123260437375745
0 0.12342297476759628 0.4720427435387674 0.009130146082337318 0.0176441351888668
0 0.06465803452855245 0.4995029821073559 0.016766268260292164 0.027833001988071572
0 0.02041832669322709 0.470675944333996 0.0099601593625498 0.016898608349900597