0 0.11080677290836653 0.4504224652087475 0.015438247011952191 0.022614314115308152
1 0.1279050464807437 0.4679423459244533 0.020086321381142098 0.02982107355864811
0 0.2583831341301461 0.43153578528827036 0.010790172642762285 0.018638170974155068
1 0.3068559096945551 0.43625745526838966 0.010790172642762285 0.020129224652087475
1 0.536769588313413 0.4260685884691849 0.011122177954847278 0.020129224652087475
0 0.5161852589641435 0.4183648111332008 0.01045816733067729 0.017147117296222664
0 0.6831839309428951 0.4140159045725646 0.009462151394422311 0.017892644135188866
0 0.736636786188579 0.3912773359840954 0.005478087649402391 0.010685884691848906
0 0.7604581673306773 0.38779821073558646 0.005312084993359893 0.009691848906560637
0 0.7812915006640107 0.39537773359840955 0.007138114209827357 0.01242544731610338
0 0.7960657370517928 0.4101640159045726 0.007138114209827357 0.018141153081510934
1 0.7905876494023905 0.4196073558648111 0.012782204515272245 0.02062624254473161
1 0.8047808764940239 0.3899105367793241 0.00597609561752988 0.010437375745526839
1 0.8143260292164675 0.3870526838966203 0.005810092961487384 0.0091948310139165
1 0.8513446215139442 0.3927683896620278 0.006806108897742364 0.011679920477137177
0 0.8530046480743692 0.3838220675944334 0.004150066401062417 0.008200795228628231
0 0.8590637450199203 0.3977385685884692 0.0076361221779548474 0.014165009940357853
1 0.8724269588313412 0.3845675944333996 0.005478087649402391 0.008697813121272366
0 0.8882802124833997 0.4054423459244533 0.011620185922974768 0.017147117296222664
0 0.9035524568393094 0.4004721669980119 0.010292164674634794 0.015656063618290257
1 0.9817397078353254 0.4114065606361829 0.012948207171314742 0.015159045725646123
1 0.9527722443559097 0.3947564612326044 0.009130146082337318 0.013667992047713717
0 0.9577523240371846 0.38059145129224653 0.004814077025232404 0.0091948310139165
1 0.9614043824701195 0.38195825049701787 0.005810092961487384 0.008946322067594433