1 0.336238379814077 0.5098161033797217 0.011454183266932271 0.02360834990059642
0 0.44206507304116865 0.47850397614314116 0.00597609561752988 0.011679920477137177
0 0.448539176626826 0.4812375745526839 0.0063081009296148734 0.012673956262425448
0 0.4533532536520584 0.4849652087475149 0.005312084993359893 0.013667992047713717
0 0.45750332005312083 0.48956262425447317 0.0073041168658698535 0.015407554671968192
0 0.4700365205843294 0.49502982107355864 0.00846613545816733 0.01739562624254473
0 0.4817397078353254 0.5034791252485089 0.010956175298804782 0.019880715705765408
0 0.4982569721115538 0.5157803180914513 0.011454183266932271 0.02360834990059642
1 0.3613877822045153 0.4775099403578529 0.0063081009296148734 0.013667992047713717
1 0.3545816733067729 0.4803677932405567 0.00398406374501992 0.01341948310139165
1 0.35375166002656044 0.48397117296222664 0.005644090305444887 0.014662027833001988
1 0.350265604249668 0.48869284294234594 0.0076361221779548474 0.017147117296222664
1 0.3442065073041169 0.4971421471172962 0.009462151394422311 0.01963220675944334