0 0.7404548472775564 0.6130715705765407 0.032702523240371845 0.06262425447316103
0 0.6444223107569721 0.5431163021868787 0.01859229747675963 0.0360337972166998
0 0.5987715803452855 0.5113071570576541 0.012284196547144754 0.02460238568588469
0 0.5723771580345286 0.49589960238568587 0.010292164674634794 0.019135188866799206
0 0.5068891102257637 0.4867047713717694 0.007802124833997344 0.015656063618290257
0 0.3942563081009296 0.48297713717693835 0.0063081009296148734 0.014165009940357853
0 0.2355577689243028 0.48397117296222664 0.0069721115537848604 0.014165009940357853
0 0.112632802124834 0.49068091451292245 0.009130146082337318 0.01665009940357853
0 0.010790172642762285 0.5050944333996024 0.012284196547144754 0.02062624254473161
1 0.20451527224435592 0.5006212723658051 0.0099601593625498 0.0176441351888668
1 0.2636122177954847 0.6149353876739563 0.03187250996015936 0.06088469184890656
1 0.36686586985391767 0.5438618290258449 0.017928286852589643 0.03553677932405567
1 0.4182436918990704 0.5134194831013916 0.01245019920318725 0.024353876739562623
1 0.4290338645418327 0.496272365805169 0.009130146082337318 0.018886679920477135
1 0.33615537848605576 0.49167495029821073 0.00796812749003984 0.01665009940357853