1 0.574535192563081 0.6202783300198808 0.037848605577689244 0.07007952286282307
0 0.04091965471447543 0.6343190854870775 0.05129482071713148 0.08026838966202783
0 0.07362217795484728 0.5033548707753479 0.020750332005312084 0.02808151093439364
0 0.288429614873838 0.4827286282306163 0.010790172642762285 0.021123260437375745
1 0.2050132802124834 0.5231113320079522 0.022244355909694556 0.0352882703777336
1 0.4655544488711819 0.48111332007952284 0.01245019920318725 0.019880715705765408
1 0.3784030544488712 0.4946570576540755 0.012782204515272245 0.025596421471172963
0 0.3856241699867198 0.47080019880715707 0.008632138114209827 0.01665009940357853
0 0.4009794156706507 0.4628479125248509 0.007138114209827357 0.014165009940357853
0 0.40952855245683933 0.4571322067594433 0.0063081009296148734 0.012176938369781311
0 0.41417662682602924 0.4532803180914513 0.005644090305444887 0.010934393638170975
0 0.41882470119521914 0.45017395626242546 0.004648074369189907 0.009691848906560637
1 0.5155212483399735 0.46930914512922467 0.00846613545816733 0.015656063618290257