1 0.8133300132802125 0.5300695825049702 0.029714475431606907 0.04572564612326044
1 0.7158864541832669 0.5916998011928429 0.04133466135458167 0.06809145129224652
1 0.6879150066401063 0.48695328031809143 0.018260292164674636 0.02907554671968191
0 0.7651062416998672 0.4711729622266402 0.015272244355909695 0.02385685884691849
1 0.6123837981407703 0.5033548707753479 0.02091633466135458 0.035039761431411534
0 0.5759462151394422 0.46993041749502984 0.014774236387782205 0.023359840954274354
0 0.2056772908366534 0.6998011928429424 0.054780876494023904 0.1058648111332008
0 0.34113545816733065 0.5395129224652088 0.023240371845949535 0.04622266401590457
0 0.4028884462151394 0.4865805168986084 0.017928286852589643 0.028330019880715707
0 0.34893758300132804 0.4649602385685885 0.011620185922974768 0.019383697813121274
0 0.34810756972111556 0.478006958250497 0.01593625498007968 0.024105367793240556
0 0.13230411686586985 0.5581510934393639 0.03552456839309429 0.052186878727634195
0 0.26402722443559096 0.5028578528827038 0.018758300132802126 0.03305168986083499
0 0.25713811420982735 0.46085984095427435 0.008632138114209827 0.0176441351888668
0 0.1900730411686587 0.45501988071570576 0.00796812749003984 0.014910536779324055