1 0.5434926958831341 0.4749005964214712 0.004648074369189907 0.009940357852882704
1 0.539093625498008 0.4720427435387674 0.004482071713147411 0.0091948310139165
1 0.5349435590969456 0.46943339960238567 0.004814077025232404 0.008449304174950299
0 0.45526228419654713 0.48098906560636184 0.004482071713147411 0.011679920477137177
0 0.45634130146082336 0.47514910536779326 0.004648074369189907 0.0064612326043737576
0 0.4598273572377158 0.47676441351888665 0.0049800796812749 0.010685884691848906
0 0.4686254980079681 0.47080019880715707 0.00398406374501992 0.008200795228628231
0 0.4719455511288181 0.4683151093439364 0.0036520584329349268 0.007703777335984096
1 0.5312084993359893 0.46707256461232605 0.00398406374501992 0.00720675944333996
1 0.5273904382470119 0.4654572564612326 0.0033200531208499337 0.0064612326043737576
1 0.5236553784860558 0.46371769383697814 0.0031540504648074367 0.005964214711729622
0 0.7574701195219123 0.45564115308151093 0.00298804780876494 0.005218687872763419
0 0.4746845949535193 0.46669980119284293 0.00249003984063745 0.006958250497017893
0 0.48115869853917664 0.4639662027833002 0.0031540504648074367 0.0064612326043737576
0 0.5039010624169987 0.46235089463220674 0.0028220451527224437 0.00621272365805169
0 0.5334495351925631 0.4614811133200795 0.0028220451527224437 0.0054671968190854875
1 0.5457337317397079 0.4621023856858847 0.0031540504648074367 0.005218687872763419
0 0.5702191235059761 0.45974155069582506 0.00298804780876494 0.004970178926441352
1 0.5826693227091634 0.46048707753479123 0.00298804780876494 0.004970178926441352
0 0.6155378486055777 0.45837475149105367 0.0026560424966799467 0.004721669980119284
1 0.6259130146082338 0.45899602385685884 0.0028220451527224437 0.004970178926441352
0 0.800464807436919 0.45464711729622265 0.0033200531208499337 0.005218687872763419
1 0.7827025232403718 0.4562624254473161 0.0033200531208499337 0.0054671968190854875
1 0.7234395750332006 0.4573807157057654 0.00298804780876494 0.005218687872763419
0 0.7111553784860558 0.4567594433399602 0.0026560424966799467 0.004970178926441352
1 0.673472775564409 0.4577534791252485 0.0026560424966799467 0.004970178926441352
0 0.6650066401062417 0.4570079522862823 0.0026560424966799467 0.004970178926441352