0 0.16874169986719786 0.7291252485089463 0.05793492695883134 0.10834990059642147
0 0.20459827357237717 0.5986580516898609 0.03104249667994688 0.055168986083499
0 0.12848605577689243 0.5534294234592445 0.020584329349269587 0.03777335984095427
0 0.19945219123505975 0.529572564612326 0.015106241699867198 0.020874751491053677
0 0.3603917662682603 0.5116799204771372 0.011288180610889775 0.023359840954274354
1 0.5097111553784861 0.5324304174950298 0.017098273572377157 0.030566600397614316
0 0.5046480743691899 0.5044731610337972 0.010624169986719787 0.020377733598409543
0 0.587566401062417 0.5002485089463221 0.008798140770252325 0.016898608349900597
0 0.5963645418326693 0.49304174950298213 0.008134130146082337 0.015407554671968192
0 0.6986221779548473 0.4955268389662028 0.007802124833997344 0.01441351888667992
1 0.7208665338645418 0.5054671968190855 0.009130146082337318 0.01739562624254473
1 0.662101593625498 0.5821322067594433 0.02606241699867198 0.04746520874751491
1 0.6362881806108898 0.5170228628230616 0.012616201859229747 0.023111332007952286