0 0.08723439575033201 0.8373508946322068 0.08117529880478087 0.15034791252485089
0 0.161769588313413 0.6226391650099403 0.03237051792828685 0.05641153081510934
0 0.13778220451527223 0.562375745526839 0.02357237715803453 0.0352882703777336
0 0.30137782204515273 0.488941351888668 0.006142098273572377 0.0091948310139165
0 0.31880810092961487 0.4922962226640159 0.007138114209827357 0.010934393638170975
1 0.34653054448871184 0.5613817097415507 0.02141434262948207 0.03429423459244533
1 0.3597277556440903 0.4879473161033797 0.00597609561752988 0.0091948310139165
0 0.3569057104913679 0.48533797216699803 0.00398406374501992 0.008449304174950299
1 0.3834661354581673 0.49055666003976145 0.005312084993359893 0.009940357852882704
1 0.39018924302788843 0.4857107355864811 0.005146082337317397 0.008200795228628231
0 0.4070385126162019 0.5244781312127237 0.012616201859229747 0.022117296222664017
0 0.42073373173970785 0.4952783300198807 0.007138114209827357 0.011928429423459244
0 0.4320219123505976 0.4834741550695825 0.004482071713147411 0.007703777335984096
1 0.4507802124833997 0.48446819085487075 0.004814077025232404 0.008200795228628231
1 0.46065737051792827 0.492668986083499 0.005644090305444887 0.010685884691848906
0 0.5172642762284196 0.4967693836978131 0.0069721115537848604 0.01242544731610338
1 0.5405876494023905 0.5306908548707754 0.015438247011952191 0.02360834990059642
0 0.5410026560424966 0.5135437375745527 0.011620185922974768 0.0176441351888668
1 0.5670650730411687 0.49391153081510936 0.005644090305444887 0.011182902584493042
0 0.5854083665338645 0.4986332007952286 0.007802124833997344 0.013667992047713717
0 0.600929614873838 0.507703777335984 0.008300132802124834 0.016898608349900597
0 0.6192729083665338 0.5026093439363817 0.008134130146082337 0.014662027833001988
1 0.6827689243027888 0.6332007952286283 0.036852589641434265 0.061630218687872766
1 0.6625996015936255 0.4970178926441352 0.007470119521912351 0.01242544731610338
1 0.6886620185922975 0.5150347912524851 0.01045816733067729 0.018638170974155068
1 0.7195385126162018 0.5058399602385686 0.01045816733067729 0.011182902584493042