0 0.28901062416998674 0.7447813121272365 0.05179282868525897 0.10139165009940358
0 0.5263114209827358 0.5948061630218688 0.027390438247011952 0.04498011928429423
0 0.5650730411686588 0.558648111332008 0.020584329349269587 0.033797216699801194
0 0.5288844621513944 0.5397614314115308 0.013612217795484728 0.02584493041749503
1 0.5426626826029216 0.5228628230616302 0.0099601593625498 0.019383697813121274
1 0.9496181938911022 0.7383200795228628 0.07287516600265605 0.10685884691848907
1 0.8212981407702523 0.5695825049701789 0.025066401062416997 0.03926441351888668
1 0.7020252324037185 0.5361580516898609 0.019256308100929615 0.018141153081510934
0 0.43725099601593626 0.5335487077534792 0.012284196547144754 0.022365805168986085
1 0.3693559096945551 0.5246023856858847 0.009296148738379814 0.017892644135188866
0 0.3056108897742364 0.5357852882703777 0.013944223107569721 0.021371769383697812
0 0.11362881806108897 0.5429920477137177 0.015106241699867198 0.022365805168986085
1 0.18127490039840638 0.5314363817097415 0.010624169986719787 0.018638170974155068
1 0.1315571049136786 0.5142892644135189 0.006806108897742364 0.011679920477137177
0 0.09545152722443559 0.5136679920477137 0.0073041168658698535 0.01143141153081511
1 0.026643426294820718 0.5216202783300199 0.007802124833997344 0.01341948310139165
1 0.021331341301460822 0.5340457256461233 0.011122177954847278 0.017892644135188866