0 0.10615869853917663 0.5622514910536779 0.03336653386454183 0.050944333996023855
1 0.39741035856573703 0.5673459244532804 0.032204515272244355 0.0536779324055666
0 0.4116865869853918 0.44470675944334 0.0073041168658698535 0.011182902584493042
0 0.42729083665338646 0.4491799204771372 0.0076361221779548474 0.012673956262425448
1 0.4733565737051793 0.4440854870775348 0.006474103585657371 0.009443339960238568
0 0.47377158034528555 0.44060636182902585 0.005312084993359893 0.009443339960238568
0 0.5092961487383798 0.49577534791252487 0.016268260292164674 0.02982107355864811
1 0.4984229747675963 0.44719184890656066 0.005478087649402391 0.010685884691848906
0 0.5373505976095617 0.45315606361829025 0.00796812749003984 0.014662027833001988
0 0.5538678618857902 0.4382455268389662 0.005810092961487384 0.0091948310139165
1 0.5742861885790173 0.43923956262425445 0.005478087649402391 0.0091948310139165
1 0.5836653386454184 0.4496769383697813 0.0073041168658698535 0.013170974155069582
0 0.650066401062417 0.4551441351888668 0.009628154050464808 0.015656063618290257
0 0.6831009296148738 0.4803677932405567 0.014608233731739707 0.02286282306163022
1 0.6884130146082338 0.5095675944333996 0.020252324037184594 0.032554671968190854
1 0.7076693227091634 0.45203777335984097 0.008964143426294821 0.01341948310139165
0 0.7324867197875166 0.45800198807157055 0.009794156706507304 0.016401590457256462
0 0.7574701195219123 0.47179423459244535 0.012948207171314742 0.02162027833001988
0 0.7769754316069057 0.46384194831013914 0.010790172642762285 0.018141153081510934
1 0.8279382470119522 0.45651093439363816 0.009130146082337318 0.015904572564612324
1 0.8819721115537849 0.4835984095427435 0.015272244355909695 0.024353876739562623
1 0.911769588313413 0.46943339960238567 0.01643426294820717 0.014910536779324055
1 0.5077191235059761 0.4408548707753479 0.004814077025232404 0.009443339960238568