0 0.2759794156706507 0.5176441351888668 0.010126162018592297 0.016401590457256462
0 0.37109893758300133 0.51441351888668 0.010790172642762285 0.018389662027833
0 0.49460491367861886 0.507331013916501 0.010790172642762285 0.01963220675944334
0 0.5529548472775564 0.5141650099403579 0.013612217795484728 0.024353876739562623
0 0.5787682602921647 0.5347912524850894 0.018426294820717132 0.03330019880715706
0 0.6505644090305445 0.5134194831013916 0.01759628154050465 0.027335984095427434
0 0.6750498007968128 0.5749254473161034 0.024734395750332004 0.04945328031809145
0 0.7466799468791501 0.4894383697813121 0.013280212483399735 0.022117296222664017
0 0.8025398406374502 0.5447316103379721 0.028718459495351924 0.04224652087475149
0 0.9235557768924303 0.4749005964214712 0.010126162018592297 0.022365805168986085
1 0.9179946879150066 0.48881709741550694 0.014940239043824702 0.0268389662027833
1 0.9083665338645418 0.5028578528827038 0.02257636122177955 0.031560636182902585
0 0.9728585657370518 0.7165755467196819 0.053286852589641436 0.11456262425447317