1 0.09636454183266932 0.6497266401590457 0.05926294820717132 0.09070576540755468
1 0.2983897742363878 0.5535536779324056 0.03104249667994688 0.04796222664015905
1 0.49526892430278885 0.5195079522862823 0.01942231075697211 0.03454274353876739
0 0.7175464807436919 0.5966699801192843 0.03403054448871182 0.06510934393638171
0 0.810839973439575 0.5485834990059643 0.025066401062416997 0.043986083499005964
0 0.8091799468791501 0.48633200795228626 0.01245019920318725 0.023359840954274354
0 0.9586653386454184 0.5171471172962226 0.02158034528552457 0.03230616302186879
0 0.6732237715803453 0.4663270377733598 0.010126162018592297 0.018638170974155068
1 0.6661686586985391 0.49428429423459247 0.01759628154050465 0.027833001988071572
0 0.611968791500664 0.4581262425447316 0.006806108897742364 0.016153081510934395
1 0.6150398406374502 0.4725397614314115 0.012616201859229747 0.020129224652087475
0 0.5437416998671979 0.4509194831013916 0.008134130146082337 0.015159045725646123
1 0.5177622841965471 0.45501988071570576 0.004648074369189907 0.012922465208747515
0 0.4863877822045153 0.44396123260437376 0.0069721115537848604 0.013170974155069582
0 0.44082005312084993 0.4480616302186879 0.007470119521912351 0.015904572564612324
0 0.4175796812749004 0.4419731610337972 0.004150066401062417 0.011679920477137177