0 0.664425630810093 0.41177932405566603 0.023738379814077025 0.04671968190854871
1 0.5880644090305445 0.3738817097415507 0.02041832669322709 0.020129224652087475
1 0.5523738379814077 0.3412027833001988 0.008134130146082337 0.017892644135188866
1 0.5524568393094289 0.3515159045725646 0.010956175298804782 0.02162027833001988
0 0.5976925630810093 0.32765904572564614 0.008134130146082337 0.014662027833001988
1 0.6175298804780877 0.3290258449304175 0.004316069057104913 0.010437375745526839
0 0.461902390438247 0.3399602385685885 0.008798140770252325 0.014910536779324055
0 0.4121845949535193 0.35027335984095426 0.009628154050464808 0.017147117296222664
0 0.38886122177954846 0.36269880715705766 0.01045816733067729 0.02062624254473161
0 0.3665338645418327 0.3773608349900596 0.012616201859229747 0.02509940357852883
0 0.3495185922974768 0.40345427435387676 0.016766268260292164 0.03454274353876739
0 0.2892596281540505 0.44781312127236583 0.026726427622841966 0.04821073558648111