0 0.9462151394422311 0.45278330019880714 0.006640106241699867 0.01143141153081511
0 0.8461155378486056 0.45638667992047716 0.005644090305444887 0.011182902584493042
0 0.7403718459495352 0.4616053677932406 0.005644090305444887 0.011182902584493042
0 0.6463313413014609 0.4676938369781312 0.006142098273572377 0.011928429423459244
0 0.5680610889774237 0.4746520874751491 0.0069721115537848604 0.012922465208747515
0 0.5004980079681275 0.4819831013916501 0.0076361221779548474 0.014662027833001988
0 0.4399070385126162 0.49204771371769385 0.0099601593625498 0.017892644135188866
0 0.41542164674634796 0.5054671968190855 0.01245019920318725 0.02186878727634195
0 0.40297144754316067 0.518389662027833 0.014110225763612217 0.026341948310139165
0 0.3682768924302789 0.5531809145129225 0.022742363877822046 0.03777335984095427
0 0.261371181938911 0.6595427435387674 0.04199867197875166 0.07604373757455268
1 0.8315903054448871 0.6334493041749503 0.049634794156706505 0.07703777335984095
1 0.6586155378486056 0.5370278330019881 0.020086321381142098 0.037276341948310136
1 0.5988545816733067 0.5078280318091452 0.015106241699867198 0.02509940357852883
1 0.5667330677290837 0.4917992047713718 0.011288180610889775 0.018886679920477135
1 0.6107237715803453 0.47924950298210733 0.008300132802124834 0.014662027833001988
1 0.6893260292164675 0.47005467196819084 0.006806108897742364 0.013170974155069582
1 0.7811254980079682 0.46384194831013914 0.006474103585657371 0.012176938369781311
1 0.888031208499336 0.45825049701789267 0.006806108897742364 0.01242544731610338