1 0.022742363877822046 0.6944582504970179 0.044820717131474105 0.1165506958250497
1 0.2918326693227092 0.5546719681908548 0.03386454183266932 0.0536779324055666
1 0.515355245683931 0.5140407554671969 0.02041832669322709 0.038518886679920476
0 0.7851925630810093 0.6202783300198808 0.04183266932270916 0.07703777335984095
0 0.8739209827357237 0.5529324055666004 0.029382470119521914 0.04721669980119284
0 0.8530876494023905 0.477882703777336 0.013612217795484728 0.024353876739562623
1 0.7016932270916335 0.4860834990059642 0.01859229747675963 0.02982107355864811
0 0.7039342629482072 0.4543986083499006 0.010126162018592297 0.018638170974155068
1 0.6430112881806109 0.46073558648111335 0.011122177954847278 0.02286282306163022
0 0.6386122177954847 0.44470675944334 0.0069721115537848604 0.01665009940357853
0 0.5664010624169987 0.43687872763419483 0.0076361221779548474 0.01441351888667992
1 0.5388446215139442 0.4423459244532803 0.005312084993359893 0.014910536779324055
0 0.5064741035856574 0.4288021868787276 0.00597609561752988 0.012673956262425448
0 0.45924634794156705 0.4322813121272366 0.005146082337317397 0.014662027833001988
0 0.43517596281540505 0.42631709741550694 0.0038180610889774237 0.012673956262425448