0 0.4771746347941567 0.3558648111332008 0.009130146082337318 0.018389662027833
0 0.489292828685259 0.3629473161033797 0.009794156706507304 0.02062624254473161
0 0.5012450199203188 0.3727634194831014 0.012118193891102257 0.024353876739562623
0 0.5127822045152722 0.386058648111332 0.014276228419654714 0.02907554671968191
0 0.5460657370517928 0.40593936381709744 0.021082337317397077 0.03702783300198807
0 0.5928784860557769 0.4438369781312127 0.0300464807436919 0.04920477137176938
0 0.7048472775564409 0.5371520874751491 0.04548472775564409 0.08275347912524851
1 0.3475265604249668 0.3571073558648111 0.01045816733067729 0.021371769383697812
1 0.32602921646746347 0.3635685884691849 0.013280212483399735 0.023359840954274354
1 0.31582005312084993 0.3753727634194831 0.015438247011952191 0.029572564612326043
1 0.29639774236387784 0.3923956262425447 0.017762284196547146 0.036779324055666
1 0.25373505976095617 0.4288021868787276 0.026394422310756973 0.049950298210735586
1 0.1436752988047809 0.5249751491053678 0.052290836653386456 0.08722664015904573