1 0.49750996015936255 0.3230616302186879 0.0063081009296148734 0.012922465208747515
1 0.4834827357237716 0.3282803180914513 0.006806108897742364 0.010934393638170975
1 0.4858897742363878 0.3305168986083499 0.00597609561752988 0.015407554671968192
1 0.4807436918990704 0.3352385685884692 0.008632138114209827 0.017892644135188866
1 0.4719455511288181 0.3446819085487077 0.0099601593625498 0.020874751491053677
1 0.44928618857901725 0.36220178926441354 0.013778220451527224 0.019135188866799206
0 0.5777722443559097 0.31809145129224653 0.006142098273572377 0.01242544731610338
0 0.5876494023904383 0.3211978131212724 0.005312084993359893 0.014165009940357853
0 0.5939575033200531 0.32666500994035785 0.009296148738379814 0.010685884691848906
0 0.5966965471447543 0.32952286282306165 0.005810092961487384 0.016898608349900597
0 0.5933764940239044 0.3403330019880716 0.01045816733067729 0.020129224652087475
0 0.6178618857901726 0.3436878727634195 0.012616201859229747 0.021371769383697812
0 0.6325531208499336 0.356610337972167 0.012782204515272245 0.025347912524850896