0 0.7534860557768924 0.5064612326043738 0.03652058432934927 0.07157057654075547
1 0.6041666666666666 0.42967196819085485 0.027722443559096945 0.026341948310139165
1 0.5473937583001328 0.3851888667992048 0.007138114209827357 0.020377733598409543
1 0.5514608233731739 0.3989811133200795 0.012616201859229747 0.02460238568588469
0 0.5952025232403718 0.3665506958250497 0.007802124833997344 0.015407554671968192
1 0.6208499335989376 0.3682902584493042 0.004648074369189907 0.010934393638170975
0 0.29025564409030546 0.4865805168986084 0.02838645418326693 0.04721669980119284
0 0.32528220451527223 0.4407306163021869 0.016102257636122178 0.030566600397614316
0 0.3570717131474104 0.4183648111332008 0.013944223107569721 0.02460238568588469
0 0.38678618857901725 0.4003479125248509 0.01195219123505976 0.018886679920477135
0 0.44414010624169986 0.3851888667992048 0.009462151394422311 0.016898608349900597
0 0.16342961487383798 0.5907057654075547 0.05262284196547145 0.0805168986083499