1 0.6078125 0.2625 0.025 0.07777777777777778
0 0.503125 0.2611111111111111 0.0328125 0.08055555555555556
0 0.501953125 0.30625 0.04453125 0.10138888888888889
0 0.36875 0.27708333333333335 0.04375 0.0875
1 0.47421875 0.27847222222222223 0.034375 0.08472222222222223
1 0.5 0.3416666666666667 0.05625 0.125
1 0.400390625 0.25763888888888886 0.03828125 0.0763888888888889
0 0.616796875 0.2791666666666667 0.04765625 0.09166666666666666
1 0.647265625 0.30694444444444446 0.04765625 0.10277777777777777
0 0.67265625 0.3402777777777778 0.0546875 0.12222222222222222
1 0.7 0.4 0.0765625 0.15833333333333333
0 0.75546875 0.48819444444444443 0.1078125 0.2125
1 0.7890625 0.7402777777777778 0.20625 0.375
0 0.47109375 0.39305555555555555 0.06875 0.15555555555555556
1 0.42265625 0.48055555555555557 0.121875 0.20833333333333334
0 0.310546875 0.66875 0.16796875 0.33194444444444443
1 0.3671875 0.3020833333333333 0.046875 0.10138888888888889
0 0.3328125 0.33611111111111114 0.0609375 0.12222222222222222
1 0.284765625 0.3854166666666667 0.09140625 0.15138888888888888
0 0.149609375 0.46597222222222223 0.11953125 0.2013888888888889