0 0.8327523240371846 0.5836232604373758 0.047642762284196546 0.07579522862823061
0 0.8867031872509961 0.5069582504970179 0.03203851261620186 0.04721669980119284
0 0.953851261620186 0.45986580516898606 0.01693227091633466 0.018141153081510934
0 0.9637284196547145 0.4749005964214712 0.024734395750332004 0.033797216699801194
0 0.8337483399734396 0.4442097415506958 0.01444223107569721 0.021123260437375745
0 0.6929780876494024 0.4342693836978131 0.011786188579017264 0.018638170974155068
1 0.665089641434263 0.45203777335984097 0.015770252324037184 0.02584493041749503
0 0.6143758300132802 0.4250745526838966 0.009296148738379814 0.016153081510934395
0 0.5846613545816733 0.419234592445328 0.0076361221779548474 0.013916500994035786
1 0.574867197875166 0.48285288270377735 0.02158034528552457 0.036779324055666
1 0.31723107569721115 0.5682157057654076 0.03884462151394422 0.06833996023856859
1 0.5369355909694555 0.4371272365805169 0.012118193891102257 0.019880715705765408
1 0.46613545816733065 0.42706262425447317 0.010292164674634794 0.016153081510934395
1 0.4809096945551129 0.4187375745526839 0.0076361221779548474 0.01341948310139165