0 0.39160026560424965 0.5565357852882704 0.018924302788844622 0.035039761431411534
0 0.4809096945551129 0.49502982107355864 0.0063081009296148734 0.01242544731610338
0 0.42861885790172644 0.5006212723658051 0.0069721115537848604 0.014165009940357853
0 0.39193227091633465 0.5172713717693836 0.013280212483399735 0.021123260437375745
0 0.41193559096945553 0.5282057654075547 0.014110225763612217 0.02460238568588469
0 0.598937583001328 0.5571570576540755 0.02091633466135458 0.0352882703777336
0 0.5968625498007968 0.5309393638170974 0.015770252324037184 0.026093439363817097
1 0.5428286852589641 0.5154075546719682 0.010292164674634794 0.020377733598409543
1 0.5313745019920318 0.503851888667992 0.008632138114209827 0.015656063618290257
1 0.5673140770252324 0.4996272365805169 0.006806108897742364 0.013170974155069582
0 0.5879814077025233 0.496148111332008 0.0033200531208499337 0.0091948310139165
0 0.6699037184594954 0.49403578528827036 0.005478087649402391 0.01143141153081511
1 0.7371347941567065 0.5026093439363817 0.007138114209827357 0.012176938369781311
1 0.7548970783532537 0.4967693836978131 0.005146082337317397 0.010934393638170975
0 0.4097775564409031 0.5089463220675944 0.008798140770252325 0.017892644135188866