0 0.5800132802124834 0.36928429423459247 0.008300132802124834 0.015904572564612324
0 0.5960325365205843 0.37475149105367794 0.008798140770252325 0.018886679920477135
0 0.6052456839309429 0.38295228628230615 0.0099601593625498 0.015904572564612324
0 0.6103917662682603 0.3900347912524851 0.011620185922974768 0.02509940357852883
0 0.6180278884462151 0.41376739562624254 0.018924302788844622 0.03429423459244533
0 0.6642596281540505 0.4212226640159046 0.02307436918990704 0.037276341948310136
0 0.7176294820717132 0.4611083499005964 0.02888446215139442 0.05492047713717694
1 0.4714475431606906 0.3834493041749503 0.009296148738379814 0.017892644135188866
1 0.44862217795484727 0.39363817097415504 0.01045816733067729 0.015407554671968192
1 0.4476261620185923 0.39947813121272363 0.01245019920318725 0.02360834990059642
1 0.4349269588313413 0.4114065606361829 0.016600265604249667 0.028578528827037774
1 0.40936254980079684 0.43588469184890655 0.018924302788844622 0.036779324055666
1 0.3354083665338645 0.4911779324055666 0.03867861885790173 0.041003976143141156