0 0.9643924302788844 0.6953280318091452 0.07121513944223108 0.12773359840954274
1 0.3852921646746348 0.49167495029821073 0.018260292164674636 0.031560636182902585
0 0.6965471447543161 0.5154075546719682 0.028552456839309428 0.04920477137176938
1 0.49460491367861886 0.45825049701789267 0.013114209827357238 0.02186878727634195
1 0.46663346613545814 0.42557157057654077 0.005644090305444887 0.010188866799204771
1 0.48339973439575035 0.43054174950298213 0.0063081009296148734 0.012176938369781311
1 0.5132802124833997 0.41886182902584496 0.004648074369189907 0.0091948310139165
0 0.5292994687915007 0.42234095427435386 0.006142098273572377 0.011182902584493042
0 0.5537018592297477 0.4172465208747515 0.005478087649402391 0.009940357852882704
0 0.5737881806108898 0.42333499005964215 0.006474103585657371 0.012673956262425448
1 0.5610889774236387 0.4404821073558648 0.010292164674634794 0.0176441351888668
0 0.6285690571049137 0.4671968190854871 0.015106241699867198 0.02882703777335984
1 0.6132968127490039 0.4289264413518887 0.007470119521912351 0.014910536779324055
1 0.6093957503320053 0.41041252485089463 0.00398406374501992 0.008200795228628231
0 0.6235889774236387 0.41115805168986086 0.005146082337317397 0.0091948310139165
0 0.6759628154050464 0.44247017892644136 0.01195219123505976 0.021123260437375745
0 0.6925630810092962 0.42196819085487075 0.00796812749003984 0.013916500994035786
0 0.7068393094289509 0.4058151093439364 0.0049800796812749 0.008946322067594433
1 0.7222775564409031 0.4029572564612326 0.004316069057104913 0.008200795228628231
0 0.7354747675962815 0.42780815109343934 0.008798140770252325 0.01665009940357853
0 0.791085657370518 0.4022117296222664 0.005478087649402391 0.009691848906560637
1 0.8150730411686588 0.39935387673956263 0.0049800796812749 0.008449304174950299
0 0.8680278884462151 0.3999751491053678 0.0069721115537848604 0.011182902584493042
0 0.9065405046480743 0.4009691848906561 0.006640106241699867 0.012176938369781311
1 0.9168326693227091 0.39537773359840955 0.005312084993359893 0.009940357852882704
1 0.9929448871181938 0.39363817097415504 0.007470119521912351 0.01143141153081511