0 0.2024402390438247 0.68389662027833 0.04465471447543161 0.0889662027833002
0 0.18368193891102258 0.5817594433399602 0.02705843293492696 0.04920477137176938
0 0.29830677290836655 0.5429920477137177 0.017264276228419653 0.025347912524850896
0 0.4946879150066401 0.5197564612326043 0.013612217795484728 0.02808151093439364
0 0.6700697211155379 0.5101888667992047 0.012782204515272245 0.02485089463220676
0 0.7703353253652059 0.50360337972167 0.011122177954847278 0.021123260437375745
0 0.7785524568393094 0.49440854870775347 0.008632138114209827 0.0176441351888668
0 0.9095285524568393 0.49801192842942343 0.010292164674634794 0.018389662027833
1 0.9545982735723771 0.6702286282306164 0.05129482071713148 0.08349900596421471
1 0.6796978751660027 0.5552932405566601 0.025066401062416997 0.039512922465208745
1 0.8429614873837982 0.5293240556660039 0.01759628154050465 0.02882703777335984
1 0.9500332005312085 0.5127982107355865 0.014940239043824702 0.02162027833001988