0 0.6705677290836654 0.5668489065606361 0.025066401062416997 0.04970178926441352
0 0.6114707835325365 0.5198807157057654 0.01809428950863214 0.032803180914512925
0 0.6795318725099602 0.5004970178926441 0.013114209827357238 0.025347912524850896
0 0.7763114209827358 0.48583499005964215 0.013446215139442231 0.01341948310139165
0 0.7554780876494024 0.49018389662027834 0.013612217795484728 0.02062624254473161
0 0.7084163346613546 0.47701292246520877 0.009794156706507304 0.015159045725646123
0 0.611968791500664 0.4712972166998012 0.008134130146082337 0.014165009940357853
1 0.5792662682602921 0.4797465208747515 0.011122177954847278 0.0176441351888668
0 0.5551128818061088 0.4654572564612326 0.0063081009296148734 0.01242544731610338
0 0.5342795484727756 0.46197813121272363 0.005478087649402391 0.01143141153081511
1 0.5101261620185923 0.49279324055666 0.013944223107569721 0.022365805168986085
1 0.4929448871181939 0.4724155069582505 0.00846613545816733 0.014910536779324055
0 0.3391434262948207 0.5668489065606361 0.026892430278884463 0.05069582504970179
1 0.3767430278884462 0.5173956262425448 0.01909030544488712 0.030815109343936383
1 0.4390770252324037 0.46669980119284293 0.0063081009296148734 0.012922465208747515
1 0.45028220451527223 0.4616053677932406 0.005810092961487384 0.010685884691848906