0 0.6323041168658698 0.33921471172962225 0.012616201859229747 0.021371769383697812
0 0.6663346613545816 0.3518886679920477 0.013944223107569721 0.027335984095427434
0 0.6926460823373174 0.3696570576540755 0.018426294820717132 0.024105367793240556
0 0.724269588313413 0.39165009940357853 0.02755644090305445 0.04224652087475149
0 0.8120849933598937 0.48111332007952284 0.04747675962815405 0.07703777335984095
0 0.9755146082337317 0.5351640159045725 0.04830677290836653 0.10164015904572564
1 0.4868027888446215 0.35797713717693835 0.013446215139442231 0.026590457256461232
1 0.4517762284196547 0.3782306163021869 0.015770252324037184 0.02485089463220676
1 0.44754316069057104 0.39500497017892644 0.021248339973439574 0.04000994035785288
1 0.4175796812749004 0.4345178926441352 0.03336653386454183 0.05541749502982107
1 0.3349933598937583 0.540506958250497 0.04747675962815405 0.09343936381709742