0 0.09138446215139442 0.6293489065606361 0.042994687915006644 0.07331013916500995
1 0.08823041168658699 0.551565606361829 0.029050464807436917 0.041003976143141156
1 0.15164342629482072 0.5213717693836978 0.017762284196547146 0.030318091451292245
1 0.3343293492695883 0.510934393638171 0.014608233731739707 0.027335984095427434
1 0.3256142098273572 0.5016153081510935 0.012782204515272245 0.0176441351888668
1 0.4194057104913679 0.4951540755467197 0.011454183266932271 0.02162027833001988
1 0.4443891102257636 0.4834741550695825 0.0099601593625498 0.018141153081510934
0 0.43451195219123506 0.5354125248508946 0.02041832669322709 0.03653081510934394
0 0.4450531208499336 0.5943091451292246 0.03419654714475431 0.05939363817097416
1 0.48854581673306774 0.48111332007952284 0.008964143426294821 0.01739562624254473
1 0.521414342629482 0.47328528827037775 0.0076361221779548474 0.014662027833001988
0 0.5336155378486056 0.5057157057654076 0.014110225763612217 0.02584493041749503
0 0.586238379814077 0.5341699801192843 0.02307436918990704 0.03653081510934394
1 0.5729581673306773 0.46607852882703776 0.006474103585657371 0.013170974155069582
0 0.5940405046480743 0.48533797216699803 0.01045816733067729 0.019880715705765408
0 0.6592795484727756 0.5058399602385686 0.016102257636122178 0.027087475149105367
0 0.6765438247011952 0.4763916500994036 0.008798140770252325 0.016898608349900597
0 0.7083333333333334 0.48881709741550694 0.01195219123505976 0.021371769383697812
1 0.6160358565737052 0.4602385685884692 0.005312084993359893 0.01143141153081511
1 0.5932934926958832 0.4678180914512923 0.0069721115537848604 0.013667992047713717
0 0.7731573705179283 0.47763419483101394 0.011122177954847278 0.018389662027833