0 0.32046812749003983 0.4536530815109344 0.01909030544488712 0.0360337972166998
1 0.3341633466135458 0.4258200795228628 0.015604249667994688 0.02509940357852883
0 0.5595949535192563 0.4591202783300199 0.01759628154050465 0.03454274353876739
0 0.5229913678618858 0.4316600397614314 0.014110225763612217 0.025347912524850896
1 0.4410690571049137 0.4121520874751491 0.01195219123505976 0.018638170974155068
1 0.424468791500664 0.3961232604373757 0.00796812749003984 0.01341948310139165
1 0.3741699867197875 0.3904075546719682 0.0063081009296148734 0.01143141153081511
1 0.3834661354581673 0.38630715705765406 0.0049800796812749 0.009691848906560637
0 0.461570385126162 0.3889165009940358 0.005478087649402391 0.010437375745526839
0 0.48032868525896416 0.3922713717693837 0.005478087649402391 0.011182902584493042
1 0.5009130146082338 0.4038270377733598 0.009130146082337318 0.014910536779324055
0 0.5308764940239044 0.3986083499005964 0.006640106241699867 0.01242544731610338
0 0.5813413014608234 0.4209741550695825 0.009628154050464808 0.020377733598409543
0 0.6485723771580345 0.4162524850894632 0.010956175298804782 0.016898608349900597
0 0.6699037184594954 0.41426441351888665 0.010790172642762285 0.01143141153081511
0 0.6148738379814077 0.40569085487077533 0.0076361221779548474 0.013170974155069582