1 0.710242363877822 0.4433399602385686 0.04199867197875166 0.0352882703777336
1 0.6148738379814077 0.3804671968190855 0.019256308100929615 0.03230616302186879
1 0.6039176626826029 0.35785288270377735 0.012616201859229747 0.024353876739562623
0 0.6525564409030544 0.3349900596421471 0.010624169986719787 0.018389662027833
1 0.6895750332005313 0.3408300198807157 0.0063081009296148734 0.014165009940357853
0 0.7930776892430279 0.32480119284294234 0.01045816733067729 0.012922465208747515
1 0.8623837981407703 0.3249254473161034 0.0073041168658698535 0.018141153081510934
0 0.21206839309428951 0.5406312127236581 0.05195883134130146 0.08076540755467197
0 0.30776892430278885 0.43489065606361826 0.02556440903054449 0.0437375745526839
0 0.363628818061089 0.3948807157057654 0.015438247011952191 0.03180914512922465
0 0.40537848605577687 0.36940854870775347 0.013612217795484728 0.023111332007952286
0 0.4748505976095618 0.35126739562624254 0.01045816733067729 0.019135188866799206