1 0.1596945551128818 0.6355616302186878 0.044820717131474105 0.08921471172962227
0 0.03477755644090305 0.5164015904572564 0.03203851261620186 0.042743538767395624
0 0.03618857901726428 0.4609840954274354 0.016268260292164674 0.022365805168986085
1 0.17861885790172644 0.4365059642147117 0.00796812749003984 0.015159045725646123
0 0.20725431606905712 0.44023359840954274 0.009462151394422311 0.0176441351888668
0 0.36495683930942896 0.4274353876739563 0.00846613545816733 0.016401590457256462
1 0.3820551128818061 0.4206013916500994 0.007802124833997344 0.014165009940357853
0 0.514359229747676 0.4213469184890656 0.008798140770252325 0.01665009940357853
0 0.47700863213811423 0.5264662027833003 0.027722443559096945 0.051938369781312124
1 0.5344455511288181 0.415506958250497 0.00846613545816733 0.01441351888667992
0 0.6601925630810093 0.4207256461232604 0.0099601593625498 0.018389662027833
1 0.7066733067729084 0.41264910536779326 0.008964143426294821 0.01665009940357853
0 0.7753154050464808 0.42780815109343934 0.013446215139442231 0.022614314115308152
1 0.859312749003984 0.415506958250497 0.011454183266932271 0.018886679920477135
0 0.9599933598937583 0.6674950298210736 0.0800132802124834 0.11332007952286283