0 0.37732403718459495 0.5941848906560636 0.03884462151394422 0.06510934393638171
0 0.3200531208499336 0.45278330019880714 0.0063081009296148734 0.011928429423459244
0 0.29830677290836655 0.4429671968190855 0.004316069057104913 0.008200795228628231
0 0.28228751660026563 0.4496769383697813 0.005146082337317397 0.010188866799204771
0 0.2656042496679947 0.44644632206759444 0.0049800796812749 0.009691848906560637
0 0.2666832669322709 0.4418489065606362 0.00249003984063745 0.007455268389662028
1 0.24319389110225764 0.4543986083499006 0.0063081009296148734 0.012176938369781311
0 0.19737715803452854 0.46371769383697814 0.00796812749003984 0.015407554671968192
1 0.18185590969455512 0.4504224652087475 0.005810092961487384 0.010685884691848906
1 0.11985391766268261 0.46222664015904574 0.008300132802124834 0.01441351888667992
0 0.035358565737051796 0.47340954274353875 0.010624169986719787 0.017892644135188866