1 0.354296875 0.4840277777777778 0.08359375 0.1597222222222222
1 0.479296875 0.39166666666666666 0.05234375 0.10277777777777777
1 0.56171875 0.3458333333333333 0.0390625 0.07777777777777778
1 0.600390625 0.32013888888888886 0.03203125 0.0625
1 0.63046875 0.30486111111111114 0.025 0.05416666666666667
1 0.733203125 0.2875 0.02421875 0.044444444444444446
1 0.85 0.27847222222222223 0.021875 0.043055555555555555
0 0.932421875 0.2965277777777778 0.01640625 0.05694444444444444
0 0.921484375 0.30277777777777776 0.03046875 0.06111111111111111
0 0.955859375 0.31666666666666665 0.03359375 0.06666666666666667
0 0.9796875 0.3423611111111111 0.040625 0.08472222222222223