0 0.3429614873837981 0.6385437375745527 0.0351925630810093 0.06088469184890656
0 0.4122675962815405 0.5634940357852882 0.018758300132802126 0.03553677932405567
0 0.4323539176626826 0.5412524850894632 0.015770252324037184 0.027335984095427434
0 0.4646414342629482 0.5202534791252486 0.011620185922974768 0.021123260437375745
0 0.5366865869853917 0.5052186878727635 0.009296148738379814 0.01739562624254473
0 0.6131308100929614 0.49428429423459247 0.007470119521912351 0.015407554671968192
0 0.701859229747676 0.4838469184890656 0.006640106241699867 0.013916500994035786
0 0.8087649402390438 0.47378230616302186 0.006640106241699867 0.012673956262425448
0 0.9329349269588313 0.46458747514910537 0.0073041168658698535 0.012673956262425448
1 0.9920318725099602 0.4653330019880716 0.008964143426294821 0.014662027833001988
1 0.8611387782204515 0.47527335984095426 0.007802124833997344 0.014165009940357853
1 0.7561420982735724 0.48583499005964215 0.0076361221779548474 0.015407554671968192
1 0.6682436918990704 0.49937872763419483 0.008798140770252325 0.0176441351888668
1 0.6214309428950863 0.518141153081511 0.011122177954847278 0.02286282306163022
1 0.6755478087649402 0.5436133200795229 0.021082337317397077 0.03404572564612326
1 0.8058598937583001 0.6026341948310139 0.035026560424966796 0.05964214711729622