1 0.2631142098273572 0.6058648111332008 0.034528552456839307 0.06560636182902585
1 0.4839807436918991 0.5111829025844931 0.020750332005312084 0.03479125248508946
1 0.5776062416998672 0.4772614314115308 0.014774236387782205 0.02460238568588469
1 0.6408532536520585 0.4591202783300199 0.009462151394422311 0.019135188866799206
0 0.7284196547144755 0.5487077534791253 0.030876494023904383 0.05417495029821073
0 0.7554780876494024 0.4870775347912525 0.020252324037184594 0.03180914512922465
0 0.812167994687915 0.46036282306163023 0.012782204515272245 0.022614314115308152
0 0.9926128818061088 0.42519880715705766 0.009130146082337318 0.01441351888667992
1 0.987964807436919 0.4179920477137177 0.006142098273572377 0.011928429423459244
0 0.9315239043824701 0.4230864811133201 0.007470119521912351 0.012176938369781311
0 0.8328353253652059 0.4245775347912525 0.0063081009296148734 0.011182902584493042
1 0.8570717131474104 0.4215954274353877 0.00597609561752988 0.010188866799204771
0 0.7392098273572377 0.44980119284294234 0.008964143426294821 0.01739562624254473
0 0.7316567065073041 0.42768389662027834 0.005810092961487384 0.009940357852882704
1 0.7469289508632138 0.4245775347912525 0.005478087649402391 0.0091948310139165
0 0.6356241699867198 0.43290258449304175 0.005312084993359893 0.009940357852882704
1 0.6178618857901726 0.4316600397614314 0.0049800796812749 0.008946322067594433
0 0.5836653386454184 0.4490556660039761 0.0073041168658698535 0.015407554671968192
0 0.5553618857901726 0.4393638170974155 0.005478087649402391 0.010934393638170975
0 0.5274734395750332 0.4455765407554672 0.006142098273572377 0.012922465208747515
1 0.5076361221779548 0.4403578528827038 0.005312084993359893 0.009940357852882704
1 0.47169654714475434 0.45688369781312127 0.009130146082337318 0.015159045725646123
1 0.45268924302788843 0.4489314115308151 0.00597609561752988 0.012176938369781311