1 0.3578125 0.15902777777777777 0.065625 0.12638888888888888
0 0.305859375 0.28125 0.07109375 0.15416666666666667
1 0.288671875 0.46458333333333335 0.11015625 0.19583333333333333
0 0.21640625 0.74375 0.1171875 0.24305555555555555
1 0.51796875 0.7770833333333333 0.121875 0.24861111111111112
0 0.51875 0.48055555555555557 0.090625 0.19166666666666668
1 0.47890625 0.28958333333333336 0.0875 0.1597222222222222
0 0.514453125 0.16944444444444445 0.06015625 0.12777777777777777
1 0.681640625 0.1798611111111111 0.05546875 0.13194444444444445
0 0.70546875 0.30069444444444443 0.090625 0.16527777777777777
1 0.778125 0.4791666666666667 0.0859375 0.19444444444444445
0 0.86875 0.7854166666666667 0.1203125 0.25972222222222224