0 0.7152224435590969 0.3984840954274354 0.044322709163346616 0.08275347912524851
0 0.3190571049136786 0.32430417495029823 0.030212483399734397 0.0536779324055666
0 0.29158366533864544 0.2726143141153082 0.016766268260292164 0.023359840954274354
0 0.336570385126162 0.24763916500994035 0.01245019920318725 0.024105367793240556
0 0.36462483399734397 0.22738568588469185 0.007802124833997344 0.015407554671968192
0 0.3570717131474104 0.23446819085487078 0.009296148738379814 0.019135188866799206
0 0.3772410358565737 0.22365805168986083 0.006474103585657371 0.009940357852882704
0 0.3813911022576361 0.2199304174950298 0.004482071713147411 0.011928429423459244
0 0.3851261620185923 0.2194333996023857 0.00597609561752988 0.008449304174950299
1 0.5398406374501992 0.27037773359840955 0.02091633466135458 0.03230616302186879
1 0.5141932270916335 0.23571073558648112 0.013114209827357238 0.013170974155069582
1 0.5223273572377158 0.24689363817097415 0.011454183266932271 0.023111332007952286
1 0.49236387782204516 0.227882703777336 0.010292164674634794 0.010437375745526839
1 0.4770916334661355 0.22055168986083498 0.0063081009296148734 0.013170974155069582
1 0.4652224435590969 0.2165755467196819 0.005146082337317397 0.012176938369781311