0 0.14981739707835326 0.44719184890656066 0.010790172642762285 0.017147117296222664
0 0.20318725099601595 0.42569582504970177 0.006640106241699867 0.010934393638170975
0 0.22642762284196546 0.4217196819085487 0.005644090305444887 0.009443339960238568
0 0.24377490039840638 0.42768389662027834 0.007470119521912351 0.011928429423459244
0 0.25390106241699867 0.43911530815109345 0.008134130146082337 0.015904572564612324
1 0.2482569721115538 0.44644632206759444 0.01045816733067729 0.018141153081510934
1 0.2660192563081009 0.4225894632206759 0.005810092961487384 0.009691848906560637
1 0.2752324037184595 0.4197316103379722 0.005312084993359893 0.008946322067594433
1 0.3042828685258964 0.4232107355864811 0.00597609561752988 0.01143141153081511
0 0.30934594953519257 0.4162524850894632 0.005146082337317397 0.008946322067594433
0 0.30984395750332006 0.4273111332007952 0.007138114209827357 0.012673956262425448
1 0.324535192563081 0.4162524850894632 0.0049800796812749 0.008946322067594433
0 0.3296812749003984 0.4322813121272366 0.00796812749003984 0.014662027833001988
0 0.3425464807436919 0.4283051689860835 0.008134130146082337 0.014165009940357853
0 0.38969123505976094 0.41190357852882703 0.0038180610889774237 0.008697813121272366
1 0.3916832669322709 0.4124005964214712 0.004482071713147411 0.008697813121272366
1 0.3799800796812749 0.4225894632206759 0.0073041168658698535 0.012176938369781311
1 0.3920152722443559 0.4342693836978131 0.009462151394422311 0.012673956262425448
1 0.4243027888446215 0.42470178926441354 0.0073041168658698535 0.01341948310139165