0 0.2958167330677291 0.6007703777335984 0.0351925630810093 0.061381709741550695
1 0.6523904382470119 0.6381709741550696 0.04614873837981408 0.07604373757455268
0 0.6455843293492696 0.459493041749503 0.00597609561752988 0.01143141153081511
0 0.663429614873838 0.46458747514910537 0.006806108897742364 0.013170974155069582
0 0.7119853917662683 0.455765407554672 0.0033200531208499337 0.009940357852882704
1 0.7133134130146083 0.459493041749503 0.00597609561752988 0.010934393638170975
1 0.7427788844621513 0.46371769383697814 0.007138114209827357 0.01242544731610338
1 0.75132802124834 0.4570079522862823 0.005644090305444887 0.010437375745526839
0 0.7769754316069057 0.5275844930417495 0.01942231075697211 0.03578528827037773
0 0.7913346613545816 0.47179423459244535 0.009296148738379814 0.016153081510934395
0 0.8027058432934927 0.4543986083499006 0.004814077025232404 0.0091948310139165
1 0.8276892430278885 0.455889662027833 0.005312084993359893 0.010188866799204771
1 0.8453685258964143 0.46856361829025844 0.008134130146082337 0.014662027833001988
0 0.9346779548472776 0.47664015904572565 0.010790172642762285 0.017892644135188866