0 0.44140106241699867 0.39947813121272363 0.0076361221779548474 0.019135188866799206
0 0.43791500664010624 0.4183648111332008 0.013280212483399735 0.026590457256461232
0 0.4204847277556441 0.4138916500994036 0.013280212483399735 0.024105367793240556
0 0.37217795484727756 0.4592445328031809 0.021912350597609563 0.039761431411530816
0 0.27365537848605576 0.5334244532803181 0.044322709163346616 0.051938369781312124
0 0.0625 0.7015407554671969 0.08814741035856574 0.1257455268389662
1 0.5820053120849934 0.39251988071570576 0.014608233731739707 0.013667992047713717
1 0.5859893758300133 0.4009691848906561 0.01195219123505976 0.02360834990059642
1 0.6049966799468791 0.4158797216699801 0.01809428950863214 0.030566600397614316
1 0.6366201859229748 0.44172465208747513 0.020252324037184594 0.04000994035785288
1 0.7160524568393094 0.49204771371769385 0.029714475431606907 0.044234592445328035
1 0.8328353253652059 0.6448807157057654 0.07370517928286853 0.12226640159045726