0 0.26195219123505975 0.4054423459244533 0.04448871181938911 0.08026838966202783
0 0.2705013280212483 0.3057902584493042 0.02041832669322709 0.029572564612326043
0 0.33823041168658696 0.2698807157057654 0.014774236387782205 0.02882703777335984
0 0.36819389110225764 0.25260934393638174 0.0099601593625498 0.022117296222664017
0 0.38056108897742363 0.2430417495029821 0.008798140770252325 0.018389662027833
1 0.5782702523240372 0.30976640159045726 0.025066401062416997 0.04150099403578529
1 0.5548638778220452 0.2727385685884692 0.013114209827357238 0.027087475149105367
1 0.5449037184594954 0.2567097415506958 0.01444223107569721 0.01441351888667992
1 0.5203353253652059 0.2456510934393638 0.011122177954847278 0.012176938369781311
1 0.5038180610889774 0.23682902584493043 0.0069721115537848604 0.01441351888667992
1 0.4915338645418327 0.2323558648111332 0.005644090305444887 0.01242544731610338
0 0.3963313413014608 0.2381958250497018 0.007470119521912351 0.011182902584493042
0 0.9554282868525896 0.6551938369781312 0.08914342629482072 0.17967196819085487