1 0.6186918990703851 0.5697067594433399 0.024236387782204515 0.04746520874751491
1 0.537101593625498 0.5156560636182903 0.017098273572377157 0.02882703777335984
1 0.4437250996015936 0.46669980119284293 0.005644090305444887 0.01242544731610338
0 0.4290338645418327 0.4614811133200795 0.005478087649402391 0.01143141153081511
1 0.40695551128818064 0.4915506958250497 0.01245019920318725 0.022365805168986085
1 0.38728419654714474 0.4712972166998012 0.008300132802124834 0.015159045725646123
0 0.35441567065073043 0.459617296222664 0.0049800796812749 0.011679920477137177
0 0.3498505976095618 0.463344930417495 0.006142098273572377 0.013170974155069582
1 0.3135790172642762 0.4775099403578529 0.008964143426294821 0.018141153081510934
0 0.29365869853917664 0.46558151093439365 0.0073041168658698535 0.014662027833001988
0 0.2511620185922975 0.5637425447316103 0.031208499335989376 0.050944333996023855
0 0.2575531208499336 0.514537773359841 0.01809428950863214 0.032554671968190854
0 0.19580013280212483 0.4688121272365805 0.008798140770252325 0.01665009940357853
0 0.18882802124833997 0.4976391650099404 0.01643426294820717 0.026590457256461232
0 0.09603253652058433 0.4782554671968191 0.011122177954847278 0.014662027833001988
0 0.08831341301460824 0.48695328031809143 0.012616201859229747 0.023111332007952286