1 0.03386454183266932 0.760934393638171 0.06739707835325365 0.12276341948310139
1 0.08847941567065074 0.5826292246520874 0.03187250996015936 0.04945328031809145
1 0.10682270916334662 0.5311878727634195 0.018426294820717132 0.03205765407554672
1 0.12076693227091634 0.5049701789264414 0.012118193891102257 0.022365805168986085
1 0.12765604249667994 0.4900596421471173 0.009628154050464808 0.016898608349900597
1 0.13247011952191234 0.48148608349900596 0.0073041168658698535 0.014165009940357853
0 0.5581009296148738 0.5634940357852882 0.03054448871181939 0.05839960238568589
0 0.43758300132802125 0.5263419483101391 0.02257636122177955 0.04025844930417495
0 0.3498505976095618 0.49975149105367794 0.013778220451527224 0.027833001988071572
0 0.30137782204515273 0.4840954274353877 0.010126162018592297 0.020377733598409543
0 0.28627158034528555 0.47527335984095426 0.00846613545816733 0.011182902584493042
0 0.25539508632138114 0.46843936381709744 0.007138114209827357 0.013916500994035786
0 0.24095285524568394 0.46458747514910537 0.006142098273572377 0.012176938369781311