0 0.5348605577689243 0.36406560636182905 0.0063081009296148734 0.01341948310139165
0 0.5463147410358565 0.367668986083499 0.005644090305444887 0.01665009940357853
0 0.5539508632138114 0.37338469184890655 0.009628154050464808 0.013170974155069582
0 0.5561918990703851 0.3772365805168986 0.008798140770252325 0.018389662027833
0 0.5556108897742363 0.3904075546719682 0.011620185922974768 0.023359840954274354
0 0.5850763612217795 0.39401093439363816 0.012782204515272245 0.02509940357852883
0 0.6055776892430279 0.41115805168986086 0.015604249667994688 0.031560636182902585
1 0.4472941567065073 0.37189363817097415 0.007470119521912351 0.014662027833001988
1 0.4314409030544489 0.3783548707753479 0.00796812749003984 0.011679920477137177
1 0.4330179282868526 0.3813369781312127 0.00846613545816733 0.018141153081510934
1 0.4262948207171315 0.38767395626242546 0.010292164674634794 0.020377733598409543
1 0.4145916334661355 0.39985089463220674 0.011786188579017264 0.024353876739562623
1 0.3817231075697211 0.42432902584493043 0.022410358565737053 0.02360834990059642