1 0.43583997343957503 0.46197813121272363 0.014110225763612217 0.02485089463220676
1 0.5232403718459495 0.4384940357852883 0.010292164674634794 0.018638170974155068
1 0.5124501992031872 0.4173707753479125 0.005644090305444887 0.010685884691848906
1 0.49701195219123506 0.41314612326043737 0.004648074369189907 0.0091948310139165
1 0.5400066401062417 0.40680914512922467 0.004648074369189907 0.007952286282306162
0 0.5549468791500664 0.40979125248508946 0.005312084993359893 0.009940357852882704
1 0.5812583001328021 0.42482604373757454 0.007802124833997344 0.015656063618290257
0 0.5781042496679947 0.4054423459244533 0.004814077025232404 0.008697813121272366
0 0.5953685258964143 0.41090954274353875 0.005810092961487384 0.011182902584493042
1 0.6310590969455512 0.39935387673956263 0.004150066401062417 0.007455268389662028
0 0.6439243027888446 0.4000994035785288 0.004648074369189907 0.007952286282306162
1 0.6297310756972112 0.415382703777336 0.006474103585657371 0.013170974155069582
0 0.6330511288180611 0.4433399602385686 0.011786188579017264 0.023359840954274354
0 0.6723107569721115 0.47291252485089463 0.0199203187250996 0.03578528827037773
0 0.7756474103585658 0.5422465208747514 0.03203851261620186 0.0636182902584493
0 0.6794488711819389 0.42569582504970177 0.009628154050464808 0.017892644135188866
0 0.7024402390438247 0.40929423459244535 0.006806108897742364 0.012922465208747515
0 0.7377988047808764 0.4140159045725646 0.007802124833997344 0.01441351888667992
0 0.7228585657370518 0.3951292246520875 0.004482071713147411 0.007952286282306162
1 0.7382968127490039 0.3923956262425447 0.004150066401062417 0.007455268389662028
0 0.8023738379814077 0.39165009940357853 0.004814077025232404 0.008946322067594433
1 0.8263612217795485 0.38916500994035785 0.0049800796812749 0.007952286282306162
0 0.873339973439575 0.38953777335984097 0.005644090305444887 0.010188866799204771
0 0.9064575033200531 0.39065606361829025 0.006142098273572377 0.010934393638170975
1 0.9220617529880478 0.3855616302186879 0.005478087649402391 0.0091948310139165
1 0.9893758300132802 0.38394632206759444 0.0073041168658698535 0.010437375745526839