0 0.26228419654714474 0.6714711729622267 0.03652058432934927 0.06510934393638171
0 0.34669654714475434 0.5885934393638171 0.021746347941567067 0.03653081510934394
0 0.3603917662682603 0.5631212723658051 0.013280212483399735 0.018886679920477135
0 0.4032204515272244 0.5388916500994035 0.009296148738379814 0.019135188866799206
0 0.41558764940239046 0.5270874751491054 0.007802124833997344 0.015407554671968192
0 0.4228917662682603 0.5203777335984096 0.006806108897742364 0.012922465208747515
0 0.4267098273572377 0.5164015904572564 0.004814077025232404 0.01143141153081511
0 0.43758300132802125 0.5120526838966203 0.0049800796812749 0.010685884691848906
0 0.47518260292164677 0.507455268389662 0.004814077025232404 0.009443339960238568
1 0.6318061088977424 0.5728131212723658 0.01859229747675963 0.03479125248508946
1 0.5843293492695883 0.5467196819085487 0.015604249667994688 0.024353876739562623
1 0.5537848605577689 0.5308151093439364 0.010624169986719787 0.018389662027833
1 0.5354415670650731 0.5203777335984096 0.007802124833997344 0.015407554671968192
1 0.5218293492695883 0.514537773359841 0.006142098273572377 0.012673956262425448
1 0.5113711819389111 0.5099403578528827 0.005146082337317397 0.010934393638170975
0 0.5205013280212484 0.5032306163021869 0.0038180610889774237 0.008946322067594433
1 0.5440737051792829 0.5045974155069582 0.004482071713147411 0.0091948310139165
0 0.576195219123506 0.4988817097415507 0.004316069057104913 0.008697813121272366
1 0.5995185922974767 0.4991302186878728 0.004150066401062417 0.0091948310139165
0 0.6430942895086321 0.4941600397614314 0.0036520584329349268 0.007703777335984096
1 0.664093625498008 0.4946570576540755 0.004150066401062417 0.008697813121272366
0 0.7167994687915007 0.4900596421471173 0.00398406374501992 0.007952286282306162
1 0.7362217795484728 0.49068091451292245 0.004316069057104913 0.008697813121272366
0 0.7847775564409031 0.4874502982107356 0.004150066401062417 0.007703777335984096
1 0.8130810092961488 0.48819582504970177 0.004316069057104913 0.008200795228628231
0 0.8569887118193891 0.4840954274353877 0.0038180610889774237 0.007952286282306162
1 0.914093625498008 0.4837226640159046 0.005146082337317397 0.0091948310139165
0 0.9311918990703851 0.4802435387673956 0.004814077025232404 0.008697813121272366