0 0.15620849933598938 0.760934393638171 0.0753652058432935 0.11829025844930417
0 0.31565405046480743 0.5913270377733598 0.025398406374501994 0.03901590457256461
0 0.4182436918990704 0.5239811133200796 0.015106241699867198 0.029572564612326043
0 0.44530212483399734 0.49875745526838966 0.012118193891102257 0.021371769383697812
0 0.4593293492695883 0.4855864811133201 0.008964143426294821 0.016898608349900597
0 0.4655544488711819 0.47924950298210733 0.007802124833997344 0.014662027833001988
0 0.48066069057104915 0.4724155069582505 0.007138114209827357 0.012922465208747515
0 0.5272244355909694 0.4658300198807157 0.005644090305444887 0.011182902584493042
0 0.5815073041168659 0.46073558648111335 0.0049800796812749 0.010437375745526839
0 0.647078353253652 0.4553926441351889 0.0049800796812749 0.009691848906560637
0 0.726593625498008 0.4500497017892644 0.004648074369189907 0.009443339960238568
0 0.8158200531208499 0.4457007952286282 0.005146082337317397 0.0091948310139165
0 0.8999833997343958 0.4427186878727634 0.005478087649402391 0.0091948310139165
0 0.9964309428950863 0.4382455268389662 0.005810092961487384 0.009691848906560637
1 0.9427290836653387 0.44358846918489064 0.0063081009296148734 0.009940357852882704
1 0.8440405046480743 0.44681908548707755 0.005810092961487384 0.010437375745526839
1 0.7552290836653387 0.45116799204771374 0.005146082337317397 0.010685884691848906
1 0.6779548472775564 0.45651093439363816 0.005312084993359893 0.010934393638170975
1 0.6121347941567065 0.46309642147117297 0.005810092961487384 0.011182902584493042
1 0.5735391766268261 0.470551689860835 0.006640106241699867 0.013667992047713717
1 0.5900564409030544 0.47862823061630216 0.00846613545816733 0.016401590457256462
1 0.6136288180610889 0.48968687872763417 0.010790172642762285 0.021123260437375745
1 0.6538014608233732 0.5124254473161034 0.01743027888446215 0.02882703777335984
1 0.7448539176626826 0.5627485089463221 0.031208499335989376 0.04945328031809145