0 0.12524900398406374 0.6715954274353877 0.06291500664010624 0.09517892644135188
0 0.059345949535192566 0.5560387673956262 0.031706507304116865 0.05044731610337972
0 0.19513612217795484 0.49801192842942343 0.017762284196547146 0.030815109343936383
0 0.2969787516600266 0.5427435387673957 0.028552456839309428 0.04572564612326044
0 0.31689907038512616 0.47664015904572565 0.01195219123505976 0.023359840954274354
0 0.36595285524568394 0.4991302186878728 0.01743027888446215 0.03106361829025845
0 0.44032204515272244 0.47564612326043737 0.013778220451527224 0.023359840954274354
1 0.23754980079681276 0.4519135188866799 0.008964143426294821 0.014165009940357853
1 0.20434926958831343 0.46409045725646125 0.010292164674634794 0.018141153081510934
1 0.17670982735723773 0.4616053677932406 0.009462151394422311 0.017147117296222664
1 0.09105245683930943 0.47564612326043737 0.012782204515272245 0.022365805168986085
1 0.020086321381142098 0.49279324055666 0.01693227091633466 0.027833001988071572