0 0.44322709163346613 0.4900596421471173 0.0069721115537848604 0.012922465208747515
0 0.47103253652058436 0.4960238568588469 0.00846613545816733 0.015407554671968192
0 0.5118691899070386 0.4827286282306163 0.005810092961487384 0.011679920477137177
1 0.5201693227091634 0.4875745526838966 0.006806108897742364 0.01242544731610338
1 0.5556938911022576 0.48248011928429424 0.005478087649402391 0.011679920477137177
1 0.5596779548472776 0.4915506958250497 0.007138114209827357 0.01441351888667992
0 0.6027556440903055 0.47775844930417494 0.005312084993359893 0.010685884691848906
1 0.6315571049136787 0.47912524850894633 0.006474103585657371 0.010934393638170975
0 0.6306440903054449 0.5003727634194831 0.011288180610889775 0.018638170974155068
1 0.6804448871181938 0.4937872763419483 0.008964143426294821 0.016898608349900597
0 0.8063579017264276 0.6200298210735586 0.037350597609561755 0.06411530815109344
0 0.7919156706507304 0.5016153081510935 0.011786188579017264 0.02062624254473161
1 0.8548306772908366 0.49428429423459247 0.011454183266932271 0.018389662027833
0 0.9287018592297477 0.5044731610337972 0.013778220451527224 0.02385685884691849