0 0.289425630810093 0.6599155069582505 0.05361885790172643 0.0912027833001988
0 0.2929116865869854 0.5465954274353877 0.026726427622841966 0.04845924453280318
0 0.41990371845949537 0.5002485089463221 0.016102257636122178 0.031312127236580514
0 0.4868857901726428 0.5417495029821073 0.027888446215139442 0.04671968190854871
0 0.48738379814077026 0.4730367793240557 0.011620185922974768 0.022614314115308152
0 0.5653220451527224 0.4986332007952286 0.018758300132802126 0.03106361829025845
0 0.5747011952191236 0.46185387673956263 0.0099601593625498 0.018638170974155068
0 0.6133798140770252 0.4761431411530815 0.013280212483399735 0.024353876739562623
0 0.6762948207171314 0.46235089463220674 0.010956175298804782 0.01963220675944334
1 0.5062250996015937 0.4433399602385686 0.005810092961487384 0.011928429423459244
1 0.48356573705179284 0.4517892644135189 0.0073041168658698535 0.014910536779324055
1 0.4617363877822045 0.4496769383697813 0.007138114209827357 0.014165009940357853
1 0.4054614873837981 0.4586232604373757 0.008134130146082337 0.01665009940357853
1 0.3686088977423639 0.46819085487077533 0.010126162018592297 0.019383697813121274
1 0.31739707835325365 0.47154572564612324 0.012284196547144754 0.02062624254473161
1 0.28577357237715806 0.4865805168986084 0.013778220451527224 0.025347912524850896
1 0.1717297476759628 0.496272365805169 0.02207835325365206 0.02186878727634195
1 0.17405378486055778 0.5099403578528827 0.018758300132802126 0.03429423459244533