1 0.8530046480743692 0.40656063618290256 0.07818725099601594 0.12624254473161034
1 0.6930610889774237 0.25683399602385687 0.03386454183266932 0.06933399602385686
1 0.5991865869853917 0.19893141153081512 0.02307436918990704 0.04696819085487078
1 0.5542828685258964 0.1679920477137177 0.017264276228419653 0.03628230616302187
1 0.5264774236387783 0.14947813121272366 0.013446215139442231 0.02907554671968191
1 0.5046480743691899 0.13556163021868786 0.010956175298804782 0.02360834990059642
0 0.34354249667994685 0.136058648111332 0.011786188579017264 0.026590457256461232
0 0.32478419654714474 0.1514662027833002 0.01444223107569721 0.031560636182902585
0 0.30195883134130147 0.17196819085487078 0.02257636122177955 0.03876739562624255
0 0.28452855245683933 0.202162027833002 0.028220451527224435 0.04895626242544732
0 0.20916334661354583 0.2635437375745527 0.04249667994687915 0.0728131212723658
0 0.03195551128818061 0.44097912524850896 0.06391102257636122 0.14438369781312127