1 0.265234375 0.4798611111111111 0.03203125 0.06805555555555555
0 0.3046875 0.49166666666666664 0.040625 0.07222222222222222
0 0.362890625 0.475 0.02734375 0.06388888888888888
1 0.344140625 0.5041666666666667 0.03984375 0.07777777777777778
1 0.41171875 0.4888888888888889 0.034375 0.06944444444444445
1 0.440234375 0.4708333333333333 0.02890625 0.058333333333333334
0 0.465234375 0.49722222222222223 0.03359375 0.07222222222222222
0 0.519140625 0.4673611111111111 0.02578125 0.05694444444444444
0 0.499609375 0.48125 0.03046875 0.0625
1 0.601171875 0.4638888888888889 0.02578125 0.05277777777777778
1 0.578125 0.47638888888888886 0.028125 0.06111111111111111
1 0.550390625 0.4909722222222222 0.03203125 0.06805555555555555
0 0.66640625 0.4597222222222222 0.025 0.05277777777777778
0 0.65546875 0.4736111111111111 0.028125 0.058333333333333334
0 0.630859375 0.4847222222222222 0.03203125 0.06388888888888888
1 0.749609375 0.4597222222222222 0.02265625 0.05
1 0.73046875 0.4722222222222222 0.0265625 0.05277777777777778
1 0.70625 0.4826388888888889 0.028125 0.059722222222222225
0 0.855859375 0.46319444444444446 0.02578125 0.04861111111111111
0 0.800390625 0.4666666666666667 0.02265625 0.05277777777777778
0 0.78828125 0.47847222222222224 0.028125 0.05694444444444444
1 0.859765625 0.47638888888888886 0.02578125 0.05277777777777778