1 0.2119140625 0.7291666666666666 0.13671875 0.2673611111111111
1 0.35888671875 0.5425347222222222 0.0615234375 0.13368055555555555
1 0.4150390625 0.4557291666666667 0.029296875 0.07465277777777778
1 0.44775390625 0.4348958333333333 0.0205078125 0.057291666666666664
1 0.490234375 0.4201388888888889 0.015625 0.041666666666666664
1 0.54541015625 0.4270833333333333 0.0146484375 0.041666666666666664
1 0.63427734375 0.4505208333333333 0.0146484375 0.036458333333333336
1 0.73046875 0.4869791666666667 0.017578125 0.03993055555555555
1 0.841796875 0.5321180555555556 0.02734375 0.05381944444444445
1 0.95068359375 0.5842013888888888 0.0341796875 0.07118055555555555
1 0.34765625 0.3663194444444444 0.015625 0.034722222222222224
1 0.38671875 0.359375 0.01171875 0.034722222222222224
0 0.369140625 0.3585069444444444 0.013671875 0.03298611111111111
0 0.66064453125 0.5060763888888888 0.0283203125 0.06770833333333333
0 0.72119140625 0.5720486111111112 0.0419921875 0.0920138888888889
0 0.84033203125 0.6944444444444444 0.0810546875 0.14583333333333334