1 0.1865234375 0.7508680555555556 0.08203125 0.1579861111111111
1 0.17236328125 0.5868055555555556 0.0322265625 0.07291666666666667
1 0.345703125 0.5494791666666666 0.029296875 0.036458333333333336
1 0.36376953125 0.5199652777777778 0.0146484375 0.036458333333333336
1 0.30322265625 0.5060763888888888 0.0146484375 0.03298611111111111
0 0.21044921875 0.6414930555555556 0.0517578125 0.10590277777777778
0 0.107421875 0.5486111111111112 0.03125 0.034722222222222224
0 0.1884765625 0.5260416666666666 0.015625 0.03819444444444445
0 0.150390625 0.5199652777777778 0.021484375 0.026041666666666668
1 0.44287109375 0.5182291666666666 0.0146484375 0.036458333333333336
1 0.24755859375 0.5 0.0166015625 0.017361111111111112
1 0.23291015625 0.4965277777777778 0.0126953125 0.013888888888888888
1 0.27783203125 0.4878472222222222 0.0126953125 0.013888888888888888
0 0.08056640625 0.5034722222222222 0.0126953125 0.027777777777777776
0 0.13330078125 0.5060763888888888 0.0107421875 0.029513888888888888
0 0.171875 0.4930555555555556 0.009765625 0.024305555555555556
1 0.01318359375 0.5008680555555556 0.0107421875 0.022569444444444444
0 0.0517578125 0.4913194444444444 0.009765625 0.020833333333333332
1 0.0859375 0.4913194444444444 0.0078125 0.020833333333333332
1 0.11865234375 0.4921875 0.0107421875 0.022569444444444444
1 0.12890625 0.4904513888888889 0.005859375 0.019097222222222224
1 0.19970703125 0.4869791666666667 0.0068359375 0.019097222222222224
0 0.2607421875 0.4496527777777778 0.009765625 0.020833333333333332