1 0.228515625 0.7682291666666666 0.0859375 0.1684027777777778
1 0.05029296875 0.6267361111111112 0.0537109375 0.059027777777777776
1 0.61767578125 0.6623263888888888 0.0498046875 0.10243055555555555
1 0.72412109375 0.6223958333333334 0.0380859375 0.08506944444444445
1 0.56396484375 0.6050347222222222 0.0361328125 0.07118055555555555
1 0.70361328125 0.5755208333333334 0.0224609375 0.050347222222222224
1 0.26025390625 0.5954861111111112 0.0400390625 0.041666666666666664
1 0.27294921875 0.5746527777777778 0.0322265625 0.034722222222222224
0 0.4072265625 0.5911458333333334 0.03125 0.0642361111111111
0 0.4453125 0.5564236111111112 0.01953125 0.043402777777777776
0 0.54150390625 0.5642361111111112 0.0224609375 0.04861111111111111
0 0.8828125 0.59375 0.029296875 0.0625
1 0.24853515625 0.5425347222222222 0.0087890625 0.029513888888888888
1 0.25390625 0.5503472222222222 0.01171875 0.034722222222222224
0 0.3818359375 0.5416666666666666 0.013671875 0.03125
0 0.41748046875 0.5538194444444444 0.0205078125 0.027777777777777776
1 0.30859375 0.5381944444444444 0.013671875 0.017361111111111112
1 0.39013671875 0.53125 0.0068359375 0.020833333333333332
0 0.42724609375 0.5399305555555556 0.0166015625 0.020833333333333332
0 0.4775390625 0.5321180555555556 0.009765625 0.026041666666666668
0 0.49755859375 0.5303819444444444 0.0087890625 0.022569444444444444
0 0.4873046875 0.5260416666666666 0.0078125 0.020833333333333332
0 0.4794921875 0.5225694444444444 0.005859375 0.017361111111111112
0 0.45947265625 0.5182291666666666 0.0068359375 0.015625
0 0.43994140625 0.5164930555555556 0.0068359375 0.015625
1 0.3671875 0.5217013888888888 0.0078125 0.015625
1 0.35888671875 0.5190972222222222 0.0068359375 0.013888888888888888
1 0.3203125 0.5182291666666666 0.0078125 0.008680555555555556
1 0.30810546875 0.5225694444444444 0.0107421875 0.010416666666666666
0 0.4296875 0.515625 0.005859375 0.013888888888888888
0 0.4150390625 0.5130208333333334 0.005859375 0.012152777777777778