1 0.7275390625 0.6597222222222222 0.103515625 0.20833333333333334
1 0.73046875 0.6059027777777778 0.068359375 0.15625
1 0.42333984375 0.5824652777777778 0.0517578125 0.1232638888888889
1 0.427734375 0.5269097222222222 0.009765625 0.03298611111111111
1 0.216796875 0.5972222222222222 0.046875 0.13194444444444445
1 0.16015625 0.5442708333333334 0.017578125 0.046875
0 0.19287109375 0.5694444444444444 0.0361328125 0.08680555555555555
0 0.2626953125 0.5494791666666666 0.025390625 0.06076388888888889
0 0.3154296875 0.5494791666666666 0.025390625 0.0642361111111111
0 0.45703125 0.5321180555555556 0.013671875 0.050347222222222224
0 0.73583984375 0.4965277777777778 0.0107421875 0.027777777777777776