1 0.46630859375 0.7170138888888888 0.0712890625 0.14583333333333334
1 0.4833984375 0.5894097222222222 0.0390625 0.07465277777777778
1 0.60107421875 0.5381944444444444 0.0205078125 0.04861111111111111
1 0.75 0.5243055555555556 0.017578125 0.041666666666666664
1 0.73779296875 0.515625 0.0146484375 0.034722222222222224
1 0.81396484375 0.5182291666666666 0.0166015625 0.03993055555555555
1 0.8349609375 0.5069444444444444 0.013671875 0.03125
0 0.85498046875 0.5989583333333334 0.0361328125 0.08333333333333333
0 0.8525390625 0.5555555555555556 0.03125 0.0625
0 0.978515625 0.5399305555555556 0.025390625 0.052083333333333336
0 0.92919921875 0.5121527777777778 0.0146484375 0.034722222222222224
0 0.427734375 0.4453125 0.0234375 0.057291666666666664
1 0.4794921875 0.5217013888888888 0.0234375 0.029513888888888888
0 0.65185546875 0.5130208333333334 0.0126953125 0.029513888888888888
1 0.56787109375 0.5138888888888888 0.0185546875 0.024305555555555556
1 0.564453125 0.5104166666666666 0.01171875 0.020833333333333332
1 0.54443359375 0.5026041666666666 0.0087890625 0.022569444444444444
1 0.5341796875 0.5 0.0078125 0.020833333333333332
1 0.63134765625 0.4939236111111111 0.0048828125 0.015625
0 0.62744140625 0.5 0.0068359375 0.020833333333333332
0 0.673828125 0.5043402777777778 0.009765625 0.026041666666666668
0 0.69921875 0.4956597222222222 0.005859375 0.019097222222222224
0 0.7158203125 0.4939236111111111 0.005859375 0.015625
0 0.70361328125 0.4930555555555556 0.0048828125 0.017361111111111112
0 0.708984375 0.4904513888888889 0.00390625 0.015625
0 0.6865234375 0.4887152777777778 0.00390625 0.012152777777777778
1 0.6015625 0.4904513888888889 0.00390625 0.012152777777777778
1 0.60986328125 0.4913194444444444 0.0029296875 0.010416666666666666