0 0.7919921875 0.5633680555555556 0.05078125 0.07465277777777778
0 0.6640625 0.5277777777777778 0.037109375 0.0798611111111111
0 0.61767578125 0.5052083333333334 0.0283203125 0.059027777777777776
0 0.57666015625 0.4904513888888889 0.0224609375 0.046875
0 0.85205078125 0.5069444444444444 0.0244140625 0.05555555555555555
1 0.9677734375 0.4991319444444444 0.021484375 0.043402777777777776
0 0.78564453125 0.4939236111111111 0.0185546875 0.043402777777777776
1 0.2626953125 0.5651041666666666 0.0234375 0.06076388888888889
1 0.3427734375 0.4921875 0.02734375 0.05381944444444445
1 0.44873046875 0.4765625 0.0166015625 0.036458333333333336
1 0.47412109375 0.4739583333333333 0.0146484375 0.034722222222222224
0 0.67578125 0.4800347222222222 0.013671875 0.03298611111111111
0 0.59130859375 0.4800347222222222 0.0146484375 0.036458333333333336
1 0.50048828125 0.4670138888888889 0.0126953125 0.027777777777777776
1 0.57958984375 0.4583333333333333 0.0087890625 0.017361111111111112
1 0.587890625 0.4557291666666667 0.0078125 0.015625
1 0.8203125 0.4756944444444444 0.009765625 0.024305555555555556
1 0.8017578125 0.46875 0.0078125 0.020833333333333332
1 0.79052734375 0.4626736111111111 0.0068359375 0.015625
1 0.76611328125 0.4618055555555556 0.0068359375 0.017361111111111112
0 0.72900390625 0.4826388888888889 0.0126953125 0.034722222222222224
0 0.7255859375 0.4774305555555556 0.005859375 0.027777777777777776
0 0.71044921875 0.4739583333333333 0.0087890625 0.024305555555555556
0 0.70361328125 0.4678819444444444 0.0068359375 0.022569444444444444
0 0.685546875 0.4592013888888889 0.005859375 0.019097222222222224
0 0.650390625 0.4730902777777778 0.01171875 0.03298611111111111
0 0.65673828125 0.4652777777777778 0.0068359375 0.020833333333333332
1 0.90234375 0.4861111111111111 0.009765625 0.03125