1 0.4951171875 0.6831597222222222 0.05078125 0.11979166666666667
1 0.81591796875 0.6171875 0.0498046875 0.057291666666666664
1 0.5673828125 0.5746527777777778 0.03125 0.0625
1 0.57666015625 0.5329861111111112 0.0166015625 0.041666666666666664
1 0.61328125 0.5112847222222222 0.01171875 0.03298611111111111
0 0.11328125 0.6006944444444444 0.03125 0.06944444444444445
0 0.2431640625 0.5581597222222222 0.0234375 0.05381944444444445
0 0.3720703125 0.5303819444444444 0.015625 0.03993055555555555
0 0.4521484375 0.5173611111111112 0.01171875 0.034722222222222224
0 0.46923828125 0.5104166666666666 0.0107421875 0.03125
0 0.60498046875 0.5243055555555556 0.0146484375 0.034722222222222224
1 0.93115234375 0.9348958333333334 0.1376953125 0.13020833333333334
0 0.529296875 0.5052083333333334 0.009765625 0.027777777777777776
1 0.7197265625 0.5078125 0.015625 0.019097222222222224
1 0.75927734375 0.4965277777777778 0.0107421875 0.024305555555555556
1 0.73828125 0.4887152777777778 0.0078125 0.022569444444444444
0 0.65283203125 0.4973958333333333 0.0087890625 0.022569444444444444
0 0.63916015625 0.4930555555555556 0.0126953125 0.017361111111111112
0 0.60205078125 0.5017361111111112 0.0146484375 0.020833333333333332
1 0.56884765625 0.4835069444444444 0.0087890625 0.015625