1 0.0546875 0.6032986111111112 0.080078125 0.18229166666666666
1 0.205078125 0.5182291666666666 0.048828125 0.08854166666666667
1 0.37890625 0.5026041666666666 0.029296875 0.0642361111111111
0 0.97119140625 0.5842013888888888 0.0556640625 0.14756944444444445
0 0.71826171875 0.5425347222222222 0.0556640625 0.07118055555555555
0 0.69482421875 0.5095486111111112 0.0263671875 0.07118055555555555
0 0.66455078125 0.4904513888888889 0.0166015625 0.043402777777777776
1 0.498046875 0.4835069444444444 0.013671875 0.03298611111111111
0 0.70849609375 0.5 0.0146484375 0.03125
0 0.806640625 0.4887152777777778 0.013671875 0.03298611111111111
1 0.5654296875 0.4800347222222222 0.009765625 0.026041666666666668
1 0.583984375 0.4809027777777778 0.009765625 0.024305555555555556
1 0.60888671875 0.4800347222222222 0.0087890625 0.022569444444444444
0 0.64453125 0.4852430555555556 0.009765625 0.029513888888888888
0 0.7861328125 0.4869791666666667 0.009765625 0.029513888888888888
0 0.7685546875 0.484375 0.0078125 0.024305555555555556
1 0.93505859375 0.4939236111111111 0.0107421875 0.03298611111111111
1 0.91796875 0.4921875 0.009765625 0.029513888888888888
1 0.91162109375 0.4887152777777778 0.0068359375 0.029513888888888888
1 0.8984375 0.4852430555555556 0.005859375 0.022569444444444444
1 0.88037109375 0.4835069444444444 0.0048828125 0.022569444444444444
1 0.87158203125 0.484375 0.0048828125 0.017361111111111112
0 0.74609375 0.4748263888888889 0.005859375 0.015625
0 0.7392578125 0.4774305555555556 0.005859375 0.017361111111111112