0 0.9658203125 0.6727430555555556 0.06640625 0.2552083333333333
0 0.4521484375 0.5494791666666666 0.06640625 0.1371527777777778
1 0.814453125 0.5138888888888888 0.04296875 0.10069444444444445
1 0.51025390625 0.4704861111111111 0.0263671875 0.0625
0 0.06884765625 0.4887152777777778 0.0361328125 0.078125
0 0.19189453125 0.4878472222222222 0.0322265625 0.07291666666666667
0 0.1669921875 0.4678819444444444 0.0234375 0.05381944444444445
0 0.009765625 0.4739583333333333 0.01953125 0.059027777777777776
0 0.12158203125 0.4565972222222222 0.0205078125 0.04513888888888889
1 0.365234375 0.4592013888888889 0.01953125 0.03993055555555555
1 0.28662109375 0.4487847222222222 0.0126953125 0.03298611111111111
1 0.24267578125 0.4392361111111111 0.0107421875 0.027777777777777776
1 0.216796875 0.4322916666666667 0.009765625 0.024305555555555556
1 0.17724609375 0.4296875 0.0087890625 0.022569444444444444
0 0.10205078125 0.4453125 0.0126953125 0.03993055555555555
0 0.0654296875 0.4314236111111111 0.009765625 0.026041666666666668
0 0.0126953125 0.4574652777777778 0.01171875 0.03993055555555555
0 0.021484375 0.4435763888888889 0.01171875 0.036458333333333336
0 0.11328125 0.4366319444444444 0.009765625 0.029513888888888888