1 0.2080078125 0.5338541666666666 0.0625 0.10590277777777778
1 0.38671875 0.4939236111111111 0.017578125 0.043402777777777776
1 0.44287109375 0.4887152777777778 0.0107421875 0.026041666666666668
0 0.98388671875 0.7300347222222222 0.0322265625 0.06770833333333333
0 0.712890625 0.5720486111111112 0.017578125 0.043402777777777776
0 0.638671875 0.5338541666666666 0.009765625 0.026041666666666668
0 0.6025390625 0.5138888888888888 0.0078125 0.020833333333333332
0 0.58154296875 0.5026041666666666 0.0068359375 0.015625
0 0.5654296875 0.4956597222222222 0.00390625 0.012152777777777778
1 0.458984375 0.4826388888888889 0.0078125 0.017361111111111112
1 0.47119140625 0.4791666666666667 0.0048828125 0.013888888888888888
1 0.47802734375 0.4774305555555556 0.0029296875 0.010416666666666666