1 0.2568359375 0.6258680555555556 0.076171875 0.140625
0 0.97265625 0.6519097222222222 0.0546875 0.16493055555555555
0 0.85009765625 0.5677083333333334 0.0341796875 0.052083333333333336
0 0.76904296875 0.5486111111111112 0.0263671875 0.059027777777777776
1 0.52197265625 0.5286458333333334 0.0185546875 0.043402777777777776
0 0.7431640625 0.5355902777777778 0.01953125 0.046875
0 0.7158203125 0.5269097222222222 0.017578125 0.03993055555555555
0 0.73291015625 0.5173611111111112 0.0126953125 0.034722222222222224
1 0.6083984375 0.5190972222222222 0.013671875 0.034722222222222224
1 0.630859375 0.5173611111111112 0.013671875 0.03125
0 0.90185546875 0.5269097222222222 0.0166015625 0.03993055555555555
1 0.65673828125 0.5112847222222222 0.0087890625 0.026041666666666668
1 0.69970703125 0.5052083333333334 0.0068359375 0.017361111111111112
0 0.8125 0.5173611111111112 0.01171875 0.03125
0 0.7919921875 0.5138888888888888 0.0078125 0.027777777777777776
0 0.79736328125 0.5112847222222222 0.0068359375 0.022569444444444444
0 0.861328125 0.5199652777777778 0.01171875 0.029513888888888888
0 0.85107421875 0.5104166666666666 0.0087890625 0.027777777777777776
0 0.837890625 0.5026041666666666 0.005859375 0.019097222222222224
1 0.98779296875 0.5199652777777778 0.0087890625 0.019097222222222224
1 0.96435546875 0.515625 0.0087890625 0.020833333333333332