0 0.296875 0.2803819444444444 0.037109375 0.050347222222222224
0 0.7685546875 0.2543402777777778 0.01953125 0.036458333333333336
1 0.65869140625 0.3385416666666667 0.0458984375 0.1076388888888889
1 0.564453125 0.2951388888888889 0.037109375 0.08333333333333333
1 0.63916015625 0.2673611111111111 0.0302734375 0.06944444444444445
1 0.751953125 0.2508680555555556 0.025390625 0.06076388888888889
1 0.806640625 0.2361111111111111 0.021484375 0.052083333333333336
1 0.51611328125 0.20833333333333334 0.0126953125 0.03819444444444445
1 0.56201171875 0.1935763888888889 0.0126953125 0.03298611111111111
1 0.66357421875 0.20052083333333334 0.0146484375 0.036458333333333336
1 0.732421875 0.20572916666666666 0.015625 0.03993055555555555
0 0.37646484375 0.2595486111111111 0.0361328125 0.046875
0 0.40673828125 0.21614583333333334 0.0244140625 0.029513888888888888
0 0.546875 0.22916666666666666 0.01953125 0.04861111111111111
0 0.6044921875 0.21961805555555555 0.015625 0.043402777777777776
0 0.49462890625 0.2387152777777778 0.0185546875 0.050347222222222224
0 0.50732421875 0.23958333333333334 0.0166015625 0.034722222222222224
0 0.48388671875 0.24131944444444445 0.0107421875 0.034722222222222224
0 0.47900390625 0.20399305555555555 0.0126953125 0.03298611111111111
0 0.42041015625 0.203125 0.0146484375 0.020833333333333332
0 0.376953125 0.19270833333333334 0.009765625 0.027777777777777776
1 0.50537109375 0.1857638888888889 0.0087890625 0.024305555555555556
1 0.48583984375 0.1814236111111111 0.0068359375 0.019097222222222224
1 0.466796875 0.1736111111111111 0.005859375 0.020833333333333332
1 0.4560546875 0.1762152777777778 0.009765625 0.015625
0 0.353515625 0.1840277777777778 0.005859375 0.024305555555555556
0 0.32080078125 0.17447916666666666 0.0068359375 0.015625
0 0.349609375 0.17100694444444445 0.005859375 0.012152777777777778
1 0.3955078125 0.1762152777777778 0.005859375 0.012152777777777778
1 0.41015625 0.1753472222222222 0.005859375 0.013888888888888888
1 0.427734375 0.17447916666666666 0.005859375 0.015625