1 0.12460691823899371 0.8409722222222222 0.09512578616352202 0.18194444444444444
1 0.29638364779874216 0.40347222222222223 0.04245283018867924 0.09583333333333334
1 0.3466981132075472 0.27569444444444446 0.029874213836477988 0.07083333333333333
1 0.39544025157232704 0.1638888888888889 0.020440251572327043 0.05277777777777778
0 0.4209905660377358 0.1125 0.01650943396226415 0.041666666666666664
0 0.5676100628930818 0.06875 0.014150943396226415 0.0375
0 0.6305031446540881 0.09027777777777778 0.01729559748427673 0.041666666666666664
0 0.6599842767295597 0.1375 0.02437106918238994 0.05277777777777778
0 0.690251572327044 0.17222222222222222 0.025157232704402517 0.06111111111111111
0 0.7205188679245284 0.24097222222222223 0.03223270440251572 0.0763888888888889
1 0.7708333333333334 0.3611111111111111 0.05110062893081761 0.10277777777777777