1 0.7806603773584906 0.2847222222222222 0.025157232704402517 0.05277777777777778
0 0.6544811320754716 0.25833333333333336 0.013364779874213837 0.044444444444444446
1 0.6446540880503144 0.2638888888888889 0.01729559748427673 0.044444444444444446
1 0.547562893081761 0.24791666666666667 0.014937106918238994 0.0375
1 0.5 0.24027777777777778 0.014150943396226415 0.03333333333333333
1 0.4441823899371069 0.23125 0.014150943396226415 0.03194444444444444
1 0.4115566037735849 0.22708333333333333 0.01179245283018868 0.029166666666666667
0 0.13011006289308177 0.25277777777777777 0.01650943396226415 0.041666666666666664
0 0.1474056603773585 0.26458333333333334 0.019654088050314465 0.04861111111111111
0 0.18828616352201258 0.2902777777777778 0.02437106918238994 0.058333333333333334
0 0.2240566037735849 0.3125 0.031446540880503145 0.06944444444444445
0 0.3113207547169811 0.3625 0.04559748427672956 0.09444444444444444