1 0.2389937106918239 0.6784722222222223 0.03459119496855346 0.06805555555555555
1 0.2755503144654088 0.6541666666666667 0.025943396226415096 0.05555555555555555
1 0.3235062893081761 0.6277777777777778 0.018081761006289308 0.044444444444444446
0 0.35062893081761004 0.6020833333333333 0.009433962264150943 0.03194444444444444
1 0.3553459119496855 0.6145833333333334 0.015723270440251572 0.04027777777777778
1 0.3793238993710692 0.6006944444444444 0.013364779874213837 0.03194444444444444
1 0.3946540880503145 0.5916666666666667 0.0110062893081761 0.027777777777777776
0 0.7963836477987422 0.64375 0.029874213836477988 0.05694444444444444
0 0.7464622641509434 0.6215277777777778 0.02279874213836478 0.04583333333333333
0 0.7004716981132075 0.6097222222222223 0.01729559748427673 0.03611111111111111
0 0.6788522012578616 0.6 0.013364779874213837 0.03333333333333333
0 0.652122641509434 0.5916666666666667 0.01179245283018868 0.027777777777777776