1 0.3561320754716981 0.6631944444444444 0.006289308176100629 0.020833333333333332
1 0.3608490566037736 0.6715277777777777 0.009433962264150943 0.02361111111111111
0 0.38443396226415094 0.6770833333333334 0.009433962264150943 0.02638888888888889
0 0.4033018867924528 0.6854166666666667 0.0110062893081761 0.029166666666666667
0 0.4461477987421384 0.6930555555555555 0.01179245283018868 0.030555555555555555
1 0.4669811320754717 0.6548611111111111 0.009433962264150943 0.020833333333333332
1 0.4815251572327044 0.6604166666666667 0.008647798742138365 0.02361111111111111
1 0.5031446540880503 0.6652777777777777 0.009433962264150943 0.025
1 0.5628930817610063 0.6833333333333333 0.012578616352201259 0.030555555555555555
0 0.5852987421383647 0.7166666666666667 0.01650943396226415 0.044444444444444446
0 0.6930031446540881 0.7097222222222223 0.01650943396226415 0.041666666666666664
0 0.7079402515723271 0.6840277777777778 0.010220125786163521 0.03194444444444444