1 0.1544811320754717 0.7319444444444444 0.05267295597484277 0.09444444444444444
1 0.21855345911949686 0.6902777777777778 0.036163522012578615 0.075
1 0.29127358490566035 0.6479166666666667 0.02279874213836478 0.05416666666666667
1 0.3333333333333333 0.6298611111111111 0.018867924528301886 0.04583333333333333
1 0.36556603773584906 0.6104166666666667 0.015723270440251572 0.0375
1 0.38443396226415094 0.5979166666666667 0.014150943396226415 0.03194444444444444
0 0.875 0.6944444444444444 0.03930817610062893 0.07222222222222222
0 0.7979559748427673 0.6555555555555556 0.029874213836477988 0.05555555555555555
0 0.7354559748427673 0.6347222222222222 0.02122641509433962 0.044444444444444446
0 0.7059748427672956 0.6208333333333333 0.018867924528301886 0.03888888888888889
0 0.672562893081761 0.6069444444444444 0.013364779874213837 0.03333333333333333
0 0.33726415094339623 0.6111111111111112 0.0110062893081761 0.03888888888888889