0 0.2205188679245283 0.47847222222222224 0.008647798742138365 0.020833333333333332
0 0.23388364779874213 0.4708333333333333 0.008647798742138365 0.022222222222222223
0 0.2916666666666667 0.4666666666666667 0.007861635220125786 0.022222222222222223
1 0.3376572327044025 0.4791666666666667 0.008647798742138365 0.025
0 0.41823899371069184 0.46875 0.007861635220125786 0.02361111111111111
0 0.4854559748427673 0.47152777777777777 0.010220125786163521 0.02638888888888889
1 0.4540094339622642 0.49166666666666664 0.010220125786163521 0.027777777777777776
1 0.5169025157232704 0.49722222222222223 0.01179245283018868 0.030555555555555555
0 0.5448113207547169 0.4756944444444444 0.009433962264150943 0.02638888888888889
1 0.714622641509434 0.4888888888888889 0.006289308176100629 0.030555555555555555
1 0.60062893081761 0.5097222222222222 0.007861635220125786 0.030555555555555555