1 0.49410377358490565 0.7131944444444445 0.008647798742138365 0.029166666666666667
1 0.47327044025157233 0.7083333333333334 0.0110062893081761 0.025
1 0.4547955974842767 0.7055555555555556 0.010220125786163521 0.025
0 0.39504716981132076 0.7 0.007075471698113208 0.019444444444444445
0 0.5373427672955975 0.6923611111111111 0.008647798742138365 0.020833333333333332
0 0.5648584905660378 0.6930555555555555 0.01179245283018868 0.025
1 0.6477987421383647 0.6958333333333333 0.012578616352201259 0.027777777777777776
1 0.6088836477987422 0.6930555555555555 0.010220125786163521 0.025
1 0.4268867924528302 0.7020833333333333 0.009433962264150943 0.020833333333333332
0 0.5007861635220126 0.6923611111111111 0.007861635220125786 0.020833333333333332
0 0.36242138364779874 0.70625 0.007861635220125786 0.018055555555555554