1 0.5719339622641509 0.525 0.008647798742138365 0.019444444444444445
1 0.6513364779874213 0.5270833333333333 0.008647798742138365 0.02361111111111111
1 0.6682389937106918 0.5152777777777777 0.009433962264150943 0.022222222222222223
1 0.6430817610062893 0.5375 0.009433962264150943 0.025
0 0.6867138364779874 0.5972222222222222 0.018081761006289308 0.044444444444444446
0 0.5656446540880503 0.6409722222222223 0.019654088050314465 0.04861111111111111
1 0.6065251572327044 0.5736111111111111 0.013364779874213837 0.03333333333333333
1 0.5444182389937107 0.5375 0.008647798742138365 0.022222222222222223
0 0.5338050314465409 0.5472222222222223 0.009433962264150943 0.025
0 0.5165094339622641 0.5618055555555556 0.0110062893081761 0.02638888888888889
0 0.5078616352201258 0.5770833333333333 0.014150943396226415 0.029166666666666667
0 0.48742138364779874 0.63125 0.018867924528301886 0.043055555555555555