0 0.6855345911949685 0.5736111111111111 0.012578616352201259 0.030555555555555555
0 0.6666666666666666 0.5597222222222222 0.0110062893081761 0.027777777777777776
0 0.6446540880503144 0.5513888888888889 0.009433962264150943 0.025
0 0.6332547169811321 0.5444444444444444 0.008647798742138365 0.022222222222222223
0 0.6179245283018868 0.5368055555555555 0.007861635220125786 0.020833333333333332
0 0.4221698113207547 0.5694444444444444 0.009433962264150943 0.022222222222222223
1 0.41273584905660377 0.6243055555555556 0.0110062893081761 0.03194444444444444
1 0.41509433962264153 0.6104166666666667 0.009433962264150943 0.029166666666666667
1 0.43278301886792453 0.5791666666666667 0.010220125786163521 0.025
1 0.4229559748427673 0.5909722222222222 0.009433962264150943 0.02638888888888889
1 0.43907232704402516 0.5666666666666667 0.008647798742138365 0.022222222222222223
1 0.4430031446540881 0.5555555555555556 0.00550314465408805 0.019444444444444445