1 0.37303459119496857 0.58125 0.008647798742138365 0.02361111111111111
1 0.3710691823899371 0.5729166666666666 0.007861635220125786 0.020833333333333332
0 0.3958333333333333 0.5909722222222222 0.008647798742138365 0.02361111111111111
0 0.41273584905660377 0.6013888888888889 0.0110062893081761 0.027777777777777776
0 0.45361635220125784 0.6138888888888889 0.0110062893081761 0.030555555555555555
1 0.4779874213836478 0.5666666666666667 0.007861635220125786 0.019444444444444445
1 0.49174528301886794 0.5756944444444444 0.007075471698113208 0.020833333333333332
1 0.5117924528301887 0.5833333333333334 0.007861635220125786 0.022222222222222223
1 0.5672169811320755 0.6090277777777777 0.01179245283018868 0.029166666666666667
0 0.5845125786163522 0.6520833333333333 0.01650943396226415 0.04027777777777778
0 0.6910377358490566 0.6506944444444445 0.015723270440251572 0.04027777777777778
0 0.7083333333333334 0.6194444444444445 0.014150943396226415 0.03333333333333333