1 0.3278301886792453 0.2791666666666667 0.0110062893081761 0.03333333333333333
1 0.32272012578616355 0.30416666666666664 0.018081761006289308 0.041666666666666664
1 0.3125 0.34097222222222223 0.02122641509433962 0.05138888888888889
1 0.2908805031446541 0.3798611111111111 0.025157232704402517 0.0625
0 0.2897012578616352 0.3090277777777778 0.019654088050314465 0.043055555555555555
1 0.26257861635220126 0.4666666666666667 0.03459119496855346 0.08888888888888889
1 0.24882075471698112 0.5611111111111111 0.05267295597484277 0.11388888888888889
0 0.625 0.26666666666666666 0.01729559748427673 0.03333333333333333
0 0.6729559748427673 0.2861111111111111 0.018867924528301886 0.03888888888888889
0 0.7161949685534591 0.3055555555555556 0.02358490566037736 0.044444444444444446
0 0.7999213836477987 0.33541666666666664 0.02908805031446541 0.05416666666666667
0 0.904874213836478 0.3854166666666667 0.03930817610062893 0.06805555555555555