1 0.25157232704402516 0.6125 0.026729559748427674 0.06111111111111111
1 0.279874213836478 0.5944444444444444 0.0220125786163522 0.05277777777777778
1 0.32272012578616355 0.5729166666666666 0.014937106918238994 0.04027777777777778
0 0.3443396226415094 0.5513888888888889 0.009433962264150943 0.03333333333333333
1 0.35023584905660377 0.5631944444444444 0.014937106918238994 0.034722222222222224
1 0.37264150943396224 0.5513888888888889 0.012578616352201259 0.030555555555555555
1 0.3863993710691824 0.54375 0.010220125786163521 0.02638888888888889
0 0.6316823899371069 0.5458333333333333 0.01179245283018868 0.027777777777777776
0 0.654874213836478 0.5534722222222223 0.014150943396226415 0.03194444444444444
0 0.6741352201257862 0.5618055555555556 0.014937106918238994 0.034722222222222224
0 0.7134433962264151 0.5708333333333333 0.02122641509433962 0.041666666666666664
0 0.7539308176100629 0.5888888888888889 0.025157232704402517 0.05