1 0.622248427672956 0.7201388888888889 0.01179245283018868 0.029166666666666667
1 0.5833333333333334 0.7138888888888889 0.009433962264150943 0.025
0 0.5397012578616353 0.7097222222222223 0.010220125786163521 0.025
0 0.512185534591195 0.7083333333333334 0.008647798742138365 0.022222222222222223
0 0.47523584905660377 0.70625 0.007075471698113208 0.020833333333333332
1 0.46855345911949686 0.7354166666666667 0.007861635220125786 0.029166666666666667
1 0.44772012578616355 0.7263888888888889 0.010220125786163521 0.025
1 0.42924528301886794 0.7215277777777778 0.009433962264150943 0.02361111111111111
1 0.4013364779874214 0.7131944444444445 0.00550314465408805 0.018055555555555554
0 0.3694968553459119 0.7083333333333334 0.006289308176100629 0.016666666666666666
0 0.33647798742138363 0.7145833333333333 0.006289308176100629 0.018055555555555554
0 0.4119496855345912 0.7041666666666667 0.006289308176100629 0.016666666666666666