0 0.07900943396226415 0.5819444444444445 0.008647798742138365 0.025
0 0.1474056603773585 0.5743055555555555 0.007075471698113208 0.02361111111111111
0 0.06485849056603774 0.5930555555555556 0.008647798742138365 0.025
1 0.20361635220125787 0.5868055555555556 0.0110062893081761 0.02638888888888889
0 0.29009433962264153 0.5715277777777777 0.009433962264150943 0.02361111111111111
1 0.3341194968553459 0.59375 0.012578616352201259 0.029166666666666667
0 0.362814465408805 0.5715277777777777 0.010220125786163521 0.02638888888888889
1 0.4013364779874214 0.5972222222222222 0.013364779874213837 0.030555555555555555
0 0.42492138364779874 0.5729166666666666 0.010220125786163521 0.02638888888888889
1 0.5023584905660378 0.5743055555555555 0.009433962264150943 0.02638888888888889
1 0.49174528301886794 0.6034722222222222 0.014937106918238994 0.03194444444444444
1 0.5904088050314465 0.5777777777777777 0.009433962264150943 0.027777777777777776