1 0.4736635220125786 0.5034722222222222 0.00550314465408805 0.018055555555555554
1 0.46855345911949686 0.5138888888888888 0.007861635220125786 0.019444444444444445
1 0.4606918238993711 0.5263888888888889 0.007861635220125786 0.022222222222222223
0 0.452437106918239 0.5166666666666667 0.007075471698113208 0.019444444444444445
1 0.449685534591195 0.5375 0.007861635220125786 0.025
1 0.4382861635220126 0.5569444444444445 0.008647798742138365 0.027777777777777776
1 0.4335691823899371 0.5694444444444444 0.008647798742138365 0.030555555555555555
0 0.648191823899371 0.48333333333333334 0.007075471698113208 0.019444444444444445
0 0.6615566037735849 0.4909722222222222 0.007075471698113208 0.020833333333333332
0 0.6713836477987422 0.4979166666666667 0.009433962264150943 0.02361111111111111
0 0.6906446540880503 0.50625 0.010220125786163521 0.02638888888888889
0 0.7067610062893082 0.51875 0.012578616352201259 0.029166666666666667