0 0.4186320754716981 0.37222222222222223 0.010220125786163521 0.027777777777777776
0 0.4811320754716981 0.36666666666666664 0.009433962264150943 0.025
1 0.5070754716981132 0.37916666666666665 0.009433962264150943 0.03333333333333333
0 0.5444182389937107 0.36875 0.008647798742138365 0.02638888888888889
0 0.6367924528301887 0.3798611111111111 0.014150943396226415 0.034722222222222224
0 0.7032232704402516 0.3909722222222222 0.01650943396226415 0.04583333333333333
0 0.7629716981132075 0.4041666666666667 0.02122641509433962 0.05277777777777778
1 0.8879716981132075 0.4284722222222222 0.030660377358490566 0.06805555555555555
1 0.5176886792452831 0.4013888888888889 0.018081761006289308 0.04722222222222222
1 0.5310534591194969 0.4201388888888889 0.01650943396226415 0.059722222222222225
1 0.539308176100629 0.4597222222222222 0.036163522012578615 0.08611111111111111