0 0.375 0.43819444444444444 0.015723270440251572 0.03194444444444444
0 0.4339622641509434 0.4361111111111111 0.012578616352201259 0.027777777777777776
0 0.4724842767295597 0.43472222222222223 0.012578616352201259 0.025
0 0.5086477987421384 0.4305555555555556 0.0110062893081761 0.025
0 0.5424528301886793 0.43125 0.0110062893081761 0.02361111111111111
1 0.6434748427672956 0.4479166666666667 0.018081761006289308 0.04027777777777778
1 0.6819968553459119 0.44305555555555554 0.014937106918238994 0.03611111111111111
0 0.7122641509433962 0.44305555555555554 0.015723270440251572 0.03611111111111111
1 0.7362421383647799 0.4388888888888889 0.01179245283018868 0.027777777777777776
1 0.7562893081761006 0.4375 0.009433962264150943 0.025
1 0.7629716981132075 0.43680555555555556 0.010220125786163521 0.02361111111111111