1 0.5707547169811321 0.49444444444444446 0.009433962264150943 0.025
1 0.5176886792452831 0.4861111111111111 0.008647798742138365 0.022222222222222223
0 0.4658018867924528 0.48055555555555557 0.007075471698113208 0.022222222222222223
1 0.43474842767295596 0.5055555555555555 0.0110062893081761 0.027777777777777776
0 0.42845911949685533 0.47638888888888886 0.006289308176100629 0.019444444444444445
1 0.3946540880503145 0.49583333333333335 0.009433962264150943 0.025
0 0.38325471698113206 0.47291666666666665 0.00550314465408805 0.018055555555555554
1 0.36242138364779874 0.49027777777777776 0.007861635220125786 0.022222222222222223
1 0.30778301886792453 0.4791666666666667 0.007075471698113208 0.019444444444444445
0 0.3007075471698113 0.46944444444444444 0.00550314465408805 0.016666666666666666
0 0.25471698113207547 0.4708333333333333 0.0047169811320754715 0.016666666666666666
0 0.22720125786163523 0.47708333333333336 0.0047169811320754715 0.018055555555555554