0 0.16863207547169812 0.3729166666666667 0.03852201257861635 0.0763888888888889
0 0.22995283018867924 0.27291666666666664 0.027515723270440252 0.05694444444444444
0 0.264937106918239 0.22430555555555556 0.0220125786163522 0.04861111111111111
0 0.28773584905660377 0.17916666666666667 0.01729559748427673 0.041666666666666664
0 0.3117138364779874 0.15208333333333332 0.014937106918238994 0.0375
1 0.6077044025157232 0.11597222222222223 0.0110062893081761 0.03194444444444444
1 0.6261792452830188 0.1284722222222222 0.013364779874213837 0.034722222222222224
1 0.6525157232704403 0.15486111111111112 0.015723270440251572 0.04027777777777778
1 0.6737421383647799 0.18333333333333332 0.020440251572327043 0.044444444444444446
1 0.726808176100629 0.2375 0.025943396226415096 0.058333333333333334
0 0.7566823899371069 0.22708333333333333 0.02437106918238994 0.05416666666666667
1 0.8238993710691824 0.3277777777777778 0.03773584905660377 0.075